20.00000 484.586
20.01000 485.327
20.02000 486.174
20.03000 486.222
20.04000 483.129
20.05000 479.717
20.06000 477.199
20.07000 481.474
20.08000 485.070
20.09000 488.334
20.10000 490.991
20.11000 493.636
20.12000 489.436
20.13000 476.901
20.14000 464.371
20.15000 460.203
20.16000 462.633
20.17000 465.055
20.18000 467.128
20.19000 469.017
20.20000 470.922
20.21000 473.113
20.22000 475.407
20.23000 477.519
20.24000 474.709
20.25000 471.117
20.26000 467.923
20.27000 467.018
20.28000 466.479
20.29000 466.772
20.30000 470.224
20.31000 473.982
20.32000 476.725
20.33000 464.427
20.34000 454.360
20.35000 452.450
20.36000 464.855
20.37000 477.526
20.38000 482.252
20.39000 477.671
20.40000 473.086
20.41000 469.762
20.42000 467.411
20.43000 465.109
20.44000 464.663
20.45000 465.168
20.46000 465.637
20.47000 465.537
20.48000 465.238
20.49000 464.964
20.50000 467.533
20.51000 470.419
20.52000 472.540
20.53000 470.431
20.54000 467.673
20.55000 466.422
20.56000 470.684
20.57000 475.454
20.58000 478.900
20.59000 468.880
20.60000 460.708
20.61000 454.965
20.62000 453.337
20.63000 451.776
20.64000 450.335
20.65000 449.028
20.66000 447.727
20.67000 452.076
20.68000 460.498
20.69000 468.685
20.70000 468.676
20.71000 464.614
20.72000 461.063
20.73000 465.285
20.74000 472.132
20.75000 478.379
20.76000 470.207
20.77000 460.050
20.78000 451.690
20.79000 452.876
20.80000 455.465
20.81000 457.422
20.82000 457.151
20.83000 456.684
20.84000 456.351
20.85000 455.760
20.86000 455.300
20.87000 454.600
20.88000 453.506
20.89000 452.406
20.90000 455.594
20.91000 463.424
20.92000 471.223
20.93000 471.851
20.94000 467.459
20.95000 463.103
20.96000 459.894
20.97000 457.233
20.98000 454.515
20.99000 450.999
21.00000 447.223
21.01000 443.793
21.02000 452.943
21.03000 463.457
21.04000 470.331
21.05000 458.606
21.06000 444.264
21.07000 437.265
21.08000 455.254
21.09000 475.309
21.10000 489.486
21.11000 471.332
21.12000 456.552
21.13000 447.809
21.14000 448.576
21.15000 449.459
21.16000 455.054
21.17000 465.549
21.18000 475.988
21.19000 470.360
21.20000 454.000
21.21000 438.255
21.22000 440.361
21.23000 450.703
21.24000 460.620
21.25000 464.835
21.26000 467.256
21.27000 469.443
21.28000 471.768
21.29000 473.838
21.30000 475.942
21.31000 478.216
21.32000 480.512
21.33000 481.050
21.34000 475.813
21.35000 470.124
21.36000 466.147
21.37000 460.820
21.38000 456.756
21.39000 453.202
21.40000 450.422
21.41000 447.649
21.42000 448.569
21.43000 453.174
21.44000 457.751
21.45000 458.900
21.46000 457.817
21.47000 456.907
21.48000 460.623
21.49000 466.401
21.50000 472.003
21.51000 475.384
21.52000 478.091
21.53000 480.524
21.54000 473.014
21.55000 464.672
21.56000 458.105
21.57000 459.930
21.58000 462.836
21.59000 465.405
21.60000 466.906
21.61000 468.328
21.62000 469.310
21.63000 471.858
21.64000 473.813
21.65000 477.026
21.66000 482.081
21.67000 487.151
21.68000 487.887
21.69000 484.467
21.70000 481.073
21.71000 479.824
21.72000 479.929
21.73000 479.833
21.74000 474.774
21.75000 467.582
21.76000 461.204
21.77000 464.637
21.78000 470.944
21.79000 476.585
21.80000 478.596
21.81000 479.733
21.82000 481.951
21.83000 489.088
21.84000 496.831
21.85000 502.355
21.86000 501.089
21.87000 499.350
21.88000 498.163
21.89000 509.368
21.90000 518.039
21.91000 523.948
21.92000 525.960
21.93000 527.942
21.94000 525.574
21.95000 519.204
21.96000 512.889
21.97000 524.809
21.98000 547.411
21.99000 569.142
22.00000 571.068
22.01000 564.766
22.02000 558.686
22.03000 555.116
22.04000 552.257
22.05000 549.713
22.06000 559.039
22.07000 569.067
22.08000 576.079
22.09000 569.872
22.10000 562.112
22.11000 556.603
22.12000 557.738
22.13000 559.308
22.14000 560.368
22.15000 560.475
22.16000 560.534
22.17000 556.111
22.18000 545.590
22.19000 535.039
22.20000 528.660
22.21000 525.974
22.22000 523.315
22.23000 517.691
22.24000 510.484
22.25000 503.588
22.26000 503.267
22.27000 505.582
22.28000 507.635
22.29000 506.838
22.30000 505.266
22.31000 503.874
22.32000 493.829
22.33000 483.799
22.34000 474.985
22.35000 471.310
22.36000 468.209
22.37000 467.334
22.38000 472.803
22.39000 478.663
22.40000 482.567
22.41000 463.669
22.42000 449.246
22.43000 444.236
22.44000 451.558
22.45000 458.929
22.46000 463.086
22.47000 464.507
22.48000 465.912
22.49000 465.173
22.50000 463.266
22.51000 461.380
22.52000 459.904
22.53000 458.587
22.54000 457.917
22.55000 463.893
22.56000 471.617
22.57000 478.410
22.58000 467.604
22.59000 455.683
22.60000 447.265
22.61000 453.101
22.62000 460.456
22.63000 463.741
22.64000 455.820
22.65000 447.253
22.66000 441.618
22.67000 435.223
22.68000 430.500
22.69000 430.672
22.70000 437.016
22.71000 443.364
22.72000 443.425
22.73000 438.338
22.74000 433.319
22.75000 433.987
22.76000 437.668
22.77000 441.225
22.78000 442.522
22.79000 442.973
22.80000 443.290
22.81000 442.290
22.82000 440.957
22.83000 439.791
22.84000 442.784
22.85000 445.939
22.86000 447.025
22.87000 439.991
22.88000 432.133
22.89000 427.121
22.90000 429.674
22.91000 432.634
22.92000 434.556
22.93000 437.050
22.94000 438.885
22.95000 437.493
22.96000 432.184
22.97000 426.881
22.98000 426.019
22.99000 428.654
23.00000 431.249
23.01000 432.258
23.02000 432.422
23.03000 432.464
23.04000 430.417
23.05000 427.615
23.06000 425.751
23.07000 432.598
23.08000 441.573
23.09000 449.375
23.10000 439.585
23.11000 428.841
23.12000 421.281
23.13000 425.755
23.14000 431.391
23.15000 435.511
23.16000 435.738
23.17000 435.770
23.18000 435.790
23.19000 422.132
23.20000 411.999
23.21000 409.233
23.22000 415.072
23.23000 420.918
23.24000 425.643
23.25000 429.518
23.26000 433.326
23.27000 429.131
23.28000 421.123
23.29000 413.797
23.30000 417.435
23.31000 424.897
23.32000 431.638
23.33000 431.997
23.34000 430.854
23.35000 429.867
23.36000 434.011
23.37000 438.196
23.38000 440.417
23.39000 435.481
23.40000 429.889
23.41000 427.260
23.42000 431.976
23.43000 437.036
23.44000 440.233
23.45000 434.539
23.46000 430.309
23.47000 426.876
23.48000 424.337
23.49000 421.830
23.50000 424.473
23.51000 430.878
23.52000 437.162
23.53000 439.260
23.54000 439.292
23.55000 439.499
23.56000 442.356
23.57000 446.107
23.58000 448.750
23.59000 442.034
23.60000 433.197
23.61000 425.609
23.62000 423.325
23.63000 422.050
23.64000 422.362
23.65000 428.254
23.66000 434.631
23.67000 440.264
23.68000 444.115
23.69000 447.889
23.70000 450.239
23.71000 446.645
23.72000 443.994
23.73000 444.065
23.74000 447.074
23.75000 450.080
23.76000 452.565
23.77000 454.683
23.78000 456.756
23.79000 460.864
23.80000 465.740
23.81000 470.079
23.82000 466.770
23.83000 460.977
23.84000 457.356
23.85000 471.265
23.86000 489.000
23.87000 504.130
23.88000 499.226
23.89000 492.734
23.90000 486.500
23.91000 481.144
23.92000 475.861
23.93000 472.945
23.94000 475.505
23.95000 478.283
23.96000 479.989
23.97000 490.034
23.98000 497.305
23.99000 502.146
24.00000 504.468
24.01000 506.692
24.02000 498.066
24.03000 482.078
24.04000 466.462
24.05000 461.203
24.06000 460.729
24.07000 460.402
24.08000 462.031
24.09000 464.274
24.10000 466.561
24.11000 469.191
24.12000 471.893
24.13000 474.182
24.14000 473.781
24.15000 473.142
24.16000 472.022
24.17000 469.325
24.18000 466.505
24.19000 463.571
24.20000 460.379
24.21000 457.178
24.22000 455.243
24.23000 446.153
24.24000 439.624
24.25000 437.300
24.26000 439.161
24.27000 441.010
24.28000 441.715
24.29000 441.671
24.30000 441.629
24.31000 439.489
24.32000 436.559
24.33000 433.696
24.34000 431.696
24.35000 429.958
24.36000 428.172
24.37000 426.039
24.38000 423.835
24.39000 421.981
24.40000 425.395
24.41000 428.807
24.42000 429.530
24.43000 421.755
24.44000 413.355
24.45000 408.145
24.46000 409.809
24.47000 411.706
24.48000 412.836
24.49000 408.637
24.50000 405.630
24.51000 405.362
24.52000 407.710
24.53000 410.051
24.54000 411.838
24.55000 413.276
24.56000 414.674
24.57000 413.535
24.58000 411.418
24.59000 409.589
24.60000 411.221
24.61000 413.863
24.62000 415.426
24.63000 409.369
24.64000 401.831
24.65000 395.529
24.66000 391.189
24.67000 387.785
24.68000 386.683
24.69000 392.598
24.70000 399.000
24.71000 402.966
24.72000 401.864
24.73000 400.605
24.74000 399.867
24.75000 399.381
24.76000 399.039
24.77000 398.733
24.78000 398.460
24.79000 398.213
24.80000 399.752
24.81000 402.376
24.82000 404.922
24.83000 401.813
24.84000 396.650
24.85000 391.637
24.86000 388.332
24.87000 385.508
24.88000 383.192
24.89000 384.305
24.90000 386.058
24.91000 387.514
24.92000 402.153
24.93000 415.527
24.94000 424.153
24.95000 418.795
24.96000 412.526
24.97000 407.919
24.98000 406.651
24.99000 405.477
25.00000 404.800
25.01000 396.679
25.02000 390.969
25.03000 391.211
25.04000 396.703
25.05000 402.031
25.06000 397.606
25.07000 387.455
25.08000 377.638
25.09000 388.939
25.10000 407.581
25.11000 424.048
25.12000 417.086
25.13000 403.757
25.14000 392.088
25.15000 391.175
25.16000 392.192
25.17000 393.030
25.18000 387.397
25.19000 382.169
25.20000 379.251
25.21000 382.897
25.22000 386.946
25.23000 393.051
25.24000 403.147
25.25000 413.345
25.26000 419.132
25.27000 403.872
25.28000 393.195
25.29000 389.295
25.30000 391.142
25.31000 392.994
25.32000 395.135
25.33000 397.439
25.34000 399.661
25.35000 395.059
25.36000 388.251
25.37000 382.537
25.38000 388.013
25.39000 396.421
25.40000 403.123
25.41000 399.232
25.42000 393.515
25.43000 388.839
25.44000 385.841
25.45000 383.532
25.46000 383.541
25.47000 389.911
25.48000 396.646
25.49000 399.572
25.50000 395.364
25.51000 390.992
25.52000 388.553
25.53000 380.691
25.54000 375.261
25.55000 378.548
25.56000 388.946
25.57000 399.304
25.58000 407.745
25.59000 415.139
25.60000 422.249
25.61000 422.237
25.62000 419.736
25.63000 416.980
25.64000 411.748
25.65000 405.889
25.66000 400.293
25.67000 396.258
25.68000 392.482
25.69000 389.418
25.70000 392.794
25.71000 396.077
25.72000 397.622
25.73000 394.562
25.74000 391.256
25.75000 388.250
25.76000 385.789
25.77000 383.340
25.78000 381.997
25.79000 385.923
25.80000 388.622
25.81000 388.709
25.82000 386.745
25.83000 384.673
25.84000 378.092
25.85000 369.132
25.86000 360.542
25.87000 365.741
25.88000 375.231
25.89000 383.802
25.90000 383.860
25.91000 381.845
25.92000 381.171
25.93000 388.168
25.94000 396.383
25.95000 402.998
25.96000 395.729
25.97000 388.747
25.98000 385.187
25.99000 390.382
26.00000 396.016
26.01000 397.745
26.02000 392.662
26.03000 387.456
26.04000 384.654
26.05000 389.696
26.06000 393.120
26.07000 390.319
26.08000 382.811
26.09000 375.553
26.10000 377.755
26.11000 384.777
26.12000 391.487
26.13000 391.724
26.14000 389.851
26.15000 387.845
26.16000 384.672
26.17000 381.225
26.18000 377.399
26.19000 371.493
26.20000 365.270
26.21000 360.299
26.22000 369.133
26.23000 377.286
26.24000 383.884
26.25000 386.641
26.26000 389.219
26.27000 389.899
26.28000 387.384
26.29000 384.819
26.30000 383.463
26.31000 369.698
26.32000 360.424
26.33000 364.349
26.34000 377.889
26.35000 390.971
26.36000 388.327
26.37000 377.949
26.38000 368.063
26.39000 368.522
26.40000 372.163
26.41000 375.318
26.42000 374.379
26.43000 372.514
26.44000 372.227
26.45000 380.269
26.46000 389.526
26.47000 396.858
26.48000 387.568
26.49000 378.943
26.50000 373.770
26.51000 376.832
26.52000 380.249
26.53000 380.808
26.54000 376.725
26.55000 372.578
26.56000 370.429
26.57000 376.502
26.58000 380.581
26.59000 381.929
26.60000 381.362
26.61000 380.770
26.62000 379.408
26.63000 377.681
26.64000 376.041
26.65000 381.881
26.66000 389.508
26.67000 395.532
26.68000 388.678
26.69000 379.022
26.70000 371.411
26.71000 374.187
26.72000 378.414
26.73000 381.733
26.74000 380.625
26.75000 379.447
26.76000 379.349
26.77000 381.735
26.78000 384.221
26.79000 385.030
26.80000 383.211
26.81000 381.360
26.82000 380.420
26.83000 385.242
26.84000 388.416
26.85000 385.211
26.86000 377.690
26.87000 370.396
26.88000 369.583
26.89000 371.743
26.90000 373.786
26.91000 374.739
26.92000 375.302
26.93000 375.906
26.94000 376.829
26.95000 377.819
26.96000 378.379
26.97000 376.842
26.98000 375.025
26.99000 373.610
27.00000 376.804
27.01000 379.633
27.02000 380.409
27.03000 376.620
27.04000 372.662
27.05000 368.965
27.06000 365.660
27.07000 362.359
27.08000 363.320
27.09000 368.505
27.10000 373.614
27.11000 371.683
27.12000 365.160
27.13000 358.815
27.14000 357.143
27.15000 357.539
27.16000 357.913
27.17000 364.425
27.18000 372.085
27.19000 378.092
27.20000 371.959
27.21000 363.380
27.22000 357.881
27.23000 366.852
27.24000 377.671
27.25000 386.021
27.26000 377.416
27.27000 369.612
27.28000 363.929
27.29000 362.802
27.30000 361.828
27.31000 361.395
27.32000 361.751
27.33000 362.113
27.34000 362.145
27.35000 361.861
27.36000 361.642
27.37000 366.421
27.38000 374.344
27.39000 382.073
27.40000 385.066
27.41000 386.036
27.42000 386.946
27.43000 379.122
27.44000 369.666
27.45000 362.613
27.46000 372.447
27.47000 385.553
27.48000 393.840
27.49000 380.324
27.50000 364.146
27.51000 351.774
27.52000 353.987
27.53000 356.525
27.54000 360.227
27.55000 366.344
27.56000 372.535
27.57000 374.692
27.58000 371.189
27.59000 367.647
27.60000 366.306
27.61000 366.976
27.62000 367.686
27.63000 371.115
27.64000 376.193
27.65000 381.029
27.66000 380.459
27.67000 377.656
27.68000 375.034
27.69000 371.287
27.70000 367.595
27.71000 364.387
27.72000 364.434
27.73000 365.088
27.74000 365.857
27.75000 367.133
27.76000 368.467
27.77000 369.479
27.78000 366.990
27.79000 364.859
27.80000 361.725
27.81000 356.585
27.82000 351.389
27.83000 350.782
27.84000 356.378
27.85000 362.005
27.86000 365.349
27.87000 366.684
27.88000 367.954
27.89000 365.368
27.90000 360.525
27.91000 355.902
27.92000 355.861
27.93000 357.646
27.94000 359.309
27.95000 360.340
27.96000 361.117
27.97000 361.364
27.98000 358.186
27.99000 354.394
28.00000 350.045
28.01000 343.351
28.02000 336.397
28.03000 331.179
28.04000 338.633
28.05000 345.060
28.06000 350.448
28.07000 353.828
28.08000 357.158
28.09000 359.336
28.10000 360.016
28.11000 360.690
28.12000 361.825
28.13000 363.346
28.14000 364.848
28.15000 365.284
28.16000 365.118
28.17000 364.970
28.18000 365.156
28.19000 365.470
28.20000 365.762
28.21000 362.334
28.22000 358.370
28.23000 354.622
28.24000 352.211
28.25000 350.031
28.26000 348.320
28.27000 348.511
28.28000 348.903
28.29000 349.195
28.30000 359.182
28.31000 367.376
28.32000 370.432
28.33000 363.892
28.34000 357.133
28.35000 353.182
28.36000 352.750
28.37000 352.330
28.38000 355.752
28.39000 362.274
28.40000 368.585
28.41000 365.132
28.42000 356.357
28.43000 347.974
28.44000 346.713
28.45000 348.101
28.46000 349.383
28.47000 355.217
28.48000 361.481
28.49000 366.330
28.50000 362.773
28.51000 357.830
28.52000 354.043
28.53000 354.764
28.54000 355.938
28.55000 356.803
28.56000 355.759
28.57000 354.873
28.58000 354.292
28.59000 354.263
28.60000 354.245
28.61000 352.824
28.62000 349.713
28.63000 346.604
28.64000 342.870
28.65000 338.666
28.66000 334.724
28.67000 341.643
28.68000 354.275
28.69000 365.820
28.70000 358.935
28.71000 345.432
28.72000 333.012
28.73000 341.357
28.74000 353.317
28.75000 362.402
28.76000 355.098
28.77000 345.202
28.78000 337.189
28.79000 336.258
28.80000 336.005
28.81000 335.821
28.82000 337.325
28.83000 338.547
28.84000 341.514
28.85000 347.518
28.86000 353.577
28.87000 357.508
28.88000 358.971
28.89000 360.426
28.90000 360.279
28.91000 358.931
28.92000 357.471
28.93000 351.806
28.94000 344.003
28.95000 336.915
28.96000 341.181
28.97000 349.383
28.98000 356.892
28.99000 357.633
29.00000 356.883
29.01000 355.164
29.02000 348.136
29.03000 340.303
29.04000 334.463
29.05000 335.845
29.06000 337.884
29.07000 339.353
29.08000 345.166
29.09000 349.772
29.10000 352.657
29.11000 352.650
29.12000 352.598
29.13000 354.904
29.14000 359.841
29.15000 364.763
29.16000 361.047
29.17000 351.146
29.18000 341.545
29.19000 342.122
29.20000 347.689
29.21000 352.911
29.22000 352.952
29.23000 351.259
29.24000 349.716
29.25000 342.932
29.26000 335.875
29.27000 330.776
29.28000 335.976
29.29000 342.673
29.30000 347.470
29.31000 345.620
29.32000 343.198
29.33000 341.472
29.34000 347.596
29.35000 352.520
29.36000 354.426
29.37000 351.447
29.38000 348.400
29.39000 345.683
29.40000 343.319
29.41000 340.966
29.42000 346.634
29.43000 357.793
29.44000 368.678
29.45000 371.079
29.46000 369.463
29.47000 367.684
29.48000 363.610
29.49000 358.795
29.50000 354.427
29.51000 352.279
29.52000 350.807
29.53000 348.952
29.54000 345.151
29.55000 341.080
29.56000 339.233
29.57000 344.890
29.58000 351.158
29.59000 355.576
29.60000 351.006
29.61000 347.270
29.62000 345.108
29.63000 345.404
29.64000 345.729
29.65000 347.861
29.66000 351.850
29.67000 355.818
29.68000 358.784
29.69000 361.044
29.70000 363.090
29.71000 359.046
29.72000 352.218
29.73000 346.061
29.74000 348.814
29.75000 354.346
29.76000 359.338
29.77000 357.318
29.78000 354.257
29.79000 352.765
29.80000 358.910
29.81000 366.070
29.82000 371.377
29.83000 370.650
29.84000 369.458
29.85000 368.628
29.86000 362.736
29.87000 358.150
29.88000 359.519
29.89000 369.853
29.90000 380.277
29.91000 381.370
29.92000 373.243
29.93000 365.171
29.94000 363.604
29.95000 366.227
29.96000 368.790
29.97000 369.786
29.98000 370.091
29.99000 370.808
30.00000 376.702
30.01000 384.153
30.02000 390.842
30.03000 379.237
30.04000 365.872
30.05000 355.581
30.06000 359.688
30.07000 365.628
30.08000 370.943
30.09000 374.292
30.10000 377.499
30.11000 379.707
30.12000 382.203
30.13000 384.084
30.14000 384.120
30.15000 381.479
30.16000 378.816
30.17000 375.420
30.18000 371.329
30.19000 367.271
30.20000 364.072
30.21000 361.457
30.22000 358.982
30.23000 359.884
30.24000 362.225
30.25000 364.452
30.26000 365.329
30.27000 365.815
30.28000 366.249
30.29000 362.258
30.30000 358.039
30.31000 354.115
30.32000 351.525
30.33000 349.098
30.34000 347.505
30.35000 348.439
30.36000 349.546
30.37000 350.300
30.38000 354.225
30.39000 357.229
30.40000 361.741
30.41000 368.363
30.42000 374.996
30.43000 375.396
30.44000 370.116
30.45000 364.885
30.46000 362.168
30.47000 360.996
30.48000 359.878
30.49000 359.955
30.50000 360.525
30.51000 360.723
30.52000 356.745
30.53000 351.596
30.54000 347.023
30.55000 354.058
30.56000 362.027
30.57000 367.752
30.58000 363.726
30.59000 358.568
30.60000 353.500
30.61000 348.691
30.62000 343.899
30.63000 340.677
30.64000 342.546
30.65000 344.039
30.66000 347.434
30.67000 353.389
30.68000 359.354
30.69000 361.461
30.70000 360.186
30.71000 358.926
30.72000 361.944
30.73000 367.334
30.74000 372.509
30.75000 373.222
30.76000 372.161
30.77000 370.942
30.78000 368.038
30.79000 364.678
30.80000 361.710
30.81000 368.946
30.82000 376.765
30.83000 383.827
30.84000 387.718
30.85000 391.258
30.86000 394.843
30.87000 398.555
30.88000 402.275
30.89000 404.746
30.90000 405.849
30.91000 406.640
30.92000 407.171
30.93000 407.366
30.94000 407.566
30.95000 410.961
30.96000 417.049
30.97000 423.062
30.98000 429.052
30.99000 434.879
31.00000 441.068
31.01000 454.237
31.02000 470.086
31.03000 485.473
31.04000 496.167
31.05000 505.640
31.06000 513.961
31.07000 524.947
31.08000 534.784
31.09000 546.571
31.10000 566.221
31.11000 586.700
31.12000 607.710
31.13000 630.167
31.14000 652.705
31.15000 667.482
31.16000 718.052
31.17000 755.831
31.18000 787.423
31.19000 811.286
31.20000 835.146
31.21000 866.320
31.22000 903.423
31.23000 940.011
31.24000 958.835
31.25000 967.746
31.26000 978.298
31.27000 1018.421
31.28000 1069.509
31.29000 1117.546
31.30000 1136.143
31.31000 1147.349
31.32000 1157.136
31.33000 1159.330
31.34000 1160.140
31.35000 1167.488
31.36000 1200.243
31.37000 1235.546
31.38000 1253.826
31.39000 1227.257
31.40000 1198.311
31.41000 1179.582
31.42000 1159.061
31.43000 1144.026
31.44000 1125.858
31.45000 1103.923
31.46000 1081.986
31.47000 1061.504
31.48000 1042.156
31.49000 1023.111
31.50000 981.786
31.51000 930.422
31.52000 879.811
31.53000 841.911
31.54000 808.563
31.55000 776.215
31.56000 753.060
31.57000 732.129
31.58000 713.961
31.59000 674.198
31.60000 637.415
31.61000 603.809
31.62000 582.102
31.63000 561.530
31.64000 541.052
31.65000 520.816
31.66000 500.592
31.67000 487.683
31.68000 476.728
31.69000 468.784
31.70000 464.453
31.71000 464.299
31.72000 464.108
31.73000 455.325
31.74000 440.086
31.75000 425.114
31.76000 412.857
31.77000 402.345
31.78000 392.279
31.79000 389.268
31.80000 388.695
31.81000 388.155
31.82000 387.894
31.83000 387.699
31.84000 387.530
31.85000 375.779
31.86000 364.325
31.87000 355.297
31.88000 355.037
31.89000 355.571
31.90000 355.816
31.91000 355.355
31.92000 354.861
31.93000 354.550
31.94000 347.941
31.95000 343.087
31.96000 341.131
31.97000 342.396
31.98000 343.660
31.99000 344.563
32.00000 345.205
32.01000 345.834
32.02000 344.027
32.03000 341.141
32.04000 338.704
32.05000 342.971
32.06000 349.474
32.07000 355.319
32.08000 355.666
32.09000 354.779
32.10000 354.019
32.11000 339.472
32.12000 325.501
32.13000 315.502
32.14000 319.349
32.15000 324.382
32.16000 327.248
32.17000 324.972
32.18000 322.477
32.19000 320.928
32.20000 318.835
32.21000 317.324
32.22000 319.178
32.23000 324.628
32.24000 330.075
32.25000 335.014
32.26000 339.599
32.27000 344.086
32.28000 342.421
32.29000 338.037
32.30000 333.575
32.31000 328.032
32.32000 322.141
32.33000 316.612
32.34000 313.981
32.35000 311.977
32.36000 310.269
32.37000 310.281
32.38000 310.492
32.39000 311.320
32.40000 314.226
32.41000 317.299
32.42000 318.360
32.43000 314.808
32.44000 311.075
32.45000 308.791
32.46000 316.674
32.47000 322.399
32.48000 325.541
32.49000 326.034
32.50000 326.509
32.51000 325.124
32.52000 322.490
32.53000 319.918
32.54000 315.836
32.55000 311.273
32.56000 306.992
32.57000 306.430
32.58000 307.023
32.59000 307.495
32.60000 307.035
32.61000 306.381
32.62000 305.828
32.63000 304.719
32.64000 303.729
32.65000 301.528
32.66000 295.399
32.67000 288.967
32.68000 286.853
32.69000 294.292
32.70000 302.076
32.71000 306.767
32.72000 306.559
32.73000 306.377
32.74000 309.576
32.75000 316.104
32.76000 322.581
32.77000 324.499
32.78000 323.464
32.79000 322.455
32.80000 329.386
32.81000 339.324
32.82000 349.779
32.83000 366.675
32.84000 385.505
32.85000 403.933
32.86000 419.435
32.87000 434.352
32.88000 446.886
32.89000 457.219
32.90000 465.596
32.91000 475.340
32.92000 489.367
32.93000 503.705
32.94000 513.602
32.95000 514.013
32.96000 514.109
32.97000 514.166
32.98000 521.658
32.99000 526.999
33.00000 521.928
33.01000 507.011
33.02000 492.215
33.03000 486.579
33.04000 486.670
33.05000 486.759
33.06000 474.372
33.07000 457.568
33.08000 440.763
33.09000 423.956
33.10000 407.149
33.11000 390.971
33.12000 379.186
33.13000 368.246
33.14000 359.117
33.15000 347.597
33.16000 337.801
33.17000 328.142
33.18000 318.894
33.19000 309.674
33.20000 302.570
33.21000 299.830
33.22000 297.223
33.23000 295.700
33.24000 295.257
33.25000 294.951
33.26000 295.499
33.27000 296.824
33.28000 298.097
33.29000 295.959
33.30000 291.765
33.31000 287.701
33.32000 287.819
33.33000 289.557
33.34000 291.679
33.35000 298.101
33.36000 305.723
33.37000 312.271
33.38000 311.628
33.39000 309.656
33.40000 308.021
33.41000 307.122
33.42000 306.449
33.43000 305.556
33.44000 304.018
33.45000 302.439
33.46000 300.063
33.47000 296.099
33.48000 292.090
33.49000 289.787
33.50000 288.081
33.51000 286.889
33.52000 284.985
33.53000 282.459
33.54000 279.963
33.55000 279.232
33.56000 279.526
33.57000 279.811
33.58000 282.929
33.59000 286.930
33.60000 291.113
33.61000 297.224
33.62000 303.854
33.63000 309.535
33.64000 309.132
33.65000 307.648
33.66000 306.428
33.67000 302.183
33.68000 298.420
33.69000 295.057
33.70000 292.818
33.71000 290.646
33.72000 290.586
33.73000 294.584
33.74000 298.684
33.75000 301.000
33.76000 294.244
33.77000 289.530
33.78000 288.512
33.79000 290.599
33.80000 292.596
33.81000 289.999
33.82000 284.823
33.83000 279.835
33.84000 282.830
33.85000 288.516
33.86000 294.006
33.87000 297.505
33.88000 300.487
33.89000 302.612
33.90000 299.463
33.91000 295.415
33.92000 292.111
33.93000 290.128
33.94000 288.618
33.95000 289.321
33.96000 296.043
33.97000 303.103
33.98000 308.695
33.99000 311.560
34.00000 314.364
34.01000 315.921
34.02000 313.803
34.03000 312.332
34.04000 310.748
34.05000 309.071
34.06000 307.403
34.07000 306.096
34.08000 304.985
34.09000 303.917
34.10000 307.883
34.11000 313.338
34.12000 318.545
34.13000 321.358
34.14000 323.571
34.15000 324.757
34.16000 319.877
34.17000 314.005
34.18000 309.248
34.19000 311.130
34.20000 313.201
34.21000 315.684
34.22000 319.245
34.23000 322.862
34.24000 324.002
34.25000 320.703
34.26000 317.315
34.27000 315.467
34.28000 319.763
34.29000 322.720
34.30000 325.188
34.31000 327.275
34.32000 329.278
34.33000 327.830
34.34000 324.577
34.35000 321.461
34.36000 329.048
34.37000 339.689
34.38000 348.598
34.39000 341.674
34.40000 330.930
34.41000 321.167
34.42000 316.958
34.43000 313.623
34.44000 310.943
34.45000 312.209
34.46000 313.538
34.47000 316.314
34.48000 322.758
34.49000 329.382
34.50000 331.021
34.51000 324.040
34.52000 316.907
34.53000 313.086
34.54000 312.820
34.55000 312.642
34.56000 312.408
34.57000 312.131
34.58000 311.849
34.59000 311.362
34.60000 310.770
34.61000 310.205
34.62000 312.952
34.63000 316.565
34.64000 319.529
34.65000 316.826
34.66000 312.806
34.67000 308.123
34.68000 299.835
34.69000 291.004
34.70000 283.966
34.71000 288.854
34.72000 293.663
34.73000 295.989
34.74000 292.231
34.75000 288.195
34.76000 287.926
34.77000 293.942
34.78000 300.055
34.79000 303.270
34.80000 303.895
34.81000 304.287
34.82000 299.773
34.83000 291.720
34.84000 283.914
34.85000 284.347
34.86000 288.797
34.87000 293.032
34.88000 289.421
34.89000 283.663
34.90000 278.511
34.91000 278.400
34.92000 279.418
34.93000 281.261
34.94000 287.418
34.95000 294.198
34.96000 299.557
34.97000 288.803
34.98000 279.064
34.99000 271.394
35.00000 268.618
35.01000 266.049
35.02000 264.354
35.03000 264.066
35.04000 263.797
35.05000 263.658
35.06000 269.346
35.07000 273.148
35.08000 273.159
35.09000 270.535
35.10000 267.919
35.11000 265.529
35.12000 263.247
35.13000 261.082
35.14000 261.437
35.15000 262.511
35.16000 264.063
35.17000 269.413
35.18000 275.581
35.19000 279.817
35.20000 274.339
35.21000 267.520
35.22000 262.175
35.23000 266.888
35.24000 271.304
35.25000 273.496
35.26000 270.607
35.27000 267.520
35.28000 267.137
35.29000 270.951
35.30000 274.814
35.31000 276.766
35.32000 278.248
35.33000 279.215
35.34000 277.658
35.35000 274.409
35.36000 271.165
35.37000 268.067
35.38000 265.036
35.39000 262.171
35.40000 260.099
35.41000 258.421
35.42000 257.242
35.43000 259.839
35.44000 263.220
35.45000 266.192
35.46000 267.188
35.47000 267.923
35.48000 268.494
35.49000 264.365
35.50000 260.796
35.51000 258.497
35.52000 259.002
35.53000 259.608
35.54000 260.175
35.55000 260.684
35.56000 261.192
35.57000 264.843
35.58000 271.578
35.59000 278.227
35.60000 277.383
35.61000 271.696
35.62000 266.253
35.63000 267.117
35.64000 270.750
35.65000 274.170
35.66000 270.047
35.67000 264.212
35.68000 259.079
35.69000 259.041
35.70000 260.019
35.71000 260.474
35.72000 258.493
35.73000 256.205
35.74000 254.443
35.75000 256.718
35.76000 258.750
35.77000 261.197
35.78000 264.525
35.79000 267.883
35.80000 271.889
35.81000 276.831
35.82000 281.779
35.83000 280.482
35.84000 273.301
35.85000 266.176
35.86000 263.209
35.87000 262.833
35.88000 262.455
35.89000 262.027
35.90000 261.576
35.91000 261.154
35.92000 254.944
35.93000 247.764
35.94000 241.811
35.95000 244.384
35.96000 248.593
35.97000 251.780
35.98000 250.385
35.99000 248.437
36.00000 246.952
36.01000 249.428
36.02000 251.591
36.03000 253.778
36.04000 256.015
36.05000 258.254
36.06000 260.963
36.07000 264.328
36.08000 267.696
36.09000 267.138
36.10000 263.031
36.11000 258.975
36.12000 258.281
36.13000 259.608
36.14000 260.915
36.15000 261.763
36.16000 262.424
36.17000 263.041
36.18000 264.662
36.19000 266.387
36.20000 267.421
36.21000 263.855
36.22000 259.441
36.23000 254.977
36.24000 250.299
36.25000 245.597
36.26000 242.043
36.27000 242.793
36.28000 243.596
36.29000 246.731
36.30000 254.498
36.31000 262.391
36.32000 263.516
36.33000 255.578
36.34000 247.598
36.35000 247.005
36.36000 252.830
36.37000 258.567
36.38000 259.267
36.39000 257.046
36.40000 254.978
36.41000 256.057
36.42000 258.380
36.43000 260.542
36.44000 260.278
36.45000 259.452
36.46000 258.341
36.47000 255.407
36.48000 252.150
36.49000 249.715
36.50000 250.694
36.51000 252.048
36.52000 253.062
36.53000 249.285
36.54000 246.114
36.55000 244.658
36.56000 246.489
36.57000 248.401
36.58000 251.347
36.59000 255.627
36.60000 259.908
36.61000 258.704
36.62000 252.925
36.63000 247.247
36.64000 246.633
36.65000 248.856
36.66000 251.096
36.67000 253.688
36.68000 256.413
36.69000 258.938
36.70000 256.598
36.71000 253.358
36.72000 250.584
36.73000 250.668
36.74000 251.238
36.75000 253.380
36.76000 261.820
36.77000 270.918
36.78000 277.662
36.79000 276.545
36.80000 275.335
36.81000 275.042
36.82000 276.444
36.83000 277.884
36.84000 275.160
36.85000 267.269
36.86000 259.375
36.87000 258.871
36.88000 264.295
36.89000 269.748
36.90000 276.464
36.91000 283.861
36.92000 290.698
36.93000 287.528
36.94000 280.670
36.95000 274.341
36.96000 275.672
36.97000 278.577
36.98000 280.941
36.99000 280.118
37.00000 278.776
37.01000 277.661
37.02000 277.423
37.03000 277.272
37.04000 277.161
37.05000 271.740
37.06000 267.336
37.07000 265.018
37.08000 266.427
37.09000 267.910
37.10000 269.699
37.11000 271.855
37.12000 274.007
37.13000 275.764
37.14000 277.207
37.15000 278.585
37.16000 277.361
37.17000 274.779
37.18000 272.319
37.19000 271.894
37.20000 272.193
37.21000 272.469
37.22000 271.489
37.23000 270.344
37.24000 268.979
37.25000 266.371
37.26000 263.569
37.27000 261.275
37.28000 260.877
37.29000 260.659
37.30000 260.500
37.31000 264.258
37.32000 267.295
37.33000 268.002
37.34000 264.695
37.35000 261.317
37.36000 259.867
37.37000 260.629
37.38000 261.392
37.39000 260.001
37.40000 257.024
37.41000 254.158
37.42000 255.364
37.43000 258.620
37.44000 261.608
37.45000 260.404
37.46000 257.759
37.47000 255.341
37.48000 252.698
37.49000 250.304
37.50000 247.774
37.51000 244.509
37.52000 241.134
37.53000 238.690
37.54000 239.593
37.55000 240.796
37.56000 241.660
37.57000 243.826
37.58000 245.528
37.59000 246.270
37.60000 245.415
37.61000 244.535
37.62000 248.535
37.63000 257.923
37.64000 267.278
37.65000 269.546
37.66000 266.741
37.67000 263.927
37.68000 260.801
37.69000 257.524
37.70000 254.378
37.71000 253.161
37.72000 252.584
37.73000 252.059
37.74000 253.272
37.75000 254.689
37.76000 255.853
37.77000 255.700
37.78000 255.357
37.79000 255.429
37.80000 256.937
37.81000 258.566
37.82000 259.725
37.83000 256.657
37.84000 254.185
37.85000 252.921
37.86000 253.593
37.87000 254.291
37.88000 254.303
37.89000 253.590
37.90000 252.879
37.91000 250.067
37.92000 245.846
37.93000 241.784
37.94000 242.570
37.95000 245.630
37.96000 249.049
37.97000 257.445
37.98000 267.435
37.99000 276.483
38.00000 264.305
38.01000 249.554
38.02000 238.103
38.03000 243.193
38.04000 250.560
38.05000 257.210
38.06000 261.464
38.07000 265.525
38.08000 268.379
38.09000 265.849
38.10000 263.775
38.11000 260.289
38.12000 254.621
38.13000 248.929
38.14000 246.029
38.15000 245.974
38.16000 245.919
38.17000 247.666
38.18000 250.577
38.19000 253.463
38.20000 255.682
38.21000 257.598
38.22000 259.731
38.23000 264.700
38.24000 270.545
38.25000 275.813
38.26000 289.219
38.27000 302.459
38.28000 313.200
38.29000 311.893
38.30000 308.999
38.31000 308.374
38.32000 315.069
38.33000 322.320
38.34000 327.360
38.35000 332.924
38.36000 337.131
38.37000 344.043
38.38000 354.990
38.39000 365.975
38.40000 377.311
38.41000 388.990
38.42000 400.588
38.43000 411.768
38.44000 422.507
38.45000 433.751
38.46000 457.910
38.47000 487.722
38.48000 517.202
38.49000 542.578
38.50000 566.732
38.51000 588.389
38.52000 614.029
38.53000 637.125
38.54000 661.895
38.55000 694.427
38.56000 727.935
38.57000 763.106
38.58000 803.450
38.59000 844.165
38.60000 872.131
38.61000 902.953
38.62000 926.134
38.63000 956.715
38.64000 997.935
38.65000 1039.236
38.66000 1066.376
38.67000 1080.216
38.68000 1093.943
38.69000 1094.847
38.70000 1087.911
38.71000 1081.578
38.72000 1089.504
38.73000 1103.458
38.74000 1115.533
38.75000 1105.612
38.76000 1089.361
38.77000 1074.867
38.78000 1046.465
38.79000 1019.441
38.80000 994.443
38.81000 978.497
38.82000 963.638
38.83000 941.752
38.84000 898.752
38.85000 854.325
38.86000 824.173
38.87000 785.120
38.88000 755.788
38.89000 724.664
38.90000 691.059
38.91000 657.437
38.92000 624.469
38.93000 592.090
38.94000 560.021
38.95000 530.060
38.96000 501.955
38.97000 473.985
38.98000 448.979
38.99000 425.182
39.00000 402.023
39.01000 385.955
39.02000 371.853
39.03000 359.344
39.04000 345.923
39.05000 334.152
39.06000 322.123
39.07000 308.982
39.08000 295.713
39.09000 284.906
39.10000 281.240
39.11000 278.028
39.12000 275.875
39.13000 273.495
39.14000 271.725
39.15000 268.444
39.16000 263.148
39.17000 257.841
39.18000 253.257
39.19000 249.298
39.20000 245.383
39.21000 237.600
39.22000 227.815
39.23000 218.548
39.24000 219.838
39.25000 225.290
39.26000 230.590
39.27000 234.304
39.28000 237.593
39.29000 240.495
39.30000 237.956
39.31000 234.939
39.32000 233.480
39.33000 238.481
39.34000 244.189
39.35000 249.043
39.36000 251.509
39.37000 253.833
39.38000 255.372
39.39000 249.137
39.40000 244.394
39.41000 239.990
39.42000 236.024
39.43000 232.066
39.44000 231.130
39.45000 232.717
39.46000 234.284
39.47000 237.960
39.48000 242.688
39.49000 247.007
39.50000 243.571
39.51000 237.184
39.52000 230.962
39.53000 226.392
39.54000 222.249
39.55000 218.614
39.56000 220.554
39.57000 223.032
39.58000 224.932
39.59000 224.527
39.60000 223.882
39.61000 224.388
39.62000 228.007
39.63000 231.798
39.64000 234.276
39.65000 232.472
39.66000 231.078
39.67000 232.758
39.68000 238.241
39.69000 243.726
39.70000 246.564
39.71000 247.276
39.72000 247.978
39.73000 243.884
39.74000 237.402
39.75000 231.073
39.76000 227.483
39.77000 224.898
39.78000 222.494
39.79000 221.811
39.80000 221.556
39.81000 221.334
39.82000 224.022
39.83000 226.724
39.84000 228.498
39.85000 226.701
39.86000 224.549
39.87000 224.435
39.88000 229.642
39.89000 235.126
39.90000 238.663
39.91000 230.036
39.92000 223.561
39.93000 223.748
39.94000 231.866
39.95000 239.963
39.96000 238.996
39.97000 231.025
39.98000 223.182
39.99000 223.248
40.00000 227.294
40.01000 230.980
40.02000 228.695
40.03000 224.290
40.04000 220.446
40.05000 221.682
40.06000 224.137
40.07000 226.264
40.08000 228.147
40.09000 229.716
40.10000 230.101
40.11000 226.085
40.12000 221.656
40.13000 217.653
40.14000 214.728
40.15000 211.854
40.16000 210.026
40.17000 214.084
40.18000 217.106
40.19000 218.275
40.20000 217.322
40.21000 216.367
40.22000 215.554
40.23000 214.846
40.24000 214.151
40.25000 214.152
40.26000 214.491
40.27000 214.903
40.28000 216.451
40.29000 218.388
40.30000 219.985
40.31000 218.644
40.32000 216.625
40.33000 214.886
40.34000 218.031
40.35000 221.315
40.36000 223.396
40.37000 221.170
40.38000 218.560
40.39000 217.312
40.40000 219.381
40.41000 221.599
40.42000 222.991
40.43000 216.050
40.44000 210.944
40.45000 211.163
40.46000 217.242
40.47000 223.294
40.48000 224.685
40.49000 222.733
40.50000 220.821
40.51000 217.399
40.52000 213.404
40.53000 209.815
40.54000 212.175
40.55000 216.504
40.56000 220.703
40.57000 223.831
40.58000 226.722
40.59000 229.196
40.60000 219.498
40.61000 209.845
40.62000 204.058
40.63000 211.622
40.64000 220.316
40.65000 225.231
40.66000 221.256
40.67000 216.911
40.68000 214.223
40.69000 216.049
40.70000 217.403
40.71000 216.921
40.72000 214.497
40.73000 212.093
40.74000 212.114
40.75000 213.810
40.76000 215.469
40.77000 215.573
40.78000 214.975
40.79000 214.267
40.80000 212.029
40.81000 209.304
40.82000 206.841
40.83000 206.453
40.84000 206.510
40.85000 206.558
40.86000 206.562
40.87000 206.561
40.88000 207.494
40.89000 211.541
40.90000 215.838
40.91000 220.115
40.92000 224.347
40.93000 228.578
40.94000 231.156
40.95000 224.880
40.96000 220.324
40.97000 216.430
40.98000 213.208
40.99000 210.020
41.00000 210.262
41.01000 212.787
41.02000 215.251
41.03000 214.230
41.04000 211.748
41.05000 208.990
41.06000 202.620
41.07000 195.137
41.08000 189.291
41.09000 195.785
41.10000 204.820
41.11000 212.452
41.12000 213.481
41.13000 213.617
41.14000 212.552
41.15000 207.620
41.16000 202.395
41.17000 198.015
41.18000 195.484
41.19000 193.019
41.20000 191.539
41.21000 201.578
41.22000 208.787
41.23000 211.796
41.24000 210.711
41.25000 209.677
41.26000 213.123
41.27000 219.444
41.28000 225.597
41.29000 221.807
41.30000 214.066
41.31000 206.666
41.32000 203.467
41.33000 201.517
41.34000 200.731
41.35000 208.344
41.36000 217.622
41.37000 225.405
41.38000 218.104
41.39000 210.454
41.40000 204.937
41.41000 206.039
41.42000 207.614
41.43000 207.816
41.44000 205.110
41.45000 202.309
41.46000 200.654
41.47000 195.655
41.48000 192.106
41.49000 193.544
41.50000 199.649
41.51000 205.695
41.52000 207.387
41.53000 206.382
41.54000 205.405
41.55000 206.502
41.56000 208.371
41.57000 209.862
41.58000 206.929
41.59000 202.727
41.60000 199.148
41.61000 199.866
41.62000 201.402
41.63000 202.682
41.64000 204.283
41.65000 205.640
41.66000 206.742
41.67000 207.078
41.68000 207.363
41.69000 209.033
41.70000 213.535
41.71000 218.121
41.72000 220.788
41.73000 221.649
41.74000 222.244
41.75000 219.102
41.76000 212.601
41.77000 206.155
41.78000 203.263
41.79000 202.495
41.80000 201.752
41.81000 200.987
41.82000 200.257
41.83000 199.700
41.84000 201.067
41.85000 202.967
41.86000 204.769
41.87000 205.926
41.88000 206.965
41.89000 207.824
41.90000 204.127
41.91000 200.649
41.92000 199.414
41.93000 204.669
41.94000 210.334
41.95000 212.289
41.96000 206.917
41.97000 201.350
41.98000 198.164
41.99000 204.155
42.00000 208.369
42.01000 211.798
42.02000 214.548
42.03000 217.293
42.04000 219.772
42.05000 222.098
42.06000 224.343
42.07000 219.513
42.08000 212.341
42.09000 205.741
42.10000 205.141
42.11000 206.141
42.12000 207.221
42.13000 208.808
42.14000 210.485
42.15000 211.861
42.16000 213.404
42.17000 214.686
42.18000 215.071
42.19000 212.953
42.20000 210.686
42.21000 209.558
42.22000 210.600
42.23000 211.695
42.24000 212.311
42.25000 216.074
42.26000 218.685
42.27000 216.948
42.28000 211.595
42.29000 206.358
42.30000 206.875
42.31000 210.592
42.32000 214.173
42.33000 212.109
42.34000 208.161
42.35000 204.737
42.36000 206.540
42.37000 209.688
42.38000 212.844
42.39000 216.049
42.40000 219.262
42.41000 221.880
42.42000 212.863
42.43000 204.509
42.44000 199.232
42.45000 202.253
42.46000 205.733
42.47000 208.817
42.48000 211.168
42.49000 213.504
42.50000 214.796
42.51000 211.791
42.52000 209.708
42.53000 207.010
42.54000 203.821
42.55000 200.763
42.56000 203.550
42.57000 209.474
42.58000 215.163
42.59000 211.765
42.60000 205.472
42.61000 199.897
42.62000 201.128
42.63000 204.047
42.64000 206.932
42.65000 209.620
42.66000 212.276
42.67000 214.423
42.68000 214.111
42.69000 213.660
42.70000 211.425
42.71000 204.546
42.72000 197.426
42.73000 193.862
42.74000 196.611
42.75000 199.482
42.76000 201.041
42.77000 206.807
42.78000 210.745
42.79000 209.596
42.80000 204.529
42.81000 199.523
42.82000 196.990
42.83000 195.738
42.84000 194.539
42.85000 195.176
42.86000 196.373
42.87000 197.856
42.88000 201.921
42.89000 206.604
42.90000 209.754
42.91000 204.319
42.92000 197.548
42.93000 192.119
42.94000 193.753
42.95000 195.611
42.96000 197.928
42.97000 201.396
42.98000 204.920
42.99000 206.480
43.00000 204.672
43.01000 202.807
43.02000 201.813
43.03000 197.196
43.04000 194.063
43.05000 193.747
43.06000 195.523
43.07000 197.258
43.08000 197.556
43.09000 197.135
43.10000 196.733
43.11000 195.665
43.12000 194.463
43.13000 193.155
43.14000 190.932
43.15000 188.498
43.16000 187.054
43.17000 190.937
43.18000 195.615
43.19000 199.336
43.20000 201.653
43.21000 203.420
43.22000 201.467
43.23000 190.480
43.24000 179.088
43.25000 174.338
43.26000 180.568
43.27000 186.962
43.28000 190.308
43.29000 190.127
43.30000 189.981
43.31000 186.454
43.32000 180.511
43.33000 174.859
43.34000 178.702
43.35000 187.133
43.36000 195.151
43.37000 195.879
43.38000 194.328
43.39000 193.110
43.40000 194.629
43.41000 196.754
43.42000 197.824
43.43000 193.432
43.44000 188.260
43.45000 184.180
43.46000 191.516
43.47000 198.171
43.48000 201.943
43.49000 198.954
43.50000 195.686
43.51000 193.331
43.52000 192.434
43.53000 191.556
43.54000 191.105
43.55000 195.066
43.56000 197.692
43.57000 195.745
43.58000 190.647
43.59000 185.656
43.60000 183.850
43.61000 183.530
43.62000 183.226
43.63000 185.456
43.64000 188.252
43.65000 191.153
43.66000 194.876
43.67000 198.775
43.68000 202.090
43.69000 202.499
43.70000 202.511
43.71000 202.520
43.72000 195.521
43.73000 189.489
43.74000 184.986
43.75000 183.947
43.76000 183.042
43.77000 184.109
43.78000 188.212
43.79000 192.348
43.80000 194.429
43.81000 196.887
43.82000 198.532
43.83000 200.366
43.84000 202.326
43.85000 204.057
43.86000 199.479
43.87000 192.059
43.88000 185.052
43.89000 186.122
43.90000 189.380
43.91000 192.153
43.92000 191.279
43.93000 189.656
43.94000 189.161
43.95000 194.071
43.96000 199.688
43.97000 204.042
43.98000 199.740
43.99000 195.805
44.00000 194.417
44.01000 198.601
44.02000 202.981
44.03000 206.147
44.04000 207.513
44.05000 208.861
44.06000 204.237
44.07000 193.811
44.08000 183.456
44.09000 179.105
44.10000 178.599
44.11000 178.247
44.12000 181.817
44.13000 187.092
44.14000 192.055
44.15000 194.364
44.16000 195.755
44.17000 196.972
44.18000 196.936
44.19000 196.652
44.20000 196.183
44.21000 194.859
44.22000 193.427
44.23000 192.327
44.24000 193.905
44.25000 195.303
44.26000 196.625
44.27000 197.783
44.28000 198.936
44.29000 198.972
44.30000 197.411
44.31000 195.837
44.32000 194.789
44.33000 194.232
44.34000 193.698
44.35000 194.903
44.36000 197.182
44.37000 199.428
44.38000 200.902
44.39000 202.053
44.40000 203.131
44.41000 197.362
44.42000 190.330
44.43000 184.472
44.44000 186.693
44.45000 190.449
44.46000 195.275
44.47000 204.851
44.48000 214.993
44.49000 222.712
44.50000 212.339
44.51000 203.225
44.52000 198.476
44.53000 202.629
44.54000 207.043
44.55000 211.114
44.56000 214.713
44.57000 218.308
44.58000 220.605
44.59000 221.737
44.60000 222.890
44.61000 225.370
44.62000 228.640
44.63000 231.724
44.64000 230.769
44.65000 228.176
44.66000 225.756
44.67000 222.721
44.68000 219.816
44.69000 217.640
44.70000 220.264
44.71000 223.764
44.72000 226.730
44.73000 227.413
44.74000 227.836
44.75000 228.155
44.76000 224.468
44.77000 221.383
44.78000 220.753
44.79000 224.955
44.80000 229.286
44.81000 231.726
44.82000 231.657
44.83000 231.577
44.84000 235.769
44.85000 243.630
44.86000 251.441
44.87000 256.534
44.88000 260.066
44.89000 263.510
44.90000 265.207
44.91000 266.220
44.92000 267.162
44.93000 269.196
44.94000 271.295
44.95000 273.126
44.96000 273.259
44.97000 273.094
44.98000 273.251
44.99000 274.733
45.00000 276.359
45.01000 277.574
45.02000 274.186
45.03000 271.335
45.04000 272.358
45.05000 280.743
45.06000 289.304
45.07000 293.157
45.08000 290.996
45.09000 288.815
45.10000 284.258
45.11000 277.752
45.12000 271.336
45.13000 269.346
45.14000 269.811
45.15000 270.216
45.16000 269.493
45.17000 268.344
45.18000 267.279
45.19000 262.191
45.20000 256.689
45.21000 252.006
45.22000 252.286
45.23000 253.402
45.24000 252.705
45.25000 244.812
45.26000 236.176
45.27000 229.790
45.28000 238.681
45.29000 246.230
45.30000 248.153
45.31000 239.755
45.32000 231.134
45.33000 228.104
45.34000 231.945
45.35000 235.797
45.36000 231.919
45.37000 221.921
45.38000 212.193
45.39000 214.342
45.40000 222.851
45.41000 230.778
45.42000 228.503
45.43000 222.499
45.44000 216.965
45.45000 214.633
45.46000 213.254
45.47000 211.841
45.48000 210.235
45.49000 208.598
45.50000 207.721
45.51000 209.752
45.52000 212.068
45.53000 213.764
45.54000 207.162
45.55000 201.737
45.56000 198.108
45.57000 197.659
45.58000 197.271
45.59000 197.823
45.60000 199.488
45.61000 201.151
45.62000 199.007
45.63000 193.969
45.64000 189.111
45.65000 191.353
45.66000 197.264
45.67000 202.873
45.68000 203.530
45.69000 202.439
45.70000 201.438
45.71000 199.769
45.72000 198.138
45.73000 197.169
45.74000 199.898
45.75000 203.200
45.76000 204.254
45.77000 197.010
45.78000 188.993
45.79000 183.186
45.80000 183.224
45.81000 183.469
45.82000 183.961
45.83000 184.875
45.84000 185.796
45.85000 185.579
45.86000 184.066
45.87000 182.556
45.88000 182.906
45.89000 184.618
45.90000 186.226
45.91000 184.085
45.92000 180.073
45.93000 176.409
45.94000 178.100
45.95000 181.615
45.96000 184.826
45.97000 185.813
45.98000 186.236
45.99000 186.671
46.00000 187.171
46.01000 187.680
46.02000 187.742
46.03000 186.210
46.04000 184.537
46.05000 183.339
46.06000 183.699
46.07000 184.027
46.08000 181.979
46.09000 176.014
46.10000 169.992
46.11000 168.447
46.12000 171.800
46.13000 175.141
46.14000 176.570
46.15000 176.636
46.16000 176.641
46.17000 174.651
46.18000 171.702
46.19000 168.845
46.20000 167.347
46.21000 166.294
46.22000 165.338
46.23000 164.909
46.24000 164.633
46.25000 165.168
46.26000 169.893
46.27000 175.213
46.28000 179.662
46.29000 181.122
46.30000 182.332
46.31000 183.189
46.32000 183.766
46.33000 184.196
46.34000 182.392
46.35000 177.036
46.36000 171.635
46.37000 170.787
46.38000 174.720
46.39000 178.634
46.40000 177.503
46.41000 172.961
46.42000 168.697
46.43000 172.651
46.44000 180.428
46.45000 187.472
46.46000 184.492
46.47000 178.331
46.48000 172.757
46.49000 173.077
46.50000 174.463
46.51000 175.829
46.52000 177.091
46.53000 178.339
46.54000 179.235
46.55000 178.960
46.56000 178.593
46.57000 178.335
46.58000 175.482
46.59000 173.248
46.60000 170.603
46.61000 167.326
46.62000 164.043
46.63000 162.530
46.64000 162.803
46.65000 163.074
46.66000 165.442
46.67000 169.146
46.68000 172.637
46.69000 170.344
46.70000 165.453
46.71000 161.305
46.72000 166.744
46.73000 175.120
46.74000 182.660
46.75000 177.968
46.76000 171.659
46.77000 166.099
46.78000 164.112
46.79000 162.590
46.80000 162.494
46.81000 166.953
46.82000 171.754
46.83000 175.081
46.84000 179.456
46.85000 182.776
46.86000 182.300
46.87000 176.213
46.88000 170.074
46.89000 167.737
46.90000 169.081
46.91000 170.415
46.92000 171.691
46.93000 172.910
46.94000 173.980
46.95000 171.320
46.96000 167.040
46.97000 163.336
46.98000 166.652
46.99000 172.041
47.00000 176.868
47.01000 171.361
47.02000 164.779
47.03000 159.215
47.04000 158.332
47.05000 158.032
47.06000 158.441
47.07000 161.038
47.08000 163.790
47.09000 165.674
47.10000 172.947
47.11000 178.523
47.12000 180.701
47.13000 178.038
47.14000 175.339
47.15000 169.686
47.16000 161.289
47.17000 152.964
47.18000 155.337
47.19000 164.129
47.20000 172.536
47.21000 172.023
47.22000 167.772
47.23000 163.683
47.24000 161.467
47.25000 159.785
47.26000 158.286
47.27000 161.027
47.28000 164.108
47.29000 167.115
47.30000 169.796
47.31000 172.439
47.32000 173.719
47.33000 170.941
47.34000 167.893
47.35000 165.831
47.36000 168.091
47.37000 169.869
47.38000 170.656
47.39000 170.084
47.40000 169.502
47.41000 167.077
47.42000 163.005
47.43000 158.974
47.44000 155.672
47.45000 152.865
47.46000 150.346
47.47000 154.030
47.48000 160.223
47.49000 165.925
47.50000 166.256
47.51000 165.109
47.52000 164.093
47.53000 164.841
47.54000 165.766
47.55000 166.531
47.56000 166.613
47.57000 166.618
47.58000 165.346
47.59000 160.405
47.60000 155.235
47.61000 151.779
47.62000 152.175
47.63000 152.543
47.64000 154.964
47.65000 160.098
47.66000 165.237
47.67000 164.417
47.68000 158.480
47.69000 152.611
47.70000 151.143
47.71000 152.171
47.72000 153.198
47.73000 154.201
47.74000 155.194
47.75000 155.867
47.76000 153.209
47.77000 149.668
47.78000 146.548
47.79000 149.596
47.80000 153.151
47.81000 156.379
47.82000 158.265
47.83000 160.007
47.84000 160.897
47.85000 159.423
47.86000 157.810
47.87000 156.746
47.88000 163.713
47.89000 168.991
47.90000 169.367
47.91000 163.503
47.92000 157.626
47.93000 155.928
47.94000 157.684
47.95000 159.417
47.96000 161.938
47.97000 164.817
47.98000 167.504
47.99000 166.632
48.00000 164.417
48.01000 162.069
48.02000 158.417
48.03000 154.430
48.04000 150.939
48.05000 153.957
48.06000 157.482
48.07000 159.759
48.08000 157.090
48.09000 153.914
48.10000 152.387
48.11000 155.281
48.12000 158.418
48.13000 160.461
48.14000 158.881
48.15000 157.665
48.16000 154.807
48.17000 149.937
48.18000 145.072
48.19000 143.585
48.20000 144.785
48.21000 145.968
48.22000 145.252
48.23000 143.575
48.24000 142.170
48.25000 145.489
48.26000 150.530
48.27000 155.166
48.28000 155.990
48.29000 155.875
48.30000 155.775
48.31000 156.003
48.32000 156.243
48.33000 156.647
48.34000 157.679
48.35000 158.772
48.36000 158.750
48.37000 155.842
48.38000 152.786
48.39000 150.822
48.40000 150.608
48.41000 150.477
48.42000 153.215
48.43000 159.335
48.44000 165.438
48.45000 166.036
48.46000 162.419
48.47000 158.862
48.48000 154.981
48.49000 151.064
48.50000 147.486
48.51000 149.450
48.52000 153.363
48.53000 156.771
48.54000 155.649
48.55000 153.450
48.56000 151.548
48.57000 155.825
48.58000 160.273
48.59000 162.382
48.60000 155.884
48.61000 148.587
48.62000 144.554
48.63000 148.678
48.64000 153.191
48.65000 156.052
48.66000 155.003
48.67000 154.194
48.68000 153.816
48.69000 153.925
48.70000 154.034
48.71000 154.083
48.72000 154.088
48.73000 154.092
48.74000 158.168
48.75000 164.051
48.76000 169.389
48.77000 166.373
48.78000 160.519
48.79000 155.041
48.80000 152.765
48.81000 151.222
48.82000 149.895
48.83000 153.028
48.84000 156.239
48.85000 158.937
48.86000 159.815
48.87000 160.533
48.88000 159.710
48.89000 155.170
48.90000 150.465
48.91000 147.524
48.92000 148.949
48.93000 150.023
48.94000 150.415
48.95000 150.064
48.96000 149.723
48.97000 150.954
48.98000 153.300
48.99000 155.598
49.00000 159.000
49.01000 162.780
49.02000 166.214
49.03000 164.662
49.04000 161.476
49.05000 158.492
49.06000 157.148
49.07000 156.166
49.08000 155.327
49.09000 155.684
49.10000 156.128
49.11000 156.431
49.12000 156.251
49.13000 156.030
49.14000 155.464
49.15000 154.093
49.16000 152.688
49.17000 151.823
49.18000 157.273
49.19000 161.241
49.20000 160.250
49.21000 154.069
49.22000 147.963
49.23000 150.692
49.24000 159.471
49.25000 168.050
49.26000 166.314
49.27000 160.066
49.28000 154.194
49.29000 153.438
49.30000 154.300
49.31000 154.527
49.32000 149.791
49.33000 144.002
49.34000 139.089
49.35000 149.158
49.36000 159.309
49.37000 166.182
49.38000 162.224
49.39000 157.411
49.40000 154.785
49.41000 157.085
49.42000 159.570
49.43000 161.078
49.44000 155.048
49.45000 150.688
49.46000 149.725
49.47000 152.176
49.48000 154.610
49.49000 155.361
49.50000 155.000
49.51000 154.647
49.52000 154.784
49.53000 155.124
49.54000 155.458
49.55000 155.720
49.56000 155.961
49.57000 155.841
49.58000 153.038
49.59000 149.688
49.60000 146.863
49.61000 150.388
49.62000 154.019
49.63000 155.989
49.64000 152.668
49.65000 148.951
49.66000 146.264
49.67000 145.815
49.68000 145.443
49.69000 145.221
49.70000 150.178
49.71000 153.728
49.72000 153.190
49.73000 148.709
49.74000 144.284
49.75000 144.502
49.76000 147.676
49.77000 150.763
49.78000 148.515
49.79000 144.179
49.80000 140.290
49.81000 141.817
49.82000 144.939
49.83000 147.656
49.84000 147.481
49.85000 146.737
49.86000 146.114
49.87000 143.735
49.88000 141.575
49.89000 140.313
49.90000 141.812
49.91000 143.505
49.92000 144.492
49.93000 143.997
49.94000 143.455
49.95000 143.135
49.96000 146.280
49.97000 148.516
49.98000 148.361
49.99000 145.991
50.00000 143.675
50.01000 145.241
50.02000 149.189
50.03000 153.020
50.04000 152.312
50.05000 149.843
50.06000 147.470
50.07000 146.205
50.08000 145.256
50.09000 144.792
50.10000 147.642
50.11000 151.117
50.12000 154.006
50.13000 152.224
50.14000 150.293
50.15000 149.425
50.16000 151.716
50.17000 154.217
50.18000 155.624
50.19000 154.816
50.20000 153.944
50.21000 153.439
50.22000 160.247
50.23000 165.048
50.24000 164.383
50.25000 158.852
50.26000 153.385
50.27000 151.877
50.28000 152.714
50.29000 153.524
50.30000 152.140
50.31000 149.995
50.32000 148.433
50.33000 153.213
50.34000 159.733
50.35000 165.092
50.36000 162.857
50.37000 159.244
50.38000 156.262
50.39000 165.470
50.40000 174.187
50.41000 178.483
50.42000 170.102
50.43000 160.933
50.44000 155.739
50.45000 158.324
50.46000 161.113
50.47000 162.702
50.48000 169.043
50.49000 173.475
50.50000 174.676
50.51000 173.110
50.52000 171.597
50.53000 172.917
50.54000 175.858
50.55000 178.695
50.56000 177.838
50.57000 175.675
50.58000 173.893
50.59000 176.055
50.60000 179.259
50.61000 181.628
50.62000 178.756
50.63000 174.971
50.64000 171.869
50.65000 170.852
50.66000 170.201
50.67000 170.470
50.68000 173.288
50.69000 176.254
50.70000 177.451
50.71000 175.308
50.72000 173.085
50.73000 171.840
50.74000 167.171
50.75000 163.932
50.76000 162.508
50.77000 162.579
50.78000 162.704
50.79000 165.424
50.80000 169.575
50.81000 173.569
50.82000 171.561
50.83000 167.560
50.84000 164.075
50.85000 165.681
50.86000 168.584
50.87000 170.538
50.88000 166.777
50.89000 162.061
50.90000 158.227
50.91000 158.992
50.92000 160.001
50.93000 160.450
50.94000 159.400
50.95000 158.268
50.96000 156.569
50.97000 153.834
50.98000 151.077
50.99000 149.559
51.00000 158.829
51.01000 165.203
51.02000 162.745
51.03000 153.286
51.04000 144.087
51.05000 146.094
51.06000 154.066
51.07000 161.713
51.08000 162.096
51.09000 159.987
51.10000 157.884
51.11000 155.841
51.12000 153.812
51.13000 151.588
51.14000 148.235
51.15000 144.701
51.16000 141.850
51.17000 140.104
51.18000 138.772
51.19000 140.088
51.20000 148.236
51.21000 156.732
51.22000 159.764
51.23000 153.183
51.24000 146.421
51.25000 142.766
51.26000 143.407
51.27000 143.867
51.28000 147.934
51.29000 154.752
51.30000 161.354
51.31000 159.537
51.32000 153.393
51.33000 147.517
51.34000 148.138
51.35000 150.837
51.36000 152.948
51.37000 149.802
51.38000 145.413
51.39000 141.695
51.40000 141.705
51.41000 142.289
51.42000 142.756
51.43000 146.677
51.44000 150.105
51.45000 152.135
51.46000 150.678
51.47000 149.056
51.48000 149.586
51.49000 153.768
51.50000 158.011
51.51000 160.263
51.52000 146.933
51.53000 137.893
51.54000 135.276
51.55000 137.381
51.56000 139.391
51.57000 138.099
51.58000 135.169
51.59000 132.376
51.60000 134.481
51.61000 137.972
51.62000 141.083
51.63000 140.958
51.64000 140.095
51.65000 139.286
51.66000 138.758
51.67000 138.273
51.68000 137.887
51.69000 136.524
51.70000 135.358
51.71000 135.898
51.72000 140.547
51.73000 145.376
51.74000 147.383
51.75000 144.767
51.76000 142.084
51.77000 140.687
51.78000 141.837
51.79000 142.614
51.80000 143.363
51.81000 144.090
51.82000 144.789
51.83000 144.546
51.84000 143.851
51.85000 143.191
51.86000 140.967
51.87000 138.439
51.88000 135.871
51.89000 132.975
51.90000 130.006
51.91000 127.876
51.92000 130.045
51.93000 132.820
51.94000 135.004
51.95000 135.778
51.96000 136.304
51.97000 136.609
51.98000 136.400
51.99000 136.170
52.00000 136.712
52.01000 138.474
52.02000 140.251
52.03000 141.158
52.04000 134.979
52.05000 130.881
52.06000 132.681
52.07000 138.507
52.08000 144.111
52.09000 143.254
52.10000 139.409
52.11000 135.767
52.12000 137.299
52.13000 140.210
52.14000 143.142
52.15000 146.227
52.16000 149.345
52.17000 151.574
52.18000 149.418
52.19000 146.669
52.20000 144.524
52.21000 140.466
52.22000 137.111
52.23000 134.571
52.24000 133.861
52.25000 133.220
52.26000 133.438
52.27000 134.966
52.28000 136.507
52.29000 137.278
52.30000 144.794
52.31000 149.720
52.32000 146.451
52.33000 137.791
52.34000 129.479
52.35000 130.538
52.36000 135.783
52.37000 140.731
52.38000 142.121
52.39000 142.403
52.40000 142.316
52.41000 139.487
52.42000 136.100
52.43000 134.203
52.44000 139.374
52.45000 145.457
52.46000 150.163
52.47000 142.130
52.48000 135.006
52.49000 131.253
52.50000 134.807
52.51000 138.612
52.52000 140.384
52.53000 139.167
52.54000 137.923
52.55000 136.263
52.56000 134.204
52.57000 132.199
52.58000 134.557
52.59000 139.683
52.60000 144.527
52.61000 142.378
52.62000 137.213
52.63000 132.359
52.64000 134.528
52.65000 138.392
52.66000 141.343
52.67000 137.811
52.68000 133.010
52.69000 129.347
52.70000 130.882
52.71000 133.058
52.72000 134.726
52.73000 137.704
52.74000 140.128
52.75000 141.224
52.76000 139.539
52.77000 137.766
52.78000 136.226
52.79000 135.014
52.80000 133.805
52.81000 133.698
52.82000 134.609
52.83000 135.525
52.84000 136.760
52.85000 138.192
52.86000 139.471
52.87000 137.252
52.88000 133.577
52.89000 130.136
52.90000 127.482
52.91000 125.271
52.92000 123.983
52.93000 128.976
52.94000 135.149
52.95000 140.488
52.96000 142.157
52.97000 143.393
52.98000 144.333
52.99000 142.921
53.00000 141.690
53.01000 141.949
53.02000 145.220
53.03000 148.578
53.04000 149.195
53.05000 146.072
53.06000 142.928
53.07000 144.129
53.08000 149.177
53.09000 154.108
53.10000 151.837
53.11000 145.314
53.12000 139.124
53.13000 140.021
53.14000 143.767
53.15000 147.261
53.16000 148.802
53.17000 149.714
53.18000 150.419
53.19000 149.774
53.20000 148.886
53.21000 148.185
53.22000 148.285
53.23000 148.475
53.24000 148.618
53.25000 156.178
53.26000 162.451
53.27000 164.277
53.28000 157.427
53.29000 150.352
53.30000 147.556
53.31000 150.383
53.32000 153.233
53.33000 154.680
53.34000 154.929
53.35000 155.196
53.36000 156.391
53.37000 158.114
53.38000 159.676
53.39000 158.042
53.40000 155.165
53.41000 152.494
53.42000 154.049
53.43000 156.455
53.44000 158.162
53.45000 155.495
53.46000 152.068
53.47000 149.080
53.48000 147.887
53.49000 146.885
53.50000 146.139
53.51000 151.282
53.52000 155.550
53.53000 157.444
53.54000 154.864
53.55000 152.180
53.56000 151.929
53.57000 154.759
53.58000 157.595
53.59000 157.007
53.60000 153.618
53.61000 150.267
53.62000 148.746
53.63000 148.230
53.64000 147.721
53.65000 147.357
53.66000 147.046
53.67000 146.758
53.68000 146.553
53.69000 146.387
53.70000 146.089
53.71000 144.999
53.72000 143.776
53.73000 143.031
53.74000 144.163
53.75000 145.486
53.76000 146.462
53.77000 143.671
53.78000 141.350
53.79000 139.261
53.80000 137.594
53.81000 135.936
53.82000 135.677
53.83000 137.120
53.84000 138.564
53.85000 138.975
53.86000 138.570
53.87000 138.122
53.88000 135.778
53.89000 132.430
53.90000 129.294
53.91000 129.829
53.92000 131.693
53.93000 133.409
53.94000 131.565
53.95000 129.135
53.96000 127.572
53.97000 130.998
53.98000 135.221
53.99000 139.308
54.00000 142.877
54.01000 146.396
54.02000 148.965
54.03000 148.536
54.04000 148.088
54.05000 146.550
54.06000 143.099
54.07000 139.613
54.08000 139.419
54.09000 143.083
54.10000 146.743
54.11000 145.770
54.12000 141.301
54.13000 136.929
54.14000 136.316
54.15000 137.628
54.16000 138.885
54.17000 139.258
54.18000 139.321
54.19000 139.379
54.20000 137.286
54.21000 134.970
54.22000 133.412
54.23000 136.052
54.24000 139.335
54.25000 142.390
54.26000 144.612
54.27000 146.758
54.28000 148.309
54.29000 144.559
54.30000 141.491
54.31000 139.149
54.32000 138.036
54.33000 136.943
54.34000 136.636
54.35000 137.214
54.36000 137.791
54.37000 136.256
54.38000 133.199
54.39000 130.294
54.40000 132.702
54.41000 137.737
54.42000 142.600
54.43000 144.850
54.44000 146.217
54.45000 147.465
54.46000 142.271
54.47000 136.366
54.48000 132.096
54.49000 136.519
54.50000 142.219
54.51000 145.158
54.52000 138.360
54.53000 130.711
54.54000 125.245
54.55000 133.303
54.56000 139.903
54.57000 143.286
54.58000 141.414
54.59000 139.467
54.60000 139.036
54.61000 140.244
54.62000 141.448
54.63000 141.112
54.64000 139.703
54.65000 138.337
54.66000 138.319
54.67000 138.944
54.68000 139.355
54.69000 136.695
54.70000 133.034
54.71000 129.710
54.72000 131.602
54.73000 134.282
54.74000 137.255
54.75000 141.727
54.76000 146.411
54.77000 148.785
54.78000 143.297
54.79000 137.160
54.80000 132.822
54.81000 136.668
54.82000 139.839
54.83000 142.177
54.84000 143.201
54.85000 144.210
54.86000 142.671
54.87000 138.482
54.88000 134.316
54.89000 135.634
54.90000 140.622
54.91000 145.432
54.92000 145.086
54.93000 142.361
54.94000 139.800
54.95000 139.431
54.96000 139.752
54.97000 140.042
54.98000 140.153
54.99000 140.217
55.00000 140.577
55.01000 142.391
55.02000 144.400
55.03000 146.155
55.04000 147.076
55.05000 147.931
55.06000 148.529
55.07000 148.325
55.08000 148.148
55.09000 147.276
55.10000 145.347
55.11000 143.407
55.12000 143.399
55.13000 145.319
55.14000 147.227
55.15000 150.552
55.16000 154.746
55.17000 158.806
55.18000 159.334
55.19000 158.288
55.20000 157.359
55.21000 157.928
55.22000 158.952
55.23000 159.872
55.24000 161.561
55.25000 163.176
55.26000 164.324
55.27000 163.264
55.28000 161.919
55.29000 160.143
55.30000 156.997
55.31000 153.750
55.32000 151.507
55.33000 150.601
55.34000 149.954
55.35000 152.742
55.36000 160.559
55.37000 168.419
55.38000 172.960
55.39000 174.319
55.40000 175.668
55.41000 179.378
55.42000 184.494
55.43000 189.596
55.44000 194.351
55.45000 198.955
55.46000 203.295
55.47000 204.439
55.48000 204.647
55.49000 204.833
55.50000 214.120
55.51000 223.766
55.52000 231.127
55.53000 228.092
55.54000 223.779
55.55000 224.042
55.56000 238.300
55.57000 253.533
55.58000 263.934
55.59000 271.972
55.60000 277.929
55.61000 290.581
55.62000 312.682
55.63000 334.848
55.64000 347.415
55.65000 351.148
55.66000 354.849
55.67000 363.804
55.68000 375.731
55.69000 387.981
55.70000 407.568
55.71000 430.202
55.72000 451.498
55.73000 457.549
55.74000 459.292
55.75000 460.842
55.76000 482.929
55.77000 505.446
55.78000 524.482
55.79000 528.255
55.80000 530.238
55.81000 538.904
55.82000 567.301
55.83000 596.991
55.84000 617.017
55.85000 617.423
55.86000 617.309
55.87000 619.920
55.88000 626.235
55.89000 632.570
55.90000 636.142
55.91000 637.272
55.92000 638.390
55.93000 647.479
55.94000 660.959
55.95000 673.067
55.96000 656.266
55.97000 627.870
55.98000 601.662
55.99000 599.116
56.00000 603.018
56.01000 606.470
56.02000 595.136
56.03000 583.037
56.04000 571.923
56.05000 564.969
56.06000 558.481
56.07000 547.722
56.08000 524.787
56.09000 501.104
56.10000 485.327
56.11000 476.916
56.12000 470.831
56.13000 460.311
56.14000 443.980
56.15000 427.630
56.16000 414.214
56.17000 403.295
56.18000 392.506
56.19000 378.131
56.20000 362.124
56.21000 346.231
56.22000 332.590
56.23000 319.821
56.24000 307.467
56.25000 299.383
56.26000 292.420
56.27000 286.295
56.28000 269.807
56.29000 254.076
56.30000 239.902
56.31000 232.066
56.32000 224.906
56.33000 218.666
56.34000 214.957
56.35000 211.394
56.36000 209.050
56.37000 197.325
56.38000 188.532
56.39000 182.986
56.40000 181.534
56.41000 180.095
56.42000 178.342
56.43000 176.333
56.44000 174.350
56.45000 169.870
56.46000 164.180
56.47000 158.723
56.48000 157.529
56.49000 157.929
56.50000 157.997
56.51000 154.828
56.52000 150.837
56.53000 147.348
56.54000 151.800
56.55000 156.744
56.56000 159.971
56.57000 156.465
56.58000 152.275
56.59000 148.046
56.60000 143.715
56.61000 139.378
56.62000 136.563
56.63000 136.925
56.64000 137.238
56.65000 138.730
56.66000 141.652
56.67000 144.564
56.68000 143.588
56.69000 139.548
56.70000 135.571
56.71000 133.987
56.72000 133.679
56.73000 133.320
56.74000 132.066
56.75000 130.490
56.76000 129.184
56.77000 130.390
56.78000 132.208
56.79000 133.790
56.80000 135.016
56.81000 136.014
56.82000 136.456
56.83000 134.797
56.84000 132.936
56.85000 131.404
56.86000 130.717
56.87000 130.072
56.88000 129.660
56.89000 131.041
56.90000 132.072
56.91000 132.892
56.92000 133.466
56.93000 134.035
56.94000 133.744
56.95000 132.799
56.96000 131.871
56.97000 130.577
56.98000 129.146
56.99000 127.884
57.00000 129.337
57.01000 131.738
57.02000 133.745
57.03000 132.271
57.04000 129.978
57.05000 127.996
57.06000 131.924
57.07000 136.025
57.08000 138.361
57.09000 134.261
57.10000 129.570
57.11000 126.385
57.12000 126.930
57.13000 127.650
57.14000 128.104
57.15000 124.825
57.16000 122.406
57.17000 123.723
57.18000 129.233
57.19000 134.711
57.20000 134.192
57.21000 129.293
57.22000 124.486
57.23000 123.516
57.24000 124.405
57.25000 125.297
57.26000 126.229
57.27000 127.175
57.28000 127.896
57.29000 126.717
57.30000 125.109
57.31000 123.727
57.32000 126.071
57.33000 128.514
57.34000 129.845
57.35000 127.265
57.36000 124.345
57.37000 122.331
57.38000 122.485
57.39000 122.733
57.40000 122.888
57.41000 124.575
57.42000 125.806
57.43000 127.435
57.44000 129.493
57.45000 131.535
57.46000 131.334
57.47000 129.555
57.48000 127.813
57.49000 126.874
57.50000 126.340
57.51000 125.954
57.52000 127.665
57.53000 130.058
57.54000 131.768
57.55000 127.974
57.56000 122.978
57.57000 118.717
57.58000 120.688
57.59000 123.083
57.60000 125.289
57.61000 126.857
57.62000 128.372
57.63000 128.926
57.64000 127.261
57.65000 125.507
57.66000 124.430
57.67000 127.002
57.68000 128.877
57.69000 129.641
57.70000 129.254
57.71000 128.865
57.72000 128.320
57.73000 127.670
57.74000 127.035
57.75000 125.503
57.76000 123.642
57.77000 121.778
57.78000 119.883
57.79000 117.978
57.80000 116.338
57.81000 116.744
57.82000 117.580
57.83000 118.288
57.84000 121.050
57.85000 123.596
57.86000 124.807
57.87000 121.649
57.88000 118.151
57.89000 116.461
57.90000 118.805
57.91000 121.299
57.92000 122.806
57.93000 120.858
57.94000 119.445
57.95000 118.839
57.96000 119.038
57.97000 119.256
57.98000 121.292
57.99000 124.518
58.00000 127.662
58.01000 125.363
58.02000 120.864
58.03000 116.709
58.04000 116.919
58.05000 118.451
58.06000 119.814
58.07000 119.936
58.08000 119.807
58.09000 119.698
58.10000 123.554
58.11000 127.195
58.12000 130.374
58.13000 132.096
58.14000 133.710
58.15000 134.894
58.16000 135.149
58.17000 135.373
58.18000 135.506
58.19000 130.422
58.20000 126.788
58.21000 123.112
58.22000 119.397
58.23000 115.732
58.24000 116.075
58.25000 118.944
58.26000 121.734
58.27000 121.486
58.28000 120.012
58.29000 118.659
58.30000 118.766
58.31000 119.300
58.32000 119.727
58.33000 119.405
58.34000 118.938
58.35000 118.547
58.36000 117.854
58.37000 117.248
58.38000 117.667
58.39000 121.211
58.40000 124.972
58.41000 127.631
58.42000 128.001
58.43000 128.299
58.44000 128.474
58.45000 125.321
58.46000 123.083
58.47000 120.246
58.48000 116.857
58.49000 113.514
58.50000 113.281
58.51000 114.940
58.52000 116.549
58.53000 120.021
58.54000 124.041
58.55000 127.526
58.56000 124.947
58.57000 120.659
58.58000 116.567
58.59000 113.801
58.60000 111.283
58.61000 109.193
58.62000 114.558
58.63000 119.714
58.64000 122.054
58.65000 116.109
58.66000 109.623
58.67000 105.264
58.68000 105.177
58.69000 105.211
58.70000 105.230
58.71000 113.012
58.72000 118.490
58.73000 120.451
58.74000 119.313
58.75000 118.205
58.76000 118.914
58.77000 120.691
58.78000 122.410
58.79000 124.778
58.80000 127.260
58.81000 129.295
58.82000 126.520
58.83000 122.437
58.84000 119.149
58.85000 121.007
58.86000 123.788
58.87000 126.079
58.88000 119.400
58.89000 113.082
58.90000 109.246
58.91000 112.464
58.92000 116.114
58.93000 117.570
58.94000 114.771
58.95000 111.864
58.96000 110.214
58.97000 117.770
58.98000 123.050
58.99000 123.691
59.00000 120.400
59.01000 117.119
59.02000 114.372
59.03000 111.928
59.04000 109.571
59.05000 110.447
59.06000 112.445
59.07000 114.423
59.08000 116.194
59.09000 117.911
59.10000 119.499
59.11000 120.287
59.12000 120.936
59.13000 121.468
59.14000 118.789
59.15000 116.317
59.16000 114.219
59.17000 113.151
59.18000 112.141
59.19000 113.920
59.20000 120.918
59.21000 128.036
59.22000 132.007
59.23000 121.202
59.24000 113.707
59.25000 111.685
59.26000 114.128
59.27000 116.583
59.28000 119.574
59.29000 122.857
59.30000 126.015
59.31000 127.388
59.32000 128.051
59.33000 128.227
59.34000 123.669
59.35000 117.914
59.36000 112.891
59.37000 112.222
59.38000 112.273
59.39000 112.314
59.40000 115.625
59.41000 118.594
59.42000 119.965
59.43000 117.104
59.44000 114.016
59.45000 114.191
59.46000 120.264
59.47000 126.458
59.48000 129.853
59.49000 120.973
59.50000 114.860
59.51000 112.452
59.52000 112.953
59.53000 113.485
59.54000 115.292
59.55000 117.771
59.56000 120.148
59.57000 120.570
59.58000 120.307
59.59000 120.178
59.60000 121.292
59.61000 122.709
59.62000 123.686
59.63000 122.155
59.64000 120.224
59.65000 118.670
59.66000 118.237
59.67000 117.972
59.68000 116.948
59.69000 113.982
59.70000 110.919
59.71000 109.554
59.72000 111.152
59.73000 112.804
59.74000 113.693
59.75000 117.013
59.76000 119.276
59.77000 119.740
59.78000 118.844
59.79000 117.909
59.80000 115.498
59.81000 112.335
59.82000 109.312
59.83000 109.416
59.84000 110.524
59.85000 111.253
59.86000 108.635
59.87000 105.233
59.88000 103.471
59.89000 110.722
59.90000 119.345
59.91000 126.232
59.92000 118.814
59.93000 111.768
59.94000 107.495
59.95000 110.075
59.96000 112.973
59.97000 115.896
59.98000 118.860
59.99000 121.825
60.00000 123.391
60.01000 121.779
60.02000 120.685
60.03000 120.056
60.04000 119.766
60.05000 119.454
60.06000 118.378
60.07000 116.926
60.08000 115.543
60.09000 112.925
60.10000 110.115
60.11000 107.781
60.12000 109.453
60.13000 112.030
60.14000 114.375
60.15000 115.492
60.16000 116.429
60.17000 117.172
60.18000 116.041
60.19000 115.001
60.20000 114.187
60.21000 113.914
60.22000 113.664
60.23000 112.977
60.24000 111.582
60.25000 110.177
60.26000 109.449
60.27000 113.091
60.28000 115.547
60.29000 117.697
60.30000 119.632
60.31000 121.516
60.32000 121.778
60.33000 121.270
60.34000 120.788
60.35000 117.096
60.36000 112.728
60.37000 109.562
60.38000 116.048
60.39000 124.633
60.40000 130.945
60.41000 125.716
60.42000 118.876
60.43000 113.504
60.44000 111.743
60.45000 110.571
60.46000 109.662
60.47000 109.360
60.48000 109.081
60.49000 110.974
60.50000 116.266
60.51000 121.599
60.52000 124.308
60.53000 115.071
60.54000 108.918
60.55000 106.920
60.56000 107.733
60.57000 108.629
60.58000 111.910
60.59000 116.283
60.60000 120.420
60.61000 117.689
60.62000 113.205
60.63000 109.308
60.64000 109.923
60.65000 111.483
60.66000 113.243
60.67000 115.980
60.68000 118.848
60.69000 121.080
60.70000 117.107
60.71000 113.561
60.72000 111.349
60.73000 112.107
60.74000 112.975
60.75000 114.436
60.76000 116.794
60.77000 119.160
60.78000 118.294
60.79000 114.222
60.80000 110.184
60.81000 109.245
60.82000 110.326
60.83000 111.444
60.84000 113.540
60.85000 116.068
60.86000 118.451
60.87000 118.286
60.88000 117.430
60.89000 116.718
60.90000 117.054
60.91000 117.602
60.92000 117.948
60.93000 117.346
60.94000 116.623
60.95000 116.066
60.96000 115.020
60.97000 114.164
60.98000 112.692
60.99000 109.900
61.00000 107.064
61.01000 107.906
61.02000 114.101
61.03000 120.341
61.04000 123.828
61.05000 124.694
61.06000 125.556
61.07000 126.094
61.08000 126.428
61.09000 126.744
61.10000 126.639
61.11000 126.355
61.12000 126.088
61.13000 127.381
61.14000 128.975
61.15000 130.105
61.16000 127.976
61.17000 125.215
61.18000 123.122
61.19000 124.046
61.20000 125.339
61.21000 126.327
61.22000 123.889
61.23000 121.780
61.24000 121.053
61.25000 123.193
61.26000 125.421
61.27000 125.800
61.28000 123.586
61.29000 121.355
61.30000 121.178
61.31000 122.877
61.32000 124.535
61.33000 123.395
61.34000 120.558
61.35000 117.938
61.36000 120.175
61.37000 124.416
61.38000 128.384
61.39000 126.529
61.40000 123.358
61.41000 120.727
61.42000 121.731
61.43000 123.410
61.44000 125.378
61.45000 128.600
61.46000 131.968
61.47000 134.520
61.48000 137.838
61.49000 140.481
61.50000 144.719
61.51000 152.151
61.52000 159.673
61.53000 166.298
61.54000 171.710
61.55000 177.113
61.56000 189.097
61.57000 206.839
61.58000 224.535
61.59000 239.559
61.60000 253.020
61.61000 265.971
61.62000 268.283
61.63000 266.352
61.64000 264.554
61.65000 270.039
61.66000 276.786
61.67000 282.931
61.68000 285.196
61.69000 286.767
61.70000 287.431
61.71000 284.290
61.72000 280.726
61.73000 278.052
61.74000 274.566
61.75000 271.805
61.76000 267.103
61.77000 258.648
61.78000 250.098
61.79000 237.582
61.80000 219.907
61.81000 202.225
61.82000 191.399
61.83000 186.378
61.84000 181.299
61.85000 173.202
61.86000 163.399
61.87000 153.700
61.88000 146.016
61.89000 139.107
61.90000 132.697
61.91000 132.088
61.92000 132.905
61.93000 133.111
61.94000 129.534
61.95000 125.307
61.96000 122.460
61.97000 125.199
61.98000 128.528
61.99000 131.002
62.00000 130.263
62.01000 129.547
62.02000 128.737
62.03000 127.753
62.04000 126.765
62.05000 127.165
62.06000 129.304
62.07000 131.445
62.08000 133.268
62.09000 134.826
62.10000 136.310
62.11000 134.338
62.12000 130.483
62.13000 126.805
62.14000 126.351
62.15000 127.096
62.16000 127.784
62.17000 126.171
62.18000 124.203
62.19000 122.511
62.20000 122.452
62.21000 122.663
62.22000 122.961
62.23000 123.598
62.24000 124.270
62.25000 124.763
62.26000 121.909
62.27000 119.563
62.28000 117.912
62.29000 117.513
62.30000 117.140
62.31000 116.962
62.32000 117.018
62.33000 117.075
62.34000 118.735
62.35000 121.633
62.36000 124.493
62.37000 125.809
62.38000 126.313
62.39000 126.773
62.40000 126.508
62.41000 125.982
62.42000 125.499
62.43000 124.388
62.44000 123.259
62.45000 122.844
62.46000 126.493
62.47000 130.785
62.48000 133.875
62.49000 132.452
62.50000 130.596
62.51000 129.245
62.52000 132.986
62.53000 136.061
62.54000 135.805
62.55000 129.759
62.56000 123.608
62.57000 121.071
62.58000 122.727
62.59000 124.384
62.60000 124.670
62.61000 123.926
62.62000 123.249
62.63000 125.060
62.64000 128.134
62.65000 130.901
62.66000 128.782
62.67000 124.970
62.68000 121.479
62.69000 123.172
62.70000 125.756
62.71000 127.960
62.72000 128.083
62.73000 127.891
62.74000 127.438
62.75000 126.041
62.76000 124.559
62.77000 123.491
62.78000 124.367
62.79000 125.106
62.80000 126.819
62.81000 130.166
62.82000 133.538
62.83000 133.607
62.84000 129.993
62.85000 126.390
62.86000 125.392
62.87000 126.279
62.88000 127.138
62.89000 127.077
62.90000 126.563
62.91000 126.030
62.92000 125.204
62.93000 124.280
62.94000 123.437
62.95000 125.281
62.96000 127.450
62.97000 129.250
62.98000 129.110
62.99000 128.689
63.00000 128.097
63.01000 126.912
63.02000 125.675
63.03000 124.794
63.04000 128.536
63.05000 131.539
63.06000 134.087
63.07000 135.899
63.08000 137.700
63.09000 138.796
63.10000 139.137
63.11000 139.477
63.12000 138.378
63.13000 136.295
63.14000 134.107
63.15000 128.665
63.16000 121.683
63.17000 115.387
63.18000 118.743
63.19000 125.218
63.20000 131.090
63.21000 130.492
63.22000 128.728
63.23000 127.348
63.24000 127.913
63.25000 128.749
63.26000 129.133
63.27000 127.990
63.28000 126.722
63.29000 125.829
63.30000 129.951
63.31000 133.229
63.32000 136.259
63.33000 138.905
63.34000 141.545
63.35000 142.032
63.36000 140.302
63.37000 138.581
63.38000 137.597
63.39000 137.117
63.40000 136.597
63.41000 134.980
63.42000 132.861
63.43000 130.625
63.44000 126.835
63.45000 122.560
63.46000 118.702
63.47000 121.863
63.48000 125.927
63.49000 129.407
63.50000 130.049
63.51000 130.313
63.52000 130.185
63.53000 128.779
63.54000 127.275
63.55000 126.227
63.56000 131.671
63.57000 135.957
63.58000 139.208
63.59000 140.899
63.60000 142.575
63.61000 144.210
63.62000 145.805
63.63000 147.389
63.64000 145.914
63.65000 142.504
63.66000 139.168
63.67000 137.780
63.68000 137.251
63.69000 136.905
63.70000 138.858
63.71000 141.503
63.72000 143.878
63.73000 139.315
63.74000 134.106
63.75000 130.260
63.76000 132.801
63.77000 136.155
63.78000 137.917
63.79000 134.678
63.80000 131.075
63.81000 128.594
63.82000 132.876
63.83000 136.261
63.84000 137.427
63.85000 135.371
63.86000 133.290
63.87000 133.470
63.88000 135.796
63.89000 138.103
63.90000 139.908
63.91000 141.371
63.92000 142.730
63.93000 141.577
63.94000 139.353
63.95000 137.423
63.96000 138.987
63.97000 141.565
63.98000 143.868
63.99000 138.334
64.00000 132.197
64.01000 127.848
64.02000 131.556
64.03000 136.244
64.04000 139.939
64.05000 140.624
64.06000 141.102
64.07000 141.428
64.08000 147.379
64.09000 151.953
64.10000 153.858
64.11000 152.031
64.12000 150.180
64.13000 149.202
64.14000 149.020
64.15000 148.839
64.16000 149.895
64.17000 151.663
64.18000 153.212
64.19000 149.890
64.20000 144.562
64.21000 139.831
64.22000 141.811
64.23000 145.672
64.24000 149.101
64.25000 148.742
64.26000 147.822
64.27000 147.236
64.28000 148.106
64.29000 149.145
64.30000 149.840
64.31000 149.526
64.32000 149.148
64.33000 148.894
64.34000 150.251
64.35000 151.293
64.36000 152.041
64.37000 152.392
64.38000 152.740
64.39000 151.932
64.40000 150.112
64.41000 148.311
64.42000 148.491
64.43000 149.796
64.44000 151.065
64.45000 151.590
64.46000 151.820
64.47000 152.264
64.48000 155.002
64.49000 158.359
64.50000 161.325
64.51000 163.366
64.52000 164.986
64.53000 165.174
64.54000 159.373
64.55000 152.909
64.56000 148.616
64.57000 150.454
64.58000 152.663
64.59000 154.130
64.60000 160.285
64.61000 164.922
64.62000 165.481
64.63000 160.747
64.64000 156.007
64.65000 159.887
64.66000 171.028
64.67000 182.033
64.68000 182.750
64.69000 177.803
64.70000 172.901
64.71000 168.860
64.72000 165.148
64.73000 161.778
64.74000 161.873
64.75000 162.870
64.76000 163.745
64.77000 164.487
64.78000 165.105
64.79000 166.358
64.80000 170.175
64.81000 174.262
64.82000 177.296
64.83000 177.459
64.84000 177.459
64.85000 177.459
64.86000 175.731
64.87000 174.433
64.88000 172.925
64.89000 171.155
64.90000 169.394
64.91000 170.946
64.92000 175.182
64.93000 179.360
64.94000 182.617
64.95000 185.295
64.96000 187.695
64.97000 185.057
64.98000 180.553
64.99000 176.902
65.00000 181.479
65.01000 188.121
65.02000 193.921
65.03000 192.879
65.04000 191.025
65.05000 190.575
65.06000 195.581
65.07000 201.133
65.08000 204.326
65.09000 201.305
65.10000 197.955
65.11000 195.788
65.12000 205.740
65.13000 213.197
65.14000 214.117
65.15000 207.179
65.16000 200.251
65.17000 200.466
65.18000 206.252
65.19000 211.947
65.20000 213.276
65.21000 212.343
65.22000 211.581
65.23000 213.688
65.24000 216.823
65.25000 220.070
65.26000 224.356
65.27000 228.893
65.28000 232.831
65.29000 235.188
65.30000 236.984
65.31000 238.888
65.32000 241.195
65.33000 243.541
65.34000 247.300
65.35000 254.652
65.36000 262.182
65.37000 266.988
65.38000 258.927
65.39000 252.896
65.40000 253.282
65.41000 261.087
65.42000 268.875
65.43000 271.218
65.44000 269.470
65.45000 267.753
65.46000 268.132
65.47000 269.524
65.48000 271.372
65.49000 280.441
65.50000 292.004
65.51000 302.505
65.52000 303.703
65.53000 302.733
65.54000 301.896
65.55000 309.692
65.56000 317.413
65.57000 326.878
65.58000 342.647
65.59000 358.986
65.60000 372.696
65.61000 379.950
65.62000 386.907
65.63000 391.286
65.64000 413.275
65.65000 429.384
65.66000 463.596
65.67000 517.929
65.68000 572.373
65.69000 642.119
65.70000 722.939
65.71000 802.182
65.72000 904.089
65.73000 1012.878
65.74000 1123.074
65.75000 1254.192
65.76000 1392.291
65.77000 1525.644
65.78000 1619.362
65.79000 1704.183
65.80000 1776.895
65.81000 1833.424
65.82000 1879.186
65.83000 1919.539
65.84000 1941.044
65.85000 1960.933
65.86000 1970.779
65.87000 1956.802
65.88000 1941.812
65.89000 1932.509
65.90000 1921.317
65.91000 1913.246
65.92000 1870.934
65.93000 1792.055
65.94000 1713.035
65.95000 1617.197
65.96000 1509.631
65.97000 1404.389
65.98000 1279.431
65.99000 1150.577
66.00000 1023.275
66.01000 917.705
66.02000 819.133
66.03000 724.790
66.04000 664.168
66.05000 610.834
66.06000 565.409
66.07000 511.943
66.08000 466.054
66.09000 427.182
66.10000 411.897
66.11000 398.527
66.12000 389.340
66.13000 389.735
66.14000 390.506
66.15000 390.978
66.16000 383.332
66.17000 377.793
66.18000 372.324
66.19000 366.928
66.20000 361.569
66.21000 360.197
66.22000 361.505
66.23000 362.782
66.24000 373.941
66.25000 388.923
66.26000 403.921
66.27000 419.131
66.28000 434.407
66.29000 451.381
66.30000 481.307
66.31000 513.926
66.32000 541.523
66.33000 558.363
66.34000 571.264
66.35000 582.563
66.36000 588.667
66.37000 594.371
66.38000 599.778
66.39000 604.525
66.40000 609.249
66.41000 612.095
66.42000 611.917
66.43000 611.769
66.44000 612.672
66.45000 614.611
66.46000 616.415
66.47000 606.198
66.48000 588.190
66.49000 570.651
66.50000 551.955
66.51000 533.646
66.52000 515.272
66.53000 496.076
66.54000 476.632
66.55000 457.158
66.56000 437.461
66.57000 417.718
66.58000 401.129
66.59000 382.464
66.60000 366.693
66.61000 354.268
66.62000 352.319
66.63000 351.129
66.64000 351.418
66.65000 354.867
66.66000 358.421
66.67000 360.530
66.68000 346.419
66.69000 336.343
66.70000 331.636
66.71000 332.006
66.72000 332.427
66.73000 336.727
66.74000 343.451
66.75000 349.985
66.76000 353.312
66.77000 355.178
66.78000 356.726
66.79000 354.520
66.80000 351.228
66.81000 347.947
66.82000 344.751
66.83000 341.571
66.84000 338.918
66.85000 343.952
66.86000 348.900
66.87000 352.028
66.88000 349.657
66.89000 346.911
66.90000 345.472
66.91000 346.729
66.92000 348.068
66.93000 348.849
66.94000 352.804
66.95000 355.601
66.96000 358.412
66.97000 361.236
66.98000 364.037
66.99000 365.277
67.00000 365.577
67.01000 365.868
67.02000 369.721
67.03000 374.752
67.04000 379.604
67.05000 382.453
67.06000 384.744
67.07000 385.968
67.08000 380.067
67.09000 372.849
67.10000 366.869
67.11000 368.118
67.12000 369.838
67.13000 370.455
67.14000 367.854
67.15000 365.046
67.16000 364.613
67.17000 368.910
67.18000 373.337
67.19000 375.880
67.20000 373.763
67.21000 372.267
67.22000 371.470
67.23000 371.283
67.24000 371.196
67.25000 376.829
67.26000 385.791
67.27000 394.451
67.28000 394.213
67.29000 390.662
67.30000 387.163
67.31000 384.214
67.32000 381.413
67.33000 379.712
67.34000 385.060
67.35000 391.660
67.36000 397.088
67.37000 389.817
67.38000 382.691
67.39000 379.330
67.40000 386.573
67.41000 394.455
67.42000 399.720
67.43000 399.951
67.44000 400.058
67.45000 400.118
67.46000 413.900
67.47000 423.508
67.48000 426.891
67.49000 425.047
67.50000 423.267
67.51000 424.689
67.52000 427.909
67.53000 431.013
67.54000 429.616
67.55000 426.685
67.56000 424.179
67.57000 425.962
67.58000 428.858
67.59000 431.251
67.60000 430.551
67.61000 429.322
67.62000 428.319
67.63000 434.283
67.64000 439.759
67.65000 444.881
67.66000 449.037
67.67000 453.139
67.68000 454.028
67.69000 448.954
67.70000 443.747
67.71000 440.855
67.72000 457.533
67.73000 469.061
67.74000 468.011
67.75000 456.797
67.76000 445.710
67.77000 440.331
67.78000 438.045
67.79000 435.848
67.80000 442.678
67.81000 452.197
67.82000 461.034
67.83000 463.329
67.84000 463.987
67.85000 464.454
67.86000 463.793
67.87000 462.947
67.88000 462.263
67.89000 465.023
67.90000 467.550
67.91000 469.477
67.92000 469.825
67.93000 470.091
67.94000 472.952
67.95000 480.465
67.96000 488.070
67.97000 492.219
67.98000 491.686
67.99000 491.321
68.00000 492.694
68.01000 495.420
68.02000 498.091
68.03000 498.567
68.04000 497.893
68.05000 497.249
68.06000 500.604
68.07000 505.066
68.08000 509.203
68.09000 510.380
68.10000 510.843
68.11000 512.733
68.12000 522.710
68.13000 533.957
68.14000 542.993
68.15000 534.497
68.16000 526.263
68.17000 521.736
68.18000 526.610
68.19000 531.946
68.20000 535.901
68.21000 537.467
68.22000 538.991
68.23000 539.807
68.24000 550.392
68.25000 557.602
68.26000 560.776
68.27000 560.927
68.28000 561.087
68.29000 561.583
68.30000 562.250
68.31000 562.886
68.32000 568.171
68.33000 574.571
68.34000 580.906
68.35000 586.678
68.36000 592.320
68.37000 597.217
68.38000 598.061
68.39000 598.295
68.40000 598.481
68.41000 611.346
68.42000 622.645
68.43000 631.636
68.44000 634.971
68.45000 638.049
68.46000 644.812
68.47000 657.723
68.48000 670.729
68.49000 677.567
68.50000 685.575
68.51000 691.021
68.52000 698.924
68.53000 708.599
68.54000 718.396
68.55000 732.313
68.56000 748.236
68.57000 763.391
68.58000 779.516
68.59000 794.740
68.60000 811.971
68.61000 845.901
68.62000 883.568
68.63000 919.335
68.64000 945.169
68.65000 969.571
68.66000 988.858
68.67000 1056.099
68.68000 1113.378
68.69000 1162.846
68.70000 1193.841
68.71000 1224.055
68.72000 1267.235
68.73000 1331.275
68.74000 1395.594
68.75000 1428.761
68.76000 1452.151
68.77000 1468.066
68.78000 1504.404
68.79000 1554.938
68.80000 1605.464
68.81000 1655.780
68.82000 1705.997
68.83000 1753.626
68.84000 1831.129
68.85000 1911.431
68.86000 1996.131
68.87000 2115.782
68.88000 2242.963
68.89000 2407.571
68.90000 2760.334
68.91000 3139.083
68.92000 3435.904
68.93000 4617.170
68.94000 5618.330
68.95000 7026.063
68.96000 9362.442
68.97000 11735.101
68.98000 14529.229
68.99000 17977.354
69.00000 21432.984
69.01000 23179.754
69.02000 28011.875
69.03000 31238.752
69.04000 33801.582
69.05000 35919.434
69.06000 38011.969
69.07000 39396.000
69.08000 40458.027
69.09000 41461.789
69.10000 42109.563
69.11000 42603.145
69.12000 43118.855
69.13000 43802.578
69.14000 44521.133
69.15000 45211.617
69.16000 45766.328
69.17000 46303.102
69.18000 46720.109
69.19000 45932.289
69.20000 45232.477
69.21000 43929.422
69.22000 41295.805
69.23000 38614.355
69.24000 35980.008
69.25000 33416.137
69.26000 30852.977
69.27000 28673.301
69.28000 26869.928
69.29000 25072.797
69.30000 23825.445
69.31000 22933.303
69.32000 22057.162
69.33000 21593.012
69.34000 21309.672
69.35000 21042.857
69.36000 20531.916
69.37000 19997.756
69.38000 19387.123
69.39000 18221.033
69.40000 16944.154
69.41000 15571.146
69.42000 13750.738
69.43000 11873.835
69.44000 10428.712
69.45000 8568.313
69.46000 7071.857
69.47000 5732.124
69.48000 4726.190
69.49000 3731.256
69.50000 2955.282
69.51000 2495.090
69.52000 2037.487
69.53000 1733.376
69.54000 1573.926
69.55000 1415.051
69.56000 1299.466
69.57000 1210.857
69.58000 1123.590
69.59000 1068.240
69.60000 1026.418
69.61000 987.184
69.62000 957.211
69.63000 932.338
69.64000 905.595
69.65000 865.855
69.66000 823.622
69.67000 785.838
69.68000 767.986
69.69000 752.538
69.70000 740.753
69.71000 715.631
69.72000 695.125
69.73000 675.260
69.74000 656.712
69.75000 638.204
69.76000 627.785
69.77000 628.608
69.78000 629.503
69.79000 628.253
69.80000 625.064
69.81000 621.819
69.82000 614.944
69.83000 605.886
69.84000 596.684
69.85000 584.292
69.86000 570.594
69.87000 557.794
69.88000 543.657
69.89000 530.491
69.90000 519.057
69.91000 519.157
69.92000 521.383
69.93000 519.988
69.94000 502.966
69.95000 484.146
69.96000 469.922
69.97000 478.609
69.98000 486.566
69.99000 490.996
70.00000 488.424
