20.00000 477.828
20.01000 476.946
20.02000 475.938
20.03000 476.337
20.04000 482.272
20.05000 488.772
20.06000 493.565
20.07000 488.597
20.08000 484.339
20.09000 480.341
20.10000 476.818
20.11000 473.304
20.12000 472.043
20.13000 473.524
20.14000 475.009
20.15000 472.011
20.16000 465.501
20.17000 459.239
20.18000 463.583
20.19000 473.558
20.20000 482.849
20.21000 480.337
20.22000 473.551
20.23000 467.302
20.24000 463.989
20.25000 461.669
20.26000 459.676
20.27000 459.570
20.28000 459.766
20.29000 459.518
20.30000 457.589
20.31000 455.497
20.32000 453.969
20.33000 465.951
20.34000 475.715
20.35000 482.752
20.36000 485.005
20.37000 487.169
20.38000 489.051
20.39000 490.602
20.40000 492.148
20.41000 486.553
20.42000 475.596
20.43000 464.831
20.44000 461.456
20.45000 461.869
20.46000 462.539
20.47000 467.363
20.48000 473.642
20.49000 479.396
20.50000 475.582
20.51000 470.173
20.52000 464.767
20.53000 459.384
20.54000 454.003
20.55000 451.663
20.56000 460.442
20.57000 470.245
20.58000 477.326
20.59000 475.735
20.60000 474.202
20.61000 474.100
20.62000 476.424
20.63000 478.788
20.64000 479.968
20.65000 479.816
20.66000 479.664
20.67000 473.426
20.68000 462.814
20.69000 452.699
20.70000 459.856
20.71000 475.558
20.72000 490.176
20.73000 488.330
20.74000 480.924
20.75000 474.167
20.76000 475.069
20.77000 477.414
20.78000 478.835
20.79000 475.352
20.80000 471.148
20.81000 466.696
20.82000 461.365
20.83000 455.957
20.84000 452.093
20.85000 453.182
20.86000 454.178
20.87000 455.796
20.88000 458.427
20.89000 461.073
20.90000 462.711
20.91000 463.257
20.92000 463.801
20.93000 465.298
20.94000 467.445
20.95000 469.457
20.96000 467.153
20.97000 462.786
20.98000 459.378
20.99000 469.676
21.00000 484.442
21.01000 497.849
21.02000 487.186
21.03000 473.114
21.04000 460.444
21.05000 454.935
21.06000 450.434
21.07000 448.033
21.08000 452.782
21.09000 458.123
21.10000 461.898
21.11000 461.188
21.12000 460.512
21.13000 460.182
21.14000 460.399
21.15000 460.622
21.16000 462.961
21.17000 467.500
21.18000 472.015
21.19000 471.639
21.20000 467.980
21.21000 464.121
21.22000 454.466
21.23000 442.138
21.24000 431.048
21.25000 436.640
21.26000 447.481
21.27000 457.276
21.28000 462.571
21.29000 466.394
21.30000 469.090
21.31000 466.243
21.32000 462.649
21.33000 459.264
21.34000 456.563
21.35000 453.916
21.36000 452.066
21.37000 457.704
21.38000 462.175
21.39000 463.609
21.40000 460.427
21.41000 457.197
21.42000 451.882
21.43000 444.484
21.44000 437.134
21.45000 437.153
21.46000 441.938
21.47000 446.750
21.48000 452.285
21.49000 458.142
21.50000 464.374
21.51000 475.379
21.52000 487.833
21.53000 499.029
21.54000 482.894
21.55000 463.911
21.56000 449.814
21.57000 458.826
21.58000 470.812
21.59000 478.272
21.60000 471.387
21.61000 463.443
21.62000 457.954
21.63000 463.156
21.64000 467.342
21.65000 468.367
21.66000 464.762
21.67000 461.117
21.68000 465.875
21.69000 478.686
21.70000 491.400
21.71000 484.879
21.72000 466.502
21.73000 448.895
21.74000 450.191
21.75000 459.618
21.76000 469.135
21.77000 479.731
21.78000 490.645
21.79000 500.404
21.80000 487.288
21.81000 471.961
21.82000 460.344
21.83000 465.613
21.84000 472.959
21.85000 478.873
21.86000 480.407
21.87000 481.636
21.88000 482.475
21.89000 485.357
21.90000 487.560
21.91000 490.555
21.92000 494.667
21.93000 498.786
21.94000 501.056
21.95000 501.623
21.96000 502.185
21.97000 502.062
21.98000 501.531
21.99000 500.988
22.00000 500.178
22.01000 499.257
22.02000 498.336
22.03000 497.419
22.04000 496.503
22.05000 495.688
22.06000 503.168
22.07000 511.012
22.08000 516.214
22.09000 509.828
22.10000 502.083
22.11000 495.013
22.12000 489.941
22.13000 485.000
22.14000 481.667
22.15000 487.210
22.16000 491.522
22.17000 494.960
22.18000 497.210
22.19000 499.450
22.20000 498.217
22.21000 493.909
22.22000 489.645
22.23000 486.278
22.24000 483.501
22.25000 480.938
22.26000 482.907
22.27000 486.693
22.28000 489.488
22.29000 481.560
22.30000 470.709
22.31000 461.110
22.32000 466.668
22.33000 473.833
22.34000 479.070
22.35000 476.168
22.36000 472.354
22.37000 467.904
22.38000 461.641
22.39000 455.267
22.40000 451.020
22.41000 453.565
22.42000 455.578
22.43000 457.341
22.44000 458.776
22.45000 460.211
22.46000 462.686
22.47000 466.047
22.48000 469.368
22.49000 469.071
22.50000 466.778
22.51000 464.328
22.52000 458.790
22.53000 452.055
22.54000 446.115
22.55000 448.338
22.56000 452.706
22.57000 456.549
22.58000 457.344
22.59000 457.575
22.60000 457.136
22.61000 453.976
22.62000 450.526
22.63000 447.993
22.64000 447.984
22.65000 448.120
22.66000 448.210
22.67000 443.269
22.68000 439.546
22.69000 437.159
22.70000 436.459
22.71000 435.779
22.72000 441.123
22.73000 451.399
22.74000 461.536
22.75000 459.016
22.76000 449.817
22.77000 440.916
22.78000 437.486
22.79000 436.102
22.80000 434.719
22.81000 433.356
22.82000 431.997
22.83000 430.809
22.84000 436.472
22.85000 442.299
22.86000 446.060
22.87000 441.712
22.88000 436.542
22.89000 431.295
22.90000 425.847
22.91000 420.388
22.92000 416.844
22.93000 431.006
22.94000 441.648
22.95000 447.406
22.96000 447.236
22.97000 447.038
22.98000 442.565
22.99000 434.725
23.00000 427.004
23.01000 427.169
23.02000 431.375
23.03000 435.284
23.04000 434.096
23.05000 431.069
23.06000 428.068
23.07000 425.322
23.08000 422.637
23.09000 420.303
23.10000 425.117
23.11000 430.194
23.12000 434.133
23.13000 433.768
23.14000 432.988
23.15000 432.748
23.16000 433.896
23.17000 435.114
23.18000 435.894
23.19000 438.091
23.20000 439.710
23.21000 438.873
23.22000 435.166
23.23000 431.479
23.24000 433.034
23.25000 438.565
23.26000 444.002
23.27000 442.067
23.28000 436.555
23.29000 431.661
23.30000 436.695
23.31000 445.191
23.32000 452.304
23.33000 447.169
23.34000 439.151
23.35000 432.224
23.36000 431.979
23.37000 432.638
23.38000 433.207
23.39000 433.448
23.40000 433.660
23.41000 435.109
23.42000 439.627
23.43000 444.289
23.44000 447.234
23.45000 437.403
23.46000 430.130
23.47000 430.350
23.48000 438.983
23.49000 447.571
23.50000 447.319
23.51000 440.608
23.52000 434.024
23.53000 441.169
23.54000 454.578
23.55000 466.972
23.56000 464.018
23.57000 455.898
23.58000 448.935
23.59000 451.765
23.60000 456.815
23.61000 461.151
23.62000 471.161
23.63000 480.327
23.64000 485.123
23.65000 474.548
23.66000 462.637
23.67000 454.762
23.68000 456.547
23.69000 458.750
23.70000 460.123
23.71000 457.760
23.72000 456.020
23.73000 457.334
23.74000 461.944
23.75000 466.527
23.76000 467.430
23.77000 465.741
23.78000 464.087
23.79000 467.560
23.80000 473.242
23.81000 478.721
23.82000 481.326
23.83000 482.998
23.84000 484.576
23.85000 485.400
23.86000 486.058
23.87000 486.620
23.88000 492.353
23.89000 497.788
23.90000 503.031
23.91000 507.622
23.92000 512.159
23.93000 515.803
23.94000 517.382
23.95000 518.878
23.96000 519.796
23.97000 510.224
23.98000 503.273
23.99000 497.401
24.00000 492.648
24.01000 487.933
24.02000 487.391
24.03000 489.681
24.04000 491.917
24.05000 494.788
24.06000 497.815
24.07000 500.620
24.08000 500.447
24.09000 499.341
24.10000 498.025
24.11000 495.096
24.12000 491.829
24.13000 489.059
24.14000 479.741
24.15000 471.197
24.16000 463.882
24.17000 460.589
24.18000 457.610
24.19000 457.411
24.20000 463.420
24.21000 469.659
24.22000 473.432
24.23000 465.390
24.24000 459.573
24.25000 452.366
24.26000 443.776
24.27000 435.220
24.28000 429.882
24.29000 426.649
24.30000 423.498
24.31000 422.376
24.32000 422.165
24.33000 422.501
24.34000 429.764
24.35000 439.124
24.36000 447.110
24.37000 444.965
24.38000 440.773
24.39000 437.244
24.40000 431.399
24.41000 426.277
24.42000 422.218
24.43000 421.525
24.44000 421.078
24.45000 420.816
24.46000 420.952
24.47000 421.102
24.48000 421.191
24.49000 420.399
24.50000 419.833
24.51000 421.304
24.52000 424.722
24.53000 428.065
24.54000 425.499
24.55000 419.205
24.56000 413.087
24.57000 408.392
24.58000 404.510
24.59000 401.364
24.60000 407.052
24.61000 415.321
24.62000 422.388
24.63000 420.986
24.64000 417.936
24.65000 415.388
24.66000 413.705
24.67000 412.397
24.68000 410.935
24.69000 409.006
24.70000 407.045
24.71000 403.747
24.72000 397.667
24.73000 391.500
24.74000 387.884
24.75000 400.855
24.76000 410.071
24.77000 410.709
24.78000 403.478
24.79000 396.319
24.80000 394.093
24.81000 394.868
24.82000 395.620
24.83000 396.205
24.84000 396.694
24.85000 397.254
24.86000 398.630
24.87000 400.235
24.88000 401.956
24.89000 404.463
24.90000 407.117
24.91000 409.320
24.92000 415.713
24.93000 421.402
24.94000 423.863
24.95000 416.815
24.96000 409.148
24.97000 406.600
24.98000 414.341
24.99000 422.372
25.00000 427.004
25.01000 419.140
25.02000 413.583
25.03000 408.530
25.04000 403.921
25.05000 399.362
25.06000 397.730
25.07000 397.817
25.08000 397.902
25.09000 399.924
25.10000 402.564
25.11000 404.936
25.12000 404.412
25.13000 403.101
25.14000 401.372
25.15000 396.934
25.16000 392.010
25.17000 387.953
25.18000 394.486
25.19000 400.833
25.20000 405.195
25.21000 403.914
25.22000 402.287
25.23000 400.735
25.24000 399.328
25.25000 397.924
25.26000 397.127
25.27000 389.654
25.28000 384.442
25.29000 385.982
25.30000 393.248
25.31000 400.380
25.32000 400.457
25.33000 396.537
25.34000 392.756
25.35000 391.939
25.36000 392.248
25.37000 392.843
25.38000 396.365
25.39000 400.654
25.40000 404.020
25.41000 401.660
25.42000 398.312
25.43000 395.574
25.44000 389.024
25.45000 383.329
25.46000 379.517
25.47000 380.874
25.48000 382.528
25.49000 385.793
25.50000 392.075
25.51000 398.426
25.52000 401.968
25.53000 395.586
25.54000 391.155
25.55000 389.496
25.56000 390.100
25.57000 390.663
25.58000 389.300
25.59000 386.886
25.60000 384.564
25.61000 386.884
25.62000 390.681
25.63000 393.966
25.64000 392.280
25.65000 389.338
25.66000 387.385
25.67000 391.331
25.68000 396.253
25.69000 400.247
25.70000 399.603
25.71000 398.695
25.72000 396.103
25.73000 389.050
25.74000 381.757
25.75000 379.888
25.76000 387.824
25.77000 395.961
25.78000 400.421
25.79000 403.250
25.80000 405.184
25.81000 404.401
25.82000 401.485
25.83000 398.540
25.84000 394.411
25.85000 389.656
25.86000 385.097
25.87000 386.042
25.88000 388.775
25.89000 391.355
25.90000 392.523
25.91000 393.346
25.92000 394.490
25.93000 397.465
25.94000 400.731
25.95000 403.360
25.96000 399.873
25.97000 396.567
25.98000 392.610
25.99000 386.988
26.00000 381.283
26.01000 377.945
26.02000 378.738
26.03000 379.605
26.04000 380.072
26.05000 383.232
26.06000 385.376
26.07000 383.642
26.08000 378.975
26.09000 374.426
26.10000 374.327
26.11000 376.495
26.12000 378.566
26.13000 377.984
26.14000 376.583
26.15000 376.283
26.16000 385.692
26.17000 397.379
26.18000 405.865
26.19000 396.761
26.20000 384.978
26.21000 375.568
26.22000 378.762
26.23000 382.270
26.24000 382.742
26.25000 375.708
26.26000 368.325
26.27000 365.578
26.28000 370.633
26.29000 375.812
26.30000 378.548
26.31000 376.411
26.32000 374.951
26.33000 372.651
26.34000 369.738
26.35000 366.922
26.36000 367.438
26.37000 369.591
26.38000 371.643
26.39000 382.005
26.40000 394.190
26.41000 404.416
26.42000 398.151
26.43000 388.160
26.44000 379.333
26.45000 376.655
26.46000 374.874
26.47000 373.463
26.48000 385.902
26.49000 396.864
26.50000 401.189
26.51000 389.673
26.52000 377.473
26.53000 370.652
26.54000 372.565
26.55000 374.599
26.56000 375.653
26.57000 371.607
26.58000 368.924
26.59000 372.644
26.60000 380.858
26.61000 388.648
26.62000 383.205
26.63000 371.477
26.64000 360.343
26.65000 365.486
26.66000 375.101
26.67000 383.229
26.68000 379.417
26.69000 373.006
26.70000 367.972
26.71000 369.929
26.72000 372.863
26.73000 375.167
26.74000 372.082
26.75000 369.260
26.76000 372.368
26.77000 389.145
26.78000 406.466
26.79000 413.890
26.80000 405.814
26.81000 397.553
26.82000 393.356
26.83000 394.312
26.84000 394.972
26.85000 397.771
26.86000 402.017
26.87000 405.928
26.88000 400.263
26.89000 390.206
26.90000 380.693
26.91000 379.187
26.92000 380.106
26.93000 380.768
26.94000 379.461
26.95000 377.743
26.96000 377.238
26.97000 382.662
26.98000 388.877
26.99000 393.717
27.00000 389.079
27.01000 384.801
27.02000 382.521
27.03000 384.688
27.04000 387.018
27.05000 385.556
27.06000 378.369
27.07000 371.124
27.08000 366.996
27.09000 365.961
27.10000 364.920
27.11000 363.452
27.12000 361.706
27.13000 360.006
27.14000 359.495
27.15000 359.512
27.16000 359.528
27.17000 362.122
27.18000 365.209
27.19000 368.272
27.20000 371.149
27.21000 373.990
27.22000 377.272
27.23000 382.631
27.24000 388.256
27.25000 392.596
27.26000 389.730
27.27000 387.040
27.28000 384.033
27.29000 380.341
27.30000 376.627
27.31000 373.421
27.32000 370.954
27.33000 368.493
27.34000 367.510
27.35000 367.935
27.36000 368.343
27.37000 367.484
27.38000 365.828
27.39000 364.299
27.40000 365.833
27.41000 368.678
27.42000 371.350
27.43000 371.883
27.44000 371.802
27.45000 372.141
27.46000 375.442
27.47000 379.316
27.48000 381.762
27.49000 377.746
27.50000 372.941
27.51000 369.267
27.52000 372.189
27.53000 374.852
27.54000 376.998
27.55000 378.070
27.56000 379.108
27.57000 378.154
27.58000 374.403
27.59000 370.634
27.60000 367.225
27.61000 364.148
27.62000 361.169
27.63000 364.922
27.64000 372.757
27.65000 380.121
27.66000 376.912
27.67000 369.337
27.68000 362.251
27.69000 357.729
27.70000 354.276
27.71000 351.012
27.72000 349.021
27.73000 347.267
27.74000 346.179
27.75000 347.988
27.76000 350.135
27.77000 351.762
27.78000 359.974
27.79000 366.757
27.80000 370.429
27.81000 367.867
27.82000 365.130
27.83000 365.305
27.84000 369.415
27.85000 373.544
27.86000 372.540
27.87000 367.033
27.88000 361.622
27.89000 361.862
27.90000 365.410
27.91000 368.832
27.92000 369.631
27.93000 369.383
27.94000 369.153
27.95000 372.670
27.96000 376.770
27.97000 380.080
27.98000 378.295
27.99000 375.597
28.00000 373.531
28.01000 374.114
28.02000 374.992
28.03000 375.650
28.04000 375.183
28.05000 374.765
28.06000 376.005
28.07000 380.452
28.08000 384.980
28.09000 382.298
28.10000 370.230
28.11000 358.134
28.12000 352.446
28.13000 352.177
28.14000 351.954
28.15000 354.143
28.16000 357.693
28.17000 361.092
28.18000 361.539
28.19000 360.849
28.20000 360.209
28.21000 365.151
28.22000 370.918
28.23000 375.277
28.24000 370.925
28.25000 365.076
28.26000 359.763
28.27000 356.620
28.28000 353.707
28.29000 351.541
28.30000 352.559
28.31000 353.491
28.32000 354.574
28.33000 355.939
28.34000 357.309
28.35000 358.012
28.36000 357.878
28.37000 357.741
28.38000 355.704
28.39000 352.134
28.40000 348.686
28.41000 350.893
28.42000 356.181
28.43000 361.227
28.44000 361.888
28.45000 360.917
28.46000 360.021
28.47000 364.627
28.48000 370.004
28.49000 374.927
28.50000 377.161
28.51000 378.951
28.52000 379.471
28.53000 375.042
28.54000 370.115
28.55000 366.490
28.56000 371.484
28.57000 375.704
28.58000 376.388
28.59000 370.699
28.60000 364.882
28.61000 360.680
28.62000 358.428
28.63000 356.185
28.64000 355.713
28.65000 356.622
28.66000 357.491
28.67000 356.666
28.68000 354.951
28.69000 353.245
28.70000 351.689
28.71000 350.186
28.72000 348.805
28.73000 355.070
28.74000 362.327
28.75000 368.770
28.76000 370.577
28.77000 371.650
28.78000 372.510
28.79000 372.570
28.80000 372.554
28.81000 372.542
28.82000 368.799
28.83000 365.775
28.84000 363.855
28.85000 363.853
28.86000 363.885
28.87000 366.603
28.88000 372.435
28.89000 378.256
28.90000 378.866
28.91000 375.572
28.92000 372.309
28.93000 370.215
28.94000 368.715
28.95000 367.128
28.96000 364.168
28.97000 360.732
28.98000 357.585
28.99000 359.641
29.00000 362.552
29.01000 364.266
29.02000 359.422
29.03000 353.584
29.04000 349.467
29.05000 351.592
29.06000 354.283
29.07000 356.223
29.08000 363.300
29.09000 368.903
29.10000 371.606
29.11000 369.439
29.12000 367.194
29.13000 367.435
29.14000 370.448
29.15000 373.452
29.16000 370.944
29.17000 364.490
29.18000 358.252
29.19000 359.329
29.20000 363.993
29.21000 368.010
29.22000 362.358
29.23000 353.468
29.24000 345.368
29.25000 350.860
29.26000 358.439
29.27000 364.580
29.28000 363.151
29.29000 360.622
29.30000 359.355
29.31000 362.499
29.32000 366.023
29.33000 368.535
29.34000 372.856
29.35000 376.208
29.36000 375.921
29.37000 369.740
29.38000 363.478
29.39000 359.895
29.40000 359.185
29.41000 358.478
29.42000 354.319
29.43000 347.815
29.44000 341.642
29.45000 345.741
29.46000 354.704
29.47000 363.431
29.48000 368.833
29.49000 373.162
29.50000 377.088
29.51000 371.315
29.52000 364.366
29.53000 358.396
29.54000 357.383
29.55000 357.060
29.56000 356.837
29.57000 356.954
29.58000 357.099
29.59000 357.201
29.60000 356.988
29.61000 356.817
29.62000 358.665
29.63000 363.667
29.64000 368.707
29.65000 369.418
29.66000 365.672
29.67000 361.947
29.68000 360.862
29.69000 361.547
29.70000 362.293
29.71000 364.761
29.72000 368.017
29.73000 370.960
29.74000 369.757
29.75000 367.261
29.76000 365.008
29.77000 365.506
29.78000 366.449
29.79000 366.720
29.80000 363.720
29.81000 360.286
29.82000 359.665
29.83000 368.202
29.84000 377.445
29.85000 383.887
29.86000 382.145
29.87000 380.606
29.88000 378.269
29.89000 374.731
29.90000 371.181
29.91000 370.885
29.92000 373.804
29.93000 376.704
29.94000 378.734
29.95000 380.176
29.96000 381.613
29.97000 382.929
29.98000 384.192
29.99000 385.153
30.00000 382.331
30.01000 378.370
30.02000 374.813
30.03000 377.304
30.04000 380.544
30.05000 383.080
30.06000 382.310
30.07000 381.121
30.08000 378.281
30.09000 370.260
30.10000 361.862
30.11000 356.076
30.12000 373.982
30.13000 388.021
30.14000 392.838
30.15000 384.270
30.16000 375.591
30.17000 374.413
30.18000 380.351
30.19000 386.242
30.20000 381.636
30.21000 370.645
30.22000 360.062
30.23000 359.286
30.24000 362.691
30.25000 365.631
30.26000 363.042
30.27000 358.849
30.28000 355.103
30.29000 361.186
30.30000 368.137
30.31000 373.254
30.32000 370.095
30.33000 365.929
30.34000 362.858
30.35000 363.103
30.36000 363.576
30.37000 363.898
30.38000 363.191
30.39000 362.639
30.40000 363.280
30.41000 365.587
30.42000 367.905
30.43000 368.146
30.44000 366.495
30.45000 364.859
30.46000 369.255
30.47000 377.138
30.48000 384.734
30.49000 385.929
30.50000 384.489
30.51000 382.842
30.52000 378.869
30.53000 374.246
30.54000 370.138
30.55000 371.310
30.56000 373.176
30.57000 374.889
30.58000 375.943
30.59000 376.919
30.60000 376.780
30.61000 373.374
30.62000 369.757
30.63000 367.324
30.64000 377.202
30.65000 384.796
30.66000 386.690
30.67000 380.904
30.68000 375.082
30.69000 374.520
30.70000 378.567
30.71000 382.570
30.72000 389.149
30.73000 397.048
30.74000 404.310
30.75000 398.365
30.76000 387.168
30.77000 377.248
30.78000 380.955
30.79000 388.342
30.80000 394.869
30.81000 399.648
30.82000 403.507
30.83000 405.396
30.84000 399.050
30.85000 391.793
30.86000 387.226
30.87000 390.261
30.88000 393.756
30.89000 396.077
30.90000 406.159
30.91000 413.756
30.92000 418.435
30.93000 419.328
30.94000 420.215
30.95000 426.286
30.96000 436.725
30.97000 447.037
30.98000 456.697
30.99000 465.756
31.00000 474.270
31.01000 472.293
31.02000 466.287
31.03000 462.091
31.04000 476.241
31.05000 495.170
31.06000 511.797
31.07000 534.883
31.08000 555.680
31.09000 572.472
31.10000 573.117
31.11000 572.061
31.12000 574.655
31.13000 587.206
31.14000 600.321
31.15000 608.920
31.16000 636.830
31.17000 657.673
31.18000 673.106
31.19000 681.778
31.20000 690.450
31.21000 706.324
31.22000 728.037
31.23000 749.447
31.24000 765.938
31.25000 779.365
31.26000 792.842
31.27000 807.220
31.28000 821.932
31.29000 836.503
31.30000 849.715
31.31000 862.586
31.32000 873.826
31.33000 898.924
31.34000 922.353
31.35000 940.070
31.36000 935.586
31.37000 928.876
31.38000 921.193
31.39000 910.945
31.40000 900.562
31.41000 893.844
31.42000 890.555
31.43000 888.200
31.44000 880.705
31.45000 867.031
31.46000 853.364
31.47000 844.948
31.48000 840.629
31.49000 836.378
31.50000 813.481
31.51000 781.818
31.52000 751.050
31.53000 735.395
31.54000 725.149
31.55000 714.231
31.56000 697.142
31.57000 678.560
31.58000 662.430
31.59000 648.006
31.60000 635.944
31.61000 622.993
31.62000 606.709
31.63000 590.108
31.64000 574.423
31.65000 561.069
31.66000 547.829
31.67000 539.378
31.68000 529.189
31.69000 521.753
31.70000 509.352
31.71000 491.210
31.72000 473.092
31.73000 461.428
31.74000 454.615
31.75000 447.921
31.76000 444.569
31.77000 442.968
31.78000 440.765
31.79000 429.046
31.80000 414.038
31.81000 399.986
31.82000 394.308
31.83000 390.583
31.84000 387.369
31.85000 387.902
31.86000 388.835
31.87000 390.620
31.88000 395.482
31.89000 400.624
31.90000 404.669
31.91000 406.020
31.92000 407.248
31.93000 408.021
31.94000 392.744
31.95000 381.509
31.96000 377.506
31.97000 381.545
31.98000 385.564
31.99000 385.808
32.00000 383.319
32.01000 380.878
32.02000 375.560
32.03000 369.085
32.04000 362.933
32.05000 361.598
32.06000 361.869
32.07000 361.974
32.08000 360.688
32.09000 359.089
32.10000 357.718
32.11000 364.329
32.12000 370.888
32.13000 375.785
32.14000 374.888
32.15000 373.495
32.16000 370.237
32.17000 362.552
32.18000 354.679
32.19000 349.792
32.20000 356.094
32.21000 360.739
32.22000 359.861
32.23000 353.084
32.24000 346.318
32.25000 341.104
32.26000 336.971
32.27000 332.928
32.28000 331.906
32.29000 332.294
32.30000 332.869
32.31000 336.070
32.32000 340.115
32.33000 343.026
32.34000 336.882
32.35000 328.780
32.36000 321.879
32.37000 333.799
32.38000 346.015
32.39000 355.018
32.40000 353.212
32.41000 350.530
32.42000 347.416
32.43000 343.315
32.44000 339.174
32.45000 336.642
32.46000 344.257
32.47000 349.790
32.48000 349.082
32.49000 341.970
32.50000 334.889
32.51000 331.131
32.52000 329.608
32.53000 328.120
32.54000 325.560
32.55000 322.642
32.56000 319.851
32.57000 318.731
32.58000 318.130
32.59000 318.115
32.60000 322.566
32.61000 327.946
32.62000 332.499
32.63000 327.833
32.64000 322.905
32.65000 318.399
32.66000 315.261
32.67000 312.227
32.68000 311.506
32.69000 315.898
32.70000 320.477
32.71000 323.235
32.72000 325.730
32.73000 327.503
32.74000 327.523
32.75000 325.818
32.76000 324.151
32.77000 325.973
32.78000 330.056
32.79000 334.032
32.80000 339.178
32.81000 344.575
32.82000 351.137
32.83000 372.258
32.84000 397.746
32.85000 421.086
32.86000 428.760
32.87000 433.299
32.88000 437.113
32.89000 469.041
32.90000 498.613
32.91000 521.944
32.92000 525.728
32.93000 528.096
32.94000 530.534
32.95000 533.123
32.96000 535.716
32.97000 537.255
32.98000 535.031
32.99000 533.436
33.00000 531.501
33.01000 529.245
33.02000 526.943
33.03000 521.085
33.04000 513.005
33.05000 505.155
33.06000 489.253
33.07000 470.894
33.08000 452.550
33.09000 434.383
33.10000 416.266
33.11000 399.341
33.12000 390.741
33.13000 383.742
33.14000 377.902
33.15000 361.344
33.16000 346.534
33.17000 334.048
33.18000 328.588
33.19000 323.607
33.20000 316.505
33.21000 305.028
33.22000 293.417
33.23000 286.637
33.24000 293.819
33.25000 298.936
33.26000 303.395
33.27000 307.257
33.28000 310.984
33.29000 305.825
33.30000 295.308
33.31000 285.116
33.32000 282.870
33.33000 283.831
33.34000 285.143
33.35000 290.380
33.36000 296.713
33.37000 302.462
33.38000 304.312
33.39000 305.441
33.40000 306.376
33.41000 299.459
33.42000 292.998
33.43000 290.021
33.44000 297.207
33.45000 305.045
33.46000 308.767
33.47000 304.287
33.48000 299.581
33.49000 296.877
33.50000 299.299
33.51000 301.005
33.52000 297.777
33.53000 290.240
33.54000 282.792
33.55000 280.520
33.56000 281.258
33.57000 281.972
33.58000 286.207
33.59000 291.518
33.60000 296.271
33.61000 295.087
33.62000 292.305
33.63000 289.846
33.64000 289.460
33.65000 289.442
33.66000 289.428
33.67000 284.479
33.68000 279.965
33.69000 277.667
33.70000 281.615
33.71000 285.939
33.72000 286.997
33.73000 281.776
33.74000 276.399
33.75000 273.361
33.76000 287.946
33.77000 298.119
33.78000 300.624
33.79000 296.688
33.80000 292.754
33.81000 288.962
33.82000 285.248
33.83000 281.670
33.84000 285.350
33.85000 291.421
33.86000 297.011
33.87000 297.748
33.88000 297.224
33.89000 296.631
33.90000 295.616
33.91000 294.529
33.92000 293.641
33.93000 293.797
33.94000 294.013
33.95000 292.756
33.96000 287.490
33.97000 281.997
33.98000 280.174
33.99000 285.162
34.00000 290.302
34.01000 293.156
34.02000 301.183
34.03000 306.732
34.04000 309.639
34.05000 310.411
34.06000 311.138
34.07000 309.816
34.08000 307.384
34.09000 305.046
34.10000 304.930
34.11000 305.590
34.12000 306.475
34.13000 309.529
34.14000 313.124
34.15000 316.063
34.16000 315.125
34.17000 313.553
34.18000 312.280
34.19000 311.986
34.20000 311.827
34.21000 310.454
34.22000 305.893
34.23000 301.165
34.24000 298.459
34.25000 299.379
34.26000 300.372
34.27000 300.913
34.28000 309.051
34.29000 314.616
34.30000 311.225
34.31000 300.868
34.32000 290.801
34.33000 292.575
34.34000 300.541
34.35000 308.172
34.36000 307.317
34.37000 303.694
34.38000 300.793
34.39000 304.508
34.40000 309.818
34.41000 313.907
34.42000 311.084
34.43000 307.175
34.44000 304.034
34.45000 302.770
34.46000 301.890
34.47000 302.725
34.48000 307.915
34.49000 313.318
34.50000 315.134
34.51000 310.748
34.52000 306.251
34.53000 303.843
34.54000 301.115
34.55000 299.248
34.56000 296.300
34.57000 292.543
34.58000 288.948
34.59000 291.357
34.60000 296.796
34.61000 301.990
34.62000 300.855
34.63000 297.774
34.64000 294.770
34.65000 292.442
34.66000 290.272
34.67000 288.705
34.68000 290.426
34.69000 292.642
34.70000 294.408
34.71000 291.906
34.72000 289.578
34.73000 288.357
34.74000 289.848
34.75000 291.463
34.76000 295.112
34.77000 302.156
34.78000 309.252
34.79000 312.983
34.80000 299.135
34.81000 289.768
34.82000 285.137
34.83000 283.923
34.84000 282.614
34.85000 278.114
34.86000 272.057
34.87000 266.293
34.88000 266.779
34.89000 269.154
34.90000 271.132
34.91000 269.810
34.92000 267.749
34.93000 265.656
34.94000 263.397
34.95000 261.115
34.96000 259.310
34.97000 264.726
34.98000 269.569
34.99000 273.353
35.00000 274.631
35.01000 275.802
35.02000 275.399
35.03000 272.461
35.04000 269.489
35.05000 267.957
35.06000 264.385
35.07000 262.006
35.08000 262.980
35.09000 266.285
35.10000 269.456
35.11000 268.490
35.12000 265.578
35.13000 262.816
35.14000 268.718
35.15000 276.725
35.16000 284.098
35.17000 286.425
35.18000 287.665
35.19000 287.652
35.20000 281.344
35.21000 274.167
35.22000 268.541
35.23000 263.399
35.24000 259.320
35.25000 255.598
35.26000 252.691
35.27000 249.815
35.28000 251.725
35.29000 261.064
35.30000 270.488
35.31000 275.253
35.32000 268.039
35.33000 263.282
35.34000 265.821
35.35000 273.248
35.36000 280.352
35.37000 278.389
35.38000 272.304
35.39000 266.554
35.40000 268.572
35.41000 272.638
35.42000 276.118
35.43000 275.143
35.44000 273.244
35.45000 270.643
35.46000 264.647
35.47000 258.201
35.48000 253.194
35.49000 258.922
35.50000 264.131
35.51000 267.155
35.52000 265.359
35.53000 263.389
35.54000 261.411
35.55000 259.417
35.56000 257.424
35.57000 257.444
35.58000 259.440
35.59000 261.437
35.60000 263.546
35.61000 265.726
35.62000 267.645
35.63000 262.865
35.64000 255.145
35.65000 247.874
35.66000 256.200
35.67000 268.084
35.68000 278.211
35.69000 275.575
35.70000 270.392
35.71000 265.177
35.72000 259.811
35.73000 254.426
35.74000 250.280
35.75000 248.811
35.76000 247.802
35.77000 246.828
35.78000 245.929
35.79000 245.032
35.80000 245.792
35.81000 248.941
35.82000 252.110
35.83000 255.325
35.84000 258.584
35.85000 261.759
35.86000 258.642
35.87000 251.602
35.88000 244.966
35.89000 247.915
35.90000 254.928
35.91000 261.507
35.92000 259.880
35.93000 256.242
35.94000 253.363
35.95000 255.773
35.96000 259.197
35.97000 261.474
35.98000 258.612
35.99000 255.130
36.00000 252.473
36.01000 249.606
36.02000 247.337
36.03000 247.024
36.04000 250.738
36.05000 254.573
36.06000 255.969
36.07000 253.973
36.08000 251.956
36.09000 254.223
36.10000 260.363
36.11000 266.414
36.12000 266.653
36.13000 263.398
36.14000 260.267
36.15000 259.858
36.16000 260.564
36.17000 261.224
36.18000 259.085
36.19000 256.437
36.20000 253.868
36.21000 251.824
36.22000 249.877
36.23000 249.073
36.24000 253.207
36.25000 257.908
36.26000 261.462
36.27000 263.341
36.28000 264.731
36.29000 266.444
36.30000 268.801
36.31000 271.174
36.32000 271.218
36.33000 268.143
36.34000 265.053
36.35000 260.605
36.36000 254.985
36.37000 249.414
36.38000 246.713
36.39000 245.675
36.40000 244.785
36.41000 246.903
36.42000 250.210
36.43000 253.287
36.44000 256.292
36.45000 258.990
36.46000 260.874
36.47000 257.569
36.48000 253.344
36.49000 250.121
36.50000 251.064
36.51000 252.465
36.52000 253.513
36.53000 262.574
36.54000 270.019
36.55000 273.109
36.56000 267.850
36.57000 262.385
36.58000 259.754
36.59000 260.778
36.60000 261.815
36.61000 261.951
36.62000 261.333
36.63000 260.679
36.64000 258.211
36.65000 254.727
36.66000 251.374
36.67000 250.510
36.68000 250.596
36.69000 250.676
36.70000 252.372
36.71000 254.275
36.72000 255.733
36.73000 254.467
36.74000 252.739
36.75000 252.177
36.76000 256.291
36.77000 260.893
36.78000 264.305
36.79000 259.884
36.80000 256.111
36.81000 253.923
36.82000 254.670
36.83000 255.482
36.84000 257.076
36.85000 259.640
36.86000 262.203
36.87000 266.445
36.88000 272.018
36.89000 277.496
36.90000 278.668
36.91000 277.514
36.92000 276.335
36.93000 274.720
36.94000 272.944
36.95000 271.305
36.96000 268.816
36.97000 266.394
36.98000 263.768
36.99000 259.942
37.00000 255.919
37.01000 254.126
37.02000 260.950
37.03000 268.630
37.04000 274.265
37.05000 271.691
37.06000 269.370
37.07000 265.700
37.08000 259.621
37.09000 253.495
37.10000 249.211
37.11000 247.128
37.12000 245.054
37.13000 244.479
37.14000 245.063
37.15000 245.730
37.16000 249.749
37.17000 255.516
37.18000 260.795
37.19000 257.954
37.20000 252.222
37.21000 246.956
37.22000 250.413
37.23000 255.371
37.24000 259.687
37.25000 260.382
37.26000 260.510
37.27000 259.701
37.28000 255.403
37.29000 250.776
37.30000 247.416
37.31000 254.384
37.32000 260.129
37.33000 263.062
37.34000 261.146
37.35000 259.146
37.36000 257.445
37.37000 256.090
37.38000 254.739
37.39000 256.818
37.40000 261.424
37.41000 265.869
37.42000 264.462
37.43000 260.108
37.44000 255.456
37.45000 246.124
37.46000 235.185
37.47000 225.180
37.48000 232.270
37.49000 242.092
37.50000 250.632
37.51000 252.229
37.52000 252.782
37.53000 251.786
37.54000 245.222
37.55000 238.159
37.56000 233.084
37.57000 242.833
37.58000 250.806
37.59000 254.671
37.60000 251.701
37.61000 248.628
37.62000 245.579
37.63000 242.560
37.64000 239.551
37.65000 241.698
37.66000 247.500
37.67000 253.123
37.68000 252.789
37.69000 249.560
37.70000 246.872
37.71000 252.137
37.72000 260.040
37.73000 267.234
37.74000 267.192
37.75000 265.726
37.76000 264.121
37.77000 261.785
37.78000 259.345
37.79000 256.918
37.80000 254.535
37.81000 252.155
37.82000 250.464
37.83000 256.485
37.84000 261.315
37.85000 261.671
37.86000 254.849
37.87000 247.931
37.88000 245.354
37.89000 247.381
37.90000 249.400
37.91000 250.929
37.92000 252.106
37.93000 253.287
37.94000 254.598
37.95000 255.972
37.96000 256.986
37.97000 253.015
37.98000 247.448
37.99000 242.405
38.00000 244.509
38.01000 247.717
38.02000 250.007
38.03000 247.698
38.04000 244.757
38.05000 243.140
38.06000 245.953
38.07000 249.121
38.08000 251.349
38.09000 250.717
38.10000 250.154
38.11000 251.847
38.12000 257.030
38.13000 262.252
38.14000 264.094
38.15000 262.491
38.16000 260.897
38.17000 259.845
38.18000 259.163
38.19000 258.560
38.20000 260.168
38.21000 262.779
38.22000 265.458
38.23000 269.032
38.24000 272.883
38.25000 276.354
38.26000 281.856
38.27000 287.054
38.28000 290.973
38.29000 288.728
38.30000 285.671
38.31000 284.099
38.32000 287.317
38.33000 290.899
38.34000 293.388
38.35000 292.760
38.36000 292.203
38.37000 294.150
38.38000 299.830
38.39000 305.546
38.40000 311.471
38.41000 317.601
38.42000 323.688
38.43000 330.096
38.44000 336.606
38.45000 343.176
38.46000 351.254
38.47000 359.993
38.48000 368.696
38.49000 376.966
38.50000 385.107
38.51000 392.407
38.52000 403.844
38.53000 414.557
38.54000 426.994
38.55000 447.438
38.56000 468.889
38.57000 487.440
38.58000 496.966
38.59000 505.845
38.60000 511.944
38.61000 525.399
38.62000 535.669
38.63000 547.643
38.64000 562.066
38.65000 576.506
38.66000 579.873
38.67000 572.840
38.68000 565.865
38.69000 567.881
38.70000 575.344
38.71000 582.683
38.72000 587.053
38.73000 590.169
38.74000 592.835
38.75000 590.240
38.76000 586.130
38.77000 582.464
38.78000 560.941
38.79000 539.245
38.80000 518.946
38.81000 504.883
38.82000 491.570
38.83000 478.350
38.84000 465.411
38.85000 452.490
38.86000 443.722
38.87000 422.105
38.88000 405.693
38.89000 394.274
38.90000 389.774
38.91000 385.314
38.92000 375.023
38.93000 359.471
38.94000 344.067
38.95000 333.323
38.96000 325.535
38.97000 317.713
38.98000 309.126
38.99000 300.228
39.00000 291.946
39.01000 290.499
39.02000 290.949
39.03000 291.349
39.04000 285.190
39.05000 278.811
39.06000 273.275
39.07000 271.363
39.08000 269.866
39.09000 266.724
39.10000 258.811
39.11000 250.594
39.12000 245.086
39.13000 252.435
39.14000 258.148
39.15000 260.668
39.16000 258.926
39.17000 257.167
39.18000 258.987
39.19000 263.913
39.20000 268.784
39.21000 261.174
39.22000 246.691
39.23000 232.996
39.24000 235.320
39.25000 243.960
39.26000 251.973
39.27000 253.386
39.28000 253.032
39.29000 252.720
39.30000 244.531
39.31000 236.268
39.32000 230.105
39.33000 232.644
39.34000 236.133
39.35000 239.236
39.36000 241.252
39.37000 243.205
39.38000 244.497
39.39000 239.009
39.40000 234.835
39.41000 232.844
39.42000 233.660
39.43000 234.490
39.44000 236.768
39.45000 240.253
39.46000 243.695
39.47000 241.461
39.48000 236.201
39.49000 231.261
39.50000 232.387
39.51000 235.823
39.52000 239.013
39.53000 239.741
39.54000 239.834
39.55000 239.915
39.56000 240.287
39.57000 240.648
39.58000 240.646
39.59000 239.187
39.60000 237.577
39.61000 236.881
39.62000 238.657
39.63000 240.572
39.64000 241.823
39.65000 243.458
39.66000 244.665
39.67000 243.249
39.68000 238.586
39.69000 233.922
39.70000 231.844
39.71000 231.844
39.72000 231.844
39.73000 229.707
39.74000 226.516
39.75000 223.624
39.76000 226.041
39.77000 230.409
39.78000 234.820
39.79000 239.648
39.80000 244.580
39.81000 248.880
39.82000 242.221
39.83000 235.005
39.84000 229.428
39.85000 230.167
39.86000 231.530
39.87000 233.246
39.88000 235.880
39.89000 238.562
39.90000 240.292
39.91000 234.937
39.92000 230.925
39.93000 226.472
39.94000 221.494
39.95000 216.542
39.96000 218.230
39.97000 225.049
39.98000 231.758
39.99000 232.432
40.00000 230.046
40.01000 227.887
40.02000 229.505
40.03000 232.462
40.04000 234.851
40.05000 232.073
40.06000 228.056
40.07000 224.575
40.08000 232.876
40.09000 241.505
40.10000 247.787
40.11000 245.353
40.12000 242.099
40.13000 238.485
40.14000 233.962
40.15000 229.396
40.16000 226.490
40.17000 228.963
40.18000 230.827
40.19000 230.084
40.20000 226.357
40.21000 222.643
40.22000 222.084
40.23000 223.875
40.24000 225.633
40.25000 225.845
40.26000 225.301
40.27000 224.862
40.28000 226.057
40.29000 227.812
40.30000 228.970
40.31000 224.957
40.32000 219.749
40.33000 215.264
40.34000 217.586
40.35000 220.417
40.36000 221.914
40.37000 218.633
40.38000 214.926
40.39000 212.170
40.40000 211.728
40.41000 211.390
40.42000 211.178
40.43000 222.742
40.44000 231.226
40.45000 233.056
40.46000 227.563
40.47000 222.079
40.48000 218.456
40.49000 216.167
40.50000 213.923
40.51000 214.543
40.52000 216.474
40.53000 218.407
40.54000 220.375
40.55000 222.355
40.56000 223.909
40.57000 221.951
40.58000 219.212
40.59000 216.868
40.60000 210.215
40.61000 204.082
40.62000 200.535
40.63000 205.920
40.64000 212.060
40.65000 216.173
40.66000 215.514
40.67000 214.657
40.68000 214.126
40.69000 215.059
40.70000 215.743
40.71000 216.239
40.72000 216.538
40.73000 216.833
40.74000 216.731
40.75000 216.353
40.76000 215.984
40.77000 215.671
40.78000 215.396
40.79000 214.803
40.80000 209.827
40.81000 203.450
40.82000 197.848
40.83000 198.346
40.84000 200.150
40.85000 201.685
40.86000 203.167
40.87000 204.407
40.88000 207.183
40.89000 215.081
40.90000 223.389
40.91000 226.358
40.92000 217.204
40.93000 207.581
40.94000 201.718
40.95000 206.157
40.96000 209.412
40.97000 217.223
40.98000 229.661
40.99000 241.945
41.00000 238.527
41.01000 224.649
41.02000 211.109
41.03000 204.567
41.04000 201.338
41.05000 198.658
41.06000 203.136
41.07000 209.820
41.08000 216.145
41.09000 219.769
41.10000 222.837
41.11000 225.428
41.12000 222.334
41.13000 219.124
41.14000 215.830
41.15000 212.269
41.16000 208.688
41.17000 207.480
41.18000 211.478
41.19000 215.661
41.20000 218.172
41.21000 213.749
41.22000 210.559
41.23000 209.423
41.24000 210.286
41.25000 211.149
41.26000 211.964
41.27000 212.749
41.28000 213.512
41.29000 211.587
41.30000 208.637
41.31000 205.887
41.32000 205.608
41.33000 206.062
41.34000 206.564
41.35000 207.406
41.36000 208.315
41.37000 209.078
41.38000 204.236
41.39000 199.622
41.40000 197.544
41.41000 203.337
41.42000 209.693
41.43000 213.612
41.44000 212.372
41.45000 210.965
41.46000 210.133
41.47000 218.266
41.48000 224.060
41.49000 226.614
41.50000 226.136
41.51000 225.588
41.52000 219.944
41.53000 211.144
41.54000 202.600
41.55000 201.655
41.56000 203.797
41.57000 205.708
41.58000 204.915
41.59000 203.348
41.60000 201.760
41.61000 200.036
41.62000 198.285
41.63000 196.827
41.64000 209.045
41.65000 220.523
41.66000 226.941
41.67000 218.199
41.68000 208.438
41.69000 203.241
41.70000 207.378
41.71000 211.791
41.72000 214.357
41.73000 216.564
41.74000 218.111
41.75000 216.281
41.76000 211.415
41.77000 206.640
41.78000 207.699
41.79000 212.244
41.80000 216.645
41.81000 217.034
41.82000 215.858
41.83000 214.423
41.84000 210.126
41.85000 205.037
41.86000 200.992
41.87000 203.848
41.88000 207.969
41.89000 211.376
41.90000 207.721
41.91000 204.042
41.92000 201.685
41.93000 203.151
41.94000 204.859
41.95000 206.880
41.96000 209.520
41.97000 212.177
41.98000 213.697
41.99000 214.879
42.00000 215.703
42.01000 216.561
42.02000 217.450
42.03000 218.330
42.04000 218.738
42.05000 218.875
42.06000 219.007
42.07000 217.522
42.08000 215.524
42.09000 213.640
42.10000 212.955
42.11000 212.589
42.12000 212.807
42.13000 216.722
42.14000 221.287
42.15000 225.035
42.16000 223.222
42.17000 221.237
42.18000 219.445
42.19000 218.194
42.20000 216.975
42.21000 215.936
42.22000 215.239
42.23000 214.551
42.24000 214.164
42.25000 209.713
42.26000 206.618
42.27000 206.141
42.28000 207.842
42.29000 209.510
42.30000 209.567
42.31000 208.727
42.32000 207.919
42.33000 205.750
42.34000 203.229
42.35000 200.789
42.36000 199.147
42.37000 197.710
42.38000 196.736
42.39000 198.581
42.40000 200.902
42.41000 202.793
42.42000 206.991
42.43000 210.616
42.44000 212.802
42.45000 211.104
42.46000 209.191
42.47000 208.397
42.48000 209.663
42.49000 210.974
42.50000 211.699
42.51000 211.893
42.52000 212.024
42.53000 211.588
42.54000 210.700
42.55000 209.749
42.56000 206.028
42.57000 200.819
42.58000 195.817
42.59000 200.261
42.60000 207.656
42.61000 214.409
42.62000 215.086
42.63000 214.255
42.64000 213.422
42.65000 212.574
42.66000 211.723
42.67000 211.036
42.68000 216.077
42.69000 220.637
42.70000 222.926
42.71000 219.304
42.72000 215.375
42.73000 211.568
42.74000 207.980
42.75000 204.396
42.76000 202.449
42.77000 204.970
42.78000 206.701
42.79000 207.807
42.80000 208.433
42.81000 209.060
42.82000 209.744
42.83000 210.457
42.84000 211.140
42.85000 210.773
42.86000 210.086
42.87000 209.183
42.88000 206.334
42.89000 203.019
42.90000 200.196
42.91000 200.130
42.92000 200.492
42.93000 200.783
42.94000 207.490
42.95000 213.407
42.96000 216.516
42.97000 212.565
42.98000 208.272
42.99000 204.389
43.00000 201.207
43.01000 198.036
43.02000 196.346
43.03000 203.988
43.04000 209.193
43.05000 212.986
43.06000 215.731
43.07000 218.306
43.08000 214.786
43.09000 208.214
43.10000 201.945
43.11000 196.679
43.12000 192.110
43.13000 188.183
43.14000 189.795
43.15000 192.683
43.16000 194.914
43.17000 193.606
43.18000 191.771
43.19000 190.312
43.20000 194.578
43.21000 198.425
43.22000 200.397
43.23000 197.816
43.24000 195.030
43.25000 193.915
43.26000 195.560
43.27000 197.247
43.28000 198.130
43.29000 193.087
43.30000 189.696
43.31000 189.854
43.32000 192.550
43.33000 195.275
43.34000 198.950
43.35000 203.085
43.36000 207.018
43.37000 200.322
43.38000 190.888
43.39000 182.933
43.40000 187.132
43.41000 194.025
43.42000 199.577
43.43000 198.190
43.44000 195.811
43.45000 193.935
43.46000 190.141
43.47000 186.968
43.48000 185.352
43.49000 187.385
43.50000 189.570
43.51000 192.852
43.52000 197.883
43.53000 202.937
43.54000 205.530
43.55000 199.582
43.56000 195.594
43.57000 193.148
43.58000 191.763
43.59000 190.488
43.60000 192.490
43.61000 196.021
43.62000 199.367
43.63000 198.159
43.64000 195.711
43.65000 193.714
43.66000 195.259
43.67000 197.559
43.68000 198.484
43.69000 192.561
43.70000 185.701
43.71000 180.337
43.72000 188.583
43.73000 196.031
43.74000 199.682
43.75000 194.734
43.76000 189.457
43.77000 187.450
43.78000 190.472
43.79000 193.549
43.80000 195.097
43.81000 200.593
43.82000 204.229
43.83000 204.322
43.84000 202.062
43.85000 199.832
43.86000 198.421
43.87000 197.379
43.88000 196.394
43.89000 193.648
43.90000 190.633
43.91000 188.531
43.92000 193.287
43.93000 199.452
43.94000 203.804
43.95000 199.471
43.96000 194.004
43.97000 189.766
43.98000 189.539
43.99000 189.599
44.00000 188.670
44.01000 185.578
44.02000 182.411
44.03000 182.838
44.04000 188.597
44.05000 194.405
44.06000 196.053
44.07000 193.662
44.08000 191.300
44.09000 191.396
44.10000 193.068
44.11000 194.867
44.12000 199.866
44.13000 206.257
44.14000 212.270
44.15000 206.993
44.16000 199.113
44.17000 191.790
44.18000 188.466
44.19000 185.932
44.20000 184.466
44.21000 187.926
44.22000 192.000
44.23000 195.130
44.24000 192.019
44.25000 189.209
44.26000 189.916
44.27000 198.049
44.28000 206.422
44.29000 207.408
44.30000 197.835
44.31000 188.184
44.32000 183.603
44.33000 183.753
44.34000 183.923
44.35000 185.566
44.36000 188.119
44.37000 190.629
44.38000 192.156
44.39000 193.269
44.40000 194.312
44.41000 199.384
44.42000 205.049
44.43000 209.418
44.44000 204.872
44.45000 198.632
44.46000 193.034
44.47000 190.283
44.48000 187.872
44.49000 186.036
44.50000 191.129
44.51000 195.500
44.52000 198.185
44.53000 197.431
44.54000 196.576
44.55000 196.716
44.56000 198.225
44.57000 199.743
44.58000 198.027
44.59000 193.418
44.60000 188.943
44.61000 192.918
44.62000 201.927
44.63000 210.599
44.64000 211.972
44.65000 210.384
44.66000 208.901
44.67000 206.478
44.68000 204.046
44.69000 202.517
44.70000 206.941
44.71000 212.452
44.72000 217.327
44.73000 219.485
44.74000 221.333
44.75000 222.727
44.76000 219.426
44.77000 216.610
44.78000 215.432
44.79000 217.479
44.80000 219.612
44.81000 218.115
44.82000 211.804
44.83000 205.474
44.84000 206.161
44.85000 212.882
44.86000 219.544
44.87000 222.893
44.88000 224.336
44.89000 225.534
44.90000 221.790
44.91000 216.110
44.92000 210.829
44.93000 211.470
44.94000 213.472
44.95000 215.928
44.96000 221.252
44.97000 227.080
44.98000 231.457
44.99000 229.864
45.00000 227.623
45.01000 225.950
45.02000 223.567
45.03000 221.678
45.04000 219.786
45.05000 217.888
45.06000 215.991
45.07000 215.320
45.08000 216.217
45.09000 217.118
45.10000 215.849
45.11000 212.791
45.12000 209.741
45.13000 207.073
45.14000 204.616
45.15000 202.440
45.16000 205.514
45.17000 210.574
45.18000 215.260
45.19000 216.946
45.20000 217.770
45.21000 218.248
45.22000 216.635
45.23000 214.669
45.24000 212.366
45.25000 208.723
45.26000 204.943
45.27000 202.148
45.28000 207.079
45.29000 211.235
45.30000 213.485
45.31000 212.241
45.32000 210.922
45.33000 209.175
45.34000 206.902
45.35000 204.632
45.36000 203.096
45.37000 202.150
45.38000 201.234
45.39000 201.607
45.40000 202.671
45.41000 203.524
45.42000 200.702
45.43000 196.536
45.44000 192.696
45.45000 197.691
45.46000 204.120
45.47000 208.956
45.48000 204.525
45.49000 198.598
45.50000 194.237
45.51000 195.871
45.52000 198.093
45.53000 199.720
45.54000 199.072
45.55000 198.482
45.56000 196.728
45.57000 192.913
45.58000 189.058
45.59000 188.891
45.60000 193.083
45.61000 197.274
45.62000 196.548
45.63000 192.073
45.64000 187.739
45.65000 188.951
45.66000 193.030
45.67000 196.925
45.68000 197.809
45.69000 197.631
45.70000 197.467
45.71000 193.013
45.72000 188.130
45.73000 183.899
45.74000 183.311
45.75000 183.287
45.76000 183.603
45.77000 185.176
45.78000 186.866
45.79000 188.090
45.80000 176.548
45.81000 167.214
45.82000 163.623
45.83000 169.845
45.84000 176.232
45.85000 180.569
45.86000 182.574
45.87000 184.571
45.88000 183.610
45.89000 180.486
45.90000 177.476
45.91000 178.514
45.92000 181.572
45.93000 184.315
45.94000 182.204
45.95000 178.439
45.96000 175.000
45.97000 174.557
45.98000 174.775
45.99000 174.626
46.00000 172.515
46.01000 170.113
46.02000 169.050
46.03000 172.755
46.04000 176.881
46.05000 179.838
46.06000 174.692
46.07000 170.483
46.08000 169.675
46.09000 174.472
46.10000 179.352
46.11000 181.808
46.12000 181.614
46.13000 181.420
46.14000 181.089
46.15000 180.664
46.16000 180.225
46.17000 179.283
46.18000 178.100
46.19000 177.047
46.20000 177.886
46.21000 179.346
46.22000 180.674
46.23000 179.089
46.24000 177.119
46.25000 175.072
46.26000 172.624
46.27000 170.120
46.28000 168.770
46.29000 171.380
46.30000 174.322
46.31000 176.408
46.32000 181.602
46.33000 185.648
46.34000 187.655
46.35000 186.421
46.36000 185.144
46.37000 183.492
46.38000 181.444
46.39000 179.407
46.40000 179.579
46.41000 181.249
46.42000 182.892
46.43000 183.746
46.44000 184.233
46.45000 184.276
46.46000 178.242
46.47000 170.280
46.48000 163.076
46.49000 167.409
46.50000 173.383
46.51000 177.882
46.52000 175.055
46.53000 171.232
46.54000 169.250
46.55000 173.370
46.56000 177.973
46.57000 181.200
46.58000 175.512
46.59000 170.952
46.60000 169.364
46.61000 172.332
46.62000 175.350
46.63000 178.332
46.64000 181.277
46.65000 184.204
46.66000 185.052
46.67000 184.531
46.68000 183.868
46.69000 179.375
46.70000 173.162
46.71000 167.550
46.72000 169.707
46.73000 174.243
46.74000 178.327
46.75000 181.141
46.76000 183.380
46.77000 183.915
46.78000 176.308
46.79000 167.643
46.80000 162.031
46.81000 166.181
46.82000 171.063
46.83000 174.446
46.84000 172.805
46.85000 171.437
46.86000 171.300
46.87000 172.981
46.88000 174.680
46.89000 176.634
46.90000 178.838
46.91000 181.025
46.92000 177.450
46.93000 170.315
46.94000 163.662
46.95000 169.122
46.96000 179.837
46.97000 189.700
46.98000 189.164
46.99000 185.555
47.00000 182.323
47.01000 170.247
47.02000 158.187
47.03000 149.543
47.04000 156.605
47.05000 165.621
47.06000 172.225
47.07000 171.390
47.08000 170.029
47.09000 169.097
47.10000 170.019
47.11000 170.754
47.12000 170.933
47.13000 170.321
47.14000 169.704
47.15000 168.873
47.16000 167.845
47.17000 166.826
47.18000 166.599
47.19000 166.854
47.20000 167.172
47.21000 168.953
47.22000 171.347
47.23000 173.174
47.24000 168.456
47.25000 161.871
47.26000 156.005
47.27000 154.055
47.28000 153.004
47.29000 152.681
47.30000 155.578
47.31000 158.857
47.32000 161.384
47.33000 161.671
47.34000 161.809
47.35000 161.903
47.36000 166.989
47.37000 170.887
47.38000 173.809
47.39000 175.391
47.40000 176.964
47.41000 175.866
47.42000 172.384
47.43000 168.936
47.44000 166.861
47.45000 165.629
47.46000 164.475
47.47000 164.999
47.48000 166.204
47.49000 167.377
47.50000 168.214
47.51000 168.957
47.52000 169.616
47.53000 170.514
47.54000 171.329
47.55000 171.449
47.56000 168.607
47.57000 165.429
47.58000 162.846
47.59000 161.972
47.60000 161.205
47.61000 160.693
47.62000 155.502
47.63000 151.563
47.64000 150.396
47.65000 152.892
47.66000 155.404
47.67000 156.849
47.68000 157.376
47.69000 157.897
47.70000 157.660
47.71000 157.003
47.72000 156.445
47.73000 157.852
47.74000 160.027
47.75000 161.855
47.76000 160.069
47.77000 157.325
47.78000 154.908
47.79000 155.683
47.80000 156.832
47.81000 157.653
47.82000 157.133
47.83000 156.467
47.84000 155.949
47.85000 155.841
47.86000 155.757
47.87000 155.701
47.88000 165.902
47.89000 173.603
47.90000 175.344
47.91000 169.499
47.92000 163.633
47.93000 160.867
47.94000 160.661
47.95000 160.457
47.96000 158.236
47.97000 154.987
47.98000 151.957
47.99000 153.010
48.00000 155.604
48.01000 158.013
48.02000 158.594
48.03000 158.708
48.04000 158.808
48.05000 161.270
48.06000 163.721
48.07000 165.087
48.08000 162.156
48.09000 158.783
48.10000 156.392
48.11000 156.634
48.12000 157.021
48.13000 157.273
48.14000 163.945
48.15000 168.938
48.16000 168.141
48.17000 160.248
48.18000 152.363
48.19000 152.567
48.20000 159.203
48.21000 165.742
48.22000 164.241
48.23000 158.619
48.24000 153.377
48.25000 154.745
48.26000 158.522
48.27000 162.027
48.28000 162.980
48.29000 163.303
48.30000 163.584
48.31000 160.627
48.32000 157.657
48.33000 154.536
48.34000 150.834
48.35000 147.076
48.36000 147.179
48.37000 157.275
48.38000 167.883
48.39000 174.700
48.40000 168.573
48.41000 163.925
48.42000 160.617
48.43000 158.888
48.44000 157.167
48.45000 156.736
48.46000 157.293
48.47000 157.841
48.48000 157.281
48.49000 156.187
48.50000 155.348
48.51000 158.687
48.52000 163.494
48.53000 167.708
48.54000 166.606
48.55000 164.242
48.56000 162.195
48.57000 161.401
48.58000 160.890
48.59000 160.104
48.60000 158.303
48.61000 156.408
48.62000 155.387
48.63000 156.553
48.64000 157.824
48.65000 158.629
48.66000 161.716
48.67000 163.983
48.68000 162.648
48.69000 157.230
48.70000 151.840
48.71000 152.385
48.72000 157.305
48.73000 162.135
48.74000 163.400
48.75000 162.910
48.76000 162.501
48.77000 163.342
48.78000 164.607
48.79000 165.403
48.80000 162.196
48.81000 158.072
48.82000 154.526
48.83000 161.635
48.84000 168.988
48.85000 173.730
48.86000 169.209
48.87000 163.872
48.88000 157.883
48.89000 150.321
48.90000 142.689
48.91000 137.918
48.92000 137.241
48.93000 136.796
48.94000 137.192
48.95000 138.505
48.96000 139.826
48.97000 142.051
48.98000 144.920
48.99000 147.729
49.00000 150.437
49.01000 152.993
49.02000 155.375
49.03000 155.233
49.04000 154.263
49.05000 153.714
49.06000 156.591
49.07000 160.224
49.08000 163.328
49.09000 160.520
49.10000 157.448
49.11000 154.553
49.12000 152.262
49.13000 150.022
49.14000 148.268
49.15000 147.649
49.16000 147.076
49.17000 146.722
49.18000 153.375
49.19000 158.212
49.20000 160.508
49.21000 160.145
49.22000 159.783
49.23000 159.702
49.24000 159.812
49.25000 159.919
49.26000 156.225
49.27000 150.996
49.28000 146.286
49.29000 148.646
49.30000 153.243
49.31000 157.496
49.32000 159.068
49.33000 160.070
49.34000 160.922
49.35000 159.357
49.36000 157.769
49.37000 156.882
49.38000 158.313
49.39000 159.925
49.40000 160.862
49.41000 160.277
49.42000 159.635
49.43000 159.245
49.44000 155.150
49.45000 152.200
49.46000 150.501
49.47000 150.058
49.48000 149.612
49.49000 148.803
49.50000 147.756
49.51000 146.734
49.52000 147.009
49.53000 147.825
49.54000 148.766
49.55000 151.317
49.56000 154.358
49.57000 157.271
49.58000 159.225
49.59000 160.984
49.60000 162.466
49.61000 160.609
49.62000 158.696
49.63000 156.436
49.64000 153.069
49.65000 149.619
49.66000 148.699
49.67000 153.279
49.68000 158.050
49.69000 160.902
49.70000 151.991
49.71000 145.594
49.72000 143.153
49.73000 144.528
49.74000 145.894
49.75000 146.469
49.76000 146.541
49.77000 146.611
49.78000 148.122
49.79000 150.154
49.80000 151.971
49.81000 151.181
49.82000 149.622
49.83000 148.374
49.84000 149.346
49.85000 150.753
49.86000 151.931
49.87000 155.706
49.88000 159.112
49.89000 161.381
49.90000 160.152
49.91000 158.677
49.92000 158.315
49.93000 160.286
49.94000 162.331
49.95000 163.535
49.96000 156.366
49.97000 151.266
49.98000 150.512
49.99000 153.785
50.00000 157.036
50.01000 158.799
50.02000 159.648
50.03000 160.472
50.04000 161.046
50.05000 161.490
50.06000 161.772
50.07000 160.192
50.08000 158.082
50.09000 156.348
50.10000 157.188
50.11000 158.514
50.12000 159.616
50.13000 158.211
50.14000 156.803
50.15000 156.439
50.16000 159.174
50.17000 162.114
50.18000 161.631
50.19000 154.209
50.20000 146.587
50.21000 142.171
50.22000 146.066
50.23000 148.833
50.24000 153.356
50.25000 159.441
50.26000 165.430
50.27000 165.431
50.28000 161.885
50.29000 158.455
50.30000 157.088
50.31000 156.584
50.32000 156.010
50.33000 154.677
50.34000 153.136
50.35000 151.757
50.36000 151.439
50.37000 151.313
50.38000 151.209
50.39000 157.952
50.40000 164.143
50.41000 168.472
50.42000 167.466
50.43000 166.128
50.44000 166.033
50.45000 168.371
50.46000 170.773
50.47000 172.142
50.48000 170.891
50.49000 170.014
50.50000 170.947
50.51000 173.431
50.52000 175.833
50.53000 173.829
50.54000 169.307
50.55000 164.943
50.56000 163.341
50.57000 162.845
50.58000 162.543
50.59000 164.248
50.60000 166.483
50.61000 167.843
50.62000 163.702
50.63000 158.603
50.64000 154.425
50.65000 159.691
50.66000 164.842
50.67000 168.270
50.68000 166.927
50.69000 165.306
50.70000 165.686
50.71000 169.848
50.72000 174.099
50.73000 176.481
50.74000 170.868
50.75000 166.968
50.76000 167.295
50.77000 171.102
50.78000 174.751
50.79000 170.774
50.80000 162.592
50.81000 154.718
50.82000 155.137
50.83000 158.457
50.84000 161.522
50.85000 162.074
50.86000 161.986
50.87000 161.451
50.88000 158.224
50.89000 154.546
50.90000 151.556
50.91000 158.016
50.92000 164.078
50.93000 167.543
50.94000 164.068
50.95000 160.214
50.96000 156.333
50.97000 152.402
50.98000 148.470
50.99000 146.306
51.00000 144.692
51.01000 143.589
51.02000 144.920
51.03000 148.180
51.04000 151.294
51.05000 148.106
51.06000 141.563
51.07000 135.287
51.08000 139.598
51.09000 147.221
51.10000 153.859
51.11000 151.268
51.12000 146.409
51.13000 142.052
51.14000 140.589
51.15000 139.592
51.16000 138.787
51.17000 143.300
51.18000 147.387
51.19000 149.807
51.20000 147.922
51.21000 145.818
51.22000 143.299
51.23000 140.051
51.24000 136.789
51.25000 135.025
51.26000 139.088
51.27000 141.866
51.28000 142.474
51.29000 141.425
51.30000 140.356
51.31000 138.524
51.32000 136.301
51.33000 134.174
51.34000 138.763
51.35000 145.227
51.36000 151.109
51.37000 151.791
51.38000 151.243
51.39000 150.278
51.40000 147.005
51.41000 143.378
51.42000 140.474
51.43000 140.098
51.44000 139.982
51.45000 139.739
51.46000 139.179
51.47000 138.604
51.48000 138.699
51.49000 139.930
51.50000 141.180
51.51000 141.844
51.52000 139.785
51.53000 138.397
51.54000 139.293
51.55000 141.868
51.56000 144.431
51.57000 146.573
51.58000 148.504
51.59000 150.345
51.60000 144.529
51.61000 136.730
51.62000 130.256
51.63000 135.058
51.64000 142.432
51.65000 148.705
51.66000 149.107
51.67000 148.644
51.68000 148.277
51.69000 149.891
51.70000 151.330
51.71000 152.633
51.72000 153.607
51.73000 154.566
51.74000 153.980
51.75000 150.861
51.76000 147.706
51.77000 146.062
51.78000 140.434
51.79000 136.668
51.80000 138.293
51.81000 143.735
51.82000 148.986
51.83000 148.157
51.84000 144.415
51.85000 140.859
51.86000 139.986
51.87000 139.989
51.88000 140.119
51.89000 141.283
51.90000 142.673
51.91000 143.772
51.92000 143.372
51.93000 142.760
51.94000 142.278
51.95000 139.962
51.96000 137.983
51.97000 137.610
51.98000 140.966
51.99000 144.475
52.00000 145.797
52.01000 143.665
52.02000 141.491
52.03000 140.380
52.04000 141.675
52.05000 142.555
52.06000 144.574
52.07000 147.372
52.08000 150.123
52.09000 151.495
52.10000 152.228
52.11000 152.923
52.12000 149.604
52.13000 145.385
52.14000 141.053
52.15000 135.838
52.16000 130.436
52.17000 127.184
52.18000 134.533
52.19000 143.314
52.20000 150.165
52.21000 148.426
52.22000 146.501
52.23000 145.745
52.24000 147.612
52.25000 149.577
52.26000 149.529
52.27000 146.412
52.28000 143.263
52.29000 141.687
52.30000 139.308
52.31000 137.721
52.32000 136.047
52.33000 134.315
52.34000 132.617
52.35000 131.800
52.36000 131.377
52.37000 130.978
52.38000 132.621
52.39000 134.697
52.40000 136.857
52.41000 139.639
52.42000 142.547
52.43000 144.376
52.44000 141.088
52.45000 137.138
52.46000 134.084
52.47000 135.306
52.48000 136.527
52.49000 136.955
52.50000 135.664
52.51000 134.314
52.52000 135.316
52.53000 139.773
52.54000 144.260
52.55000 145.648
52.56000 144.057
52.57000 142.488
52.58000 142.729
52.59000 144.119
52.60000 145.285
52.61000 140.916
52.62000 134.161
52.63000 127.811
52.64000 133.337
52.65000 141.567
52.66000 148.532
52.67000 146.502
52.68000 142.713
52.69000 140.028
52.70000 142.384
52.71000 145.362
52.72000 147.644
52.73000 144.727
52.74000 142.135
52.75000 139.815
52.76000 138.064
52.77000 136.331
52.78000 136.627
52.79000 139.795
52.80000 142.984
52.81000 142.974
52.82000 140.012
52.83000 137.088
52.84000 136.824
52.85000 138.189
52.86000 139.444
52.87000 138.192
52.88000 135.894
52.89000 133.743
52.90000 134.480
52.91000 135.895
52.92000 137.380
52.93000 139.349
52.94000 141.408
52.95000 142.459
52.96000 139.074
52.97000 135.166
52.98000 132.199
52.99000 134.018
53.00000 135.695
53.01000 136.908
53.02000 137.179
53.03000 137.424
53.04000 137.952
53.05000 138.865
53.06000 139.781
53.07000 138.493
53.08000 135.255
53.09000 132.072
53.10000 132.281
53.11000 134.492
53.12000 136.784
53.13000 140.812
53.14000 145.538
53.15000 149.945
53.16000 151.626
53.17000 152.473
53.18000 152.310
53.19000 145.568
53.20000 137.637
53.21000 131.970
53.22000 135.889
53.23000 140.886
53.24000 144.645
53.25000 143.322
53.26000 142.041
53.27000 140.661
53.28000 139.086
53.29000 137.506
53.30000 139.230
53.31000 145.295
53.32000 151.375
53.33000 152.420
53.34000 149.174
53.35000 145.958
53.36000 144.344
53.37000 143.641
53.38000 142.904
53.39000 141.494
53.40000 139.822
53.41000 138.269
53.42000 136.063
53.43000 133.919
53.44000 132.704
53.45000 137.296
53.46000 142.896
53.47000 146.767
53.48000 143.579
53.49000 139.635
53.50000 136.698
53.51000 136.841
53.52000 137.092
53.53000 138.487
53.54000 142.038
53.55000 145.640
53.56000 146.907
53.57000 145.220
53.58000 143.526
53.59000 139.918
53.60000 134.757
53.61000 129.741
53.62000 131.668
53.63000 137.413
53.64000 142.900
53.65000 143.650
53.66000 142.622
53.67000 141.671
53.68000 142.325
53.69000 143.278
53.70000 143.671
53.71000 140.702
53.72000 137.172
53.73000 133.980
53.74000 132.115
53.75000 130.386
53.76000 129.111
53.77000 135.242
53.78000 140.302
53.79000 141.763
53.80000 136.681
53.81000 131.463
53.82000 129.401
53.83000 131.183
53.84000 132.970
53.85000 131.928
53.86000 128.666
53.87000 125.596
53.88000 130.746
53.89000 140.258
53.90000 149.224
53.91000 148.757
53.92000 144.873
53.93000 141.298
53.94000 140.655
53.95000 140.723
53.96000 140.751
53.97000 140.551
53.98000 140.314
53.99000 139.320
54.00000 135.455
54.01000 131.312
54.02000 128.287
54.03000 136.352
54.04000 143.001
54.05000 147.536
54.06000 148.361
54.07000 149.117
54.08000 148.525
54.09000 146.355
54.10000 144.188
54.11000 140.678
54.12000 136.175
54.13000 131.746
54.14000 130.180
54.15000 130.081
54.16000 130.097
54.17000 131.977
54.18000 134.509
54.19000 136.830
54.20000 135.223
54.21000 132.966
54.22000 131.650
54.23000 135.534
54.24000 140.214
54.25000 143.574
54.26000 142.104
54.27000 140.189
54.28000 138.806
54.29000 139.445
54.30000 140.008
54.31000 139.538
54.32000 137.322
54.33000 135.076
54.34000 133.651
54.35000 133.150
54.36000 132.651
54.37000 134.230
54.38000 137.307
54.39000 140.239
54.40000 138.129
54.41000 133.525
54.42000 129.194
54.43000 129.017
54.44000 130.242
54.45000 131.360
54.46000 134.810
54.47000 138.340
54.48000 141.305
54.49000 141.263
54.50000 140.780
54.51000 139.820
54.52000 137.176
54.53000 134.386
54.54000 132.391
54.55000 135.820
54.56000 138.618
54.57000 138.746
54.58000 134.515
54.59000 130.221
54.60000 129.080
54.61000 131.350
54.62000 133.612
54.63000 134.213
54.64000 133.646
54.65000 133.133
54.66000 134.316
54.67000 136.308
54.68000 138.106
54.69000 137.124
54.70000 135.236
54.71000 133.521
54.72000 134.747
54.73000 136.398
54.74000 138.422
54.75000 142.358
54.76000 146.563
54.77000 149.264
54.78000 146.844
54.79000 144.001
54.80000 141.991
54.81000 141.444
54.82000 141.073
54.83000 139.611
54.84000 136.429
54.85000 133.227
54.86000 133.766
54.87000 138.197
54.88000 142.604
54.89000 143.296
54.90000 141.483
54.91000 139.730
54.92000 139.713
54.93000 140.497
54.94000 141.324
54.95000 142.731
54.96000 144.322
54.97000 145.759
54.98000 143.792
54.99000 141.431
55.00000 139.989
55.01000 143.064
55.02000 146.746
55.03000 148.811
55.04000 145.563
55.05000 141.899
55.06000 139.338
55.07000 137.266
55.08000 135.714
55.09000 135.531
55.10000 137.429
55.11000 139.348
55.12000 139.790
55.13000 138.756
55.14000 137.730
55.15000 138.565
55.16000 140.593
55.17000 142.579
55.18000 143.436
55.19000 143.790
55.20000 144.398
55.21000 148.228
55.22000 153.036
55.23000 157.359
55.24000 153.672
55.25000 149.021
55.26000 146.068
55.27000 151.142
55.28000 157.249
55.29000 161.557
55.30000 160.165
55.31000 158.352
55.32000 157.100
55.33000 154.542
55.34000 152.585
55.35000 151.260
55.36000 150.861
55.37000 150.470
55.38000 150.629
55.39000 151.316
55.40000 151.998
55.41000 154.376
55.42000 157.768
55.43000 161.163
55.44000 164.607
55.45000 168.073
55.46000 171.287
55.47000 171.484
55.48000 170.797
55.49000 170.183
55.50000 171.857
55.51000 173.706
55.52000 175.632
55.53000 177.910
55.54000 180.232
55.55000 182.032
55.56000 182.237
55.57000 182.331
55.58000 182.395
55.59000 189.848
55.60000 195.595
55.61000 199.159
55.62000 199.643
55.63000 200.106
55.64000 203.430
55.65000 209.388
55.66000 215.293
55.67000 215.544
55.68000 212.407
55.69000 209.460
55.70000 210.817
55.71000 213.962
55.72000 217.054
55.73000 219.548
55.74000 221.872
55.75000 223.939
55.76000 231.050
55.77000 238.044
55.78000 243.747
55.79000 243.792
55.80000 243.173
55.81000 243.267
55.82000 245.464
55.83000 247.798
55.84000 249.372
55.85000 249.915
55.86000 250.296
55.87000 252.351
55.88000 256.681
55.89000 261.023
55.90000 264.780
55.91000 268.020
55.92000 271.227
55.93000 269.608
55.94000 265.247
55.95000 261.141
55.96000 262.404
55.97000 265.821
55.98000 269.076
55.99000 270.578
56.00000 271.602
56.01000 272.508
56.02000 269.411
56.03000 266.112
56.04000 262.238
56.05000 255.944
56.06000 249.379
56.07000 244.599
56.08000 244.910
56.09000 245.534
56.10000 245.949
56.11000 224.504
56.12000 208.214
56.13000 201.545
56.14000 207.479
56.15000 213.469
56.16000 220.005
56.17000 227.007
56.18000 233.926
56.19000 231.264
56.20000 223.361
56.21000 215.410
56.22000 206.541
56.23000 197.316
56.24000 188.673
56.25000 186.000
56.26000 184.896
56.27000 183.925
56.28000 181.837
56.29000 179.873
56.30000 178.645
56.31000 180.411
56.32000 182.496
56.33000 183.161
56.34000 179.920
56.35000 176.453
56.36000 174.173
56.37000 172.926
56.38000 172.025
56.39000 172.177
56.40000 173.658
56.41000 175.133
56.42000 172.866
56.43000 167.536
56.44000 162.278
56.45000 160.301
56.46000 160.129
56.47000 159.872
56.48000 158.074
56.49000 155.700
56.50000 152.802
56.51000 144.787
56.52000 135.475
56.53000 127.332
56.54000 134.874
56.55000 143.567
56.56000 150.116
56.57000 148.255
56.58000 145.540
56.59000 143.522
56.60000 143.354
56.61000 143.287
56.62000 143.243
56.63000 137.389
56.64000 133.014
56.65000 132.717
56.66000 137.369
56.67000 142.019
56.68000 142.766
56.69000 140.439
56.70000 138.148
56.71000 137.287
56.72000 137.186
56.73000 137.213
56.74000 139.415
56.75000 142.403
56.76000 145.134
56.77000 145.476
56.78000 145.233
56.79000 145.023
56.80000 133.686
56.81000 122.503
56.82000 115.773
56.83000 125.875
56.84000 137.602
56.85000 145.977
56.86000 145.752
56.87000 145.093
56.88000 144.672
56.89000 138.858
56.90000 134.551
56.91000 130.914
56.92000 128.060
56.93000 125.222
56.94000 125.706
56.95000 128.709
56.96000 131.661
56.97000 132.419
56.98000 132.070
56.99000 131.532
57.00000 127.976
57.01000 123.367
57.02000 119.885
57.03000 126.386
57.04000 135.235
57.05000 142.881
57.06000 137.564
57.07000 131.366
57.08000 126.421
57.09000 126.043
57.10000 126.084
57.11000 127.259
57.12000 131.247
57.13000 135.366
57.14000 137.969
57.15000 135.242
57.16000 133.204
57.17000 129.705
57.18000 124.566
57.19000 119.441
57.20000 116.913
57.21000 116.283
57.22000 115.665
57.23000 119.188
57.24000 124.550
57.25000 129.629
57.26000 130.423
57.27000 129.775
57.28000 129.310
57.29000 130.390
57.30000 131.818
57.31000 133.045
57.32000 128.431
57.33000 123.808
57.34000 121.009
57.35000 124.630
57.36000 128.809
57.37000 131.025
57.38000 128.548
57.39000 125.867
57.40000 124.197
57.41000 123.675
57.42000 123.310
57.43000 123.054
57.44000 122.915
57.45000 122.773
57.46000 122.322
57.47000 121.653
57.48000 120.998
57.49000 119.523
57.50000 117.731
57.51000 116.462
57.52000 122.605
57.53000 131.157
57.54000 138.629
57.55000 137.382
57.56000 134.232
57.57000 131.546
57.58000 133.931
57.59000 136.538
57.60000 138.174
57.61000 136.521
57.62000 134.597
57.63000 132.580
57.64000 130.346
57.65000 128.104
57.66000 126.727
57.67000 120.561
57.68000 116.101
57.69000 116.226
57.70000 121.103
57.71000 125.951
57.72000 127.591
57.73000 127.054
57.74000 126.530
57.75000 125.943
57.76000 125.355
57.77000 124.883
57.78000 125.989
57.79000 127.590
57.80000 128.763
57.81000 126.638
57.82000 123.821
57.83000 121.434
57.84000 123.156
57.85000 125.062
57.86000 127.116
57.87000 129.662
57.88000 132.245
57.89000 132.863
57.90000 129.094
57.91000 125.162
57.92000 122.784
57.93000 123.975
57.94000 124.850
57.95000 123.437
57.96000 119.748
57.97000 116.098
57.98000 116.017
57.99000 118.272
58.00000 120.470
58.01000 121.667
58.02000 122.386
58.03000 123.022
58.04000 122.618
58.05000 121.898
58.06000 121.325
58.07000 121.839
58.08000 122.572
58.09000 123.189
58.10000 123.437
58.11000 123.605
58.12000 123.019
58.13000 120.049
58.14000 116.904
58.15000 116.333
58.16000 121.308
58.17000 126.471
58.18000 129.546
58.19000 128.582
58.20000 127.874
58.21000 126.889
58.22000 125.638
58.23000 124.383
58.24000 122.848
58.25000 121.135
58.26000 119.469
58.27000 120.672
58.28000 122.984
58.29000 125.227
58.30000 126.639
58.31000 127.808
58.32000 128.274
58.33000 123.780
58.34000 118.323
58.35000 113.761
58.36000 116.756
58.37000 120.012
58.38000 122.360
58.39000 121.940
58.40000 121.329
58.41000 121.539
58.42000 123.458
58.43000 125.429
58.44000 126.585
58.45000 124.306
58.46000 122.685
58.47000 123.682
58.48000 127.080
58.49000 130.388
58.50000 127.606
58.51000 121.119
58.52000 114.828
58.53000 113.544
58.54000 114.291
58.55000 115.267
58.56000 118.839
58.57000 123.143
58.58000 126.097
58.59000 119.930
58.60000 112.059
58.61000 105.526
58.62000 108.914
58.63000 112.674
58.64000 116.024
58.65000 118.172
58.66000 120.241
58.67000 120.631
58.68000 117.648
58.69000 114.569
58.70000 112.793
58.71000 113.615
58.72000 114.202
58.73000 115.593
58.74000 117.693
58.75000 119.761
58.76000 119.934
58.77000 118.995
58.78000 118.086
58.79000 115.951
58.80000 113.473
58.81000 111.371
58.82000 113.327
58.83000 116.386
58.84000 119.210
58.85000 120.519
58.86000 121.557
58.87000 122.411
58.88000 120.767
58.89000 119.184
58.90000 118.228
58.91000 119.052
58.92000 119.985
58.93000 120.733
58.94000 121.122
58.95000 121.503
58.96000 121.718
58.97000 121.513
58.98000 121.367
58.99000 119.684
59.00000 116.699
59.01000 113.780
59.02000 114.323
59.03000 116.827
59.04000 119.241
59.05000 119.604
59.06000 119.200
59.07000 118.728
59.08000 117.564
59.09000 116.219
59.10000 115.791
59.11000 121.056
59.12000 127.302
59.13000 132.410
59.14000 129.447
59.15000 126.318
59.16000 123.076
59.17000 119.525
59.18000 115.956
59.19000 114.559
59.20000 117.229
59.21000 119.993
59.22000 121.534
59.23000 119.757
59.24000 118.521
59.25000 117.841
59.26000 117.613
59.27000 117.339
59.28000 114.861
59.29000 111.178
59.30000 107.638
59.31000 110.047
59.32000 114.385
59.33000 118.702
59.34000 122.819
59.35000 126.886
59.36000 129.860
59.37000 126.320
59.38000 121.702
59.39000 117.955
59.40000 115.775
59.41000 114.128
59.42000 113.470
59.43000 115.433
59.44000 117.537
59.45000 118.641
59.46000 117.939
59.47000 117.200
59.48000 116.795
59.49000 117.924
59.50000 118.706
59.51000 120.210
59.52000 122.284
59.53000 124.271
59.54000 122.677
59.55000 119.194
59.56000 115.855
59.57000 118.708
59.58000 123.453
59.59000 127.758
59.60000 127.986
59.61000 127.223
59.62000 126.585
59.63000 126.672
59.64000 126.873
59.65000 127.035
59.66000 122.423
59.67000 118.307
59.68000 115.374
59.69000 115.464
59.70000 115.706
59.71000 117.431
59.72000 121.745
59.73000 126.105
59.74000 128.452
59.75000 123.720
59.76000 120.481
59.77000 117.746
59.78000 115.391
59.79000 113.148
59.80000 115.082
59.81000 119.144
59.82000 123.025
59.83000 124.929
59.84000 126.060
59.85000 127.028
59.86000 126.557
59.87000 125.748
59.88000 124.379
59.89000 119.930
59.90000 115.012
59.91000 111.084
59.92000 113.707
59.93000 116.307
59.94000 118.005
59.95000 117.471
59.96000 116.833
59.97000 116.895
59.98000 118.135
59.99000 119.394
60.00000 120.059
60.01000 117.872
60.02000 116.393
60.03000 116.201
60.04000 116.947
60.05000 117.730
60.06000 119.789
60.07000 122.476
60.08000 125.034
60.09000 124.536
60.10000 123.123
60.11000 121.627
60.12000 119.428
60.13000 117.069
60.14000 115.367
60.15000 117.127
60.16000 119.392
60.17000 121.186
60.18000 119.834
60.19000 118.530
60.20000 117.360
60.21000 116.513
60.22000 115.681
60.23000 114.237
60.24000 111.801
60.25000 109.351
60.26000 108.081
60.27000 111.990
60.28000 114.638
60.29000 118.648
60.30000 123.614
60.31000 128.383
60.32000 127.030
60.33000 122.770
60.34000 118.726
60.35000 118.124
60.36000 118.598
60.37000 118.969
60.38000 118.516
60.39000 117.883
60.40000 117.430
60.41000 117.889
60.42000 118.475
60.43000 118.935
60.44000 114.917
60.45000 111.408
60.46000 109.837
60.47000 112.730
60.48000 115.802
60.49000 118.319
60.50000 119.967
60.51000 121.605
60.52000 122.437
60.53000 114.851
60.54000 109.809
60.55000 109.521
60.56000 112.449
60.57000 115.358
60.58000 117.761
60.59000 119.931
60.60000 121.985
60.61000 120.001
60.62000 117.016
60.63000 114.491
60.64000 115.497
60.65000 117.242
60.66000 117.833
60.67000 112.790
60.68000 106.994
60.69000 102.482
60.70000 110.799
60.71000 118.214
60.72000 123.147
60.73000 122.559
60.74000 121.768
60.75000 121.694
60.76000 122.704
60.77000 123.725
60.78000 124.739
60.79000 125.748
60.80000 126.735
60.81000 125.804
60.82000 123.622
60.83000 121.443
60.84000 119.335
60.85000 117.259
60.86000 115.302
60.87000 114.162
60.88000 113.344
60.89000 112.890
60.90000 115.108
60.91000 117.863
60.92000 120.129
60.93000 120.094
60.94000 119.765
60.95000 119.511
60.96000 116.476
60.97000 113.910
60.98000 112.500
60.99000 113.573
61.00000 114.729
61.01000 117.558
61.02000 122.821
61.03000 128.104
61.04000 127.538
61.05000 121.406
61.06000 115.347
61.07000 114.998
61.08000 118.239
61.09000 121.357
61.10000 121.501
61.11000 120.372
61.12000 119.312
61.13000 117.971
61.14000 116.673
61.15000 116.273
61.16000 122.182
61.17000 129.312
61.18000 134.307
61.19000 129.638
61.20000 123.791
61.21000 119.319
61.22000 118.539
61.23000 118.125
61.24000 119.764
61.25000 125.664
61.26000 131.694
61.27000 134.640
61.28000 133.259
61.29000 131.848
61.30000 128.800
61.31000 124.258
61.32000 119.806
61.33000 121.438
61.34000 126.759
61.35000 131.814
61.36000 130.890
61.37000 127.498
61.38000 124.325
61.39000 125.041
61.40000 126.683
61.41000 128.167
61.42000 128.584
61.43000 128.802
61.44000 129.167
61.45000 130.169
61.46000 131.244
61.47000 132.059
61.48000 131.353
61.49000 130.721
61.50000 133.285
61.51000 142.249
61.52000 151.394
61.53000 160.428
61.54000 169.314
61.55000 178.195
61.56000 191.002
61.57000 207.236
61.58000 223.374
61.59000 233.871
61.60000 241.065
61.61000 248.092
61.62000 251.613
61.63000 253.737
61.64000 255.715
61.65000 267.521
61.66000 280.608
61.67000 291.344
61.68000 286.909
61.69000 279.760
61.70000 275.530
61.71000 283.550
61.72000 292.930
61.73000 299.968
61.74000 295.218
61.75000 290.946
61.76000 286.262
61.77000 280.782
61.78000 275.282
61.79000 264.929
61.80000 248.258
61.81000 231.577
61.82000 215.680
61.83000 200.485
61.84000 185.356
61.85000 173.685
61.86000 163.966
61.87000 154.463
61.88000 149.136
61.89000 145.416
61.90000 141.965
61.91000 141.830
61.92000 142.489
61.93000 143.224
61.94000 144.428
61.95000 145.712
61.96000 146.542
61.97000 145.532
61.98000 144.328
61.99000 143.433
62.00000 134.977
62.01000 128.069
62.02000 123.768
62.03000 124.337
62.04000 125.017
62.05000 126.874
62.06000 130.206
62.07000 133.538
62.08000 134.276
62.09000 132.910
62.10000 131.522
62.11000 129.118
62.12000 126.160
62.13000 123.461
62.14000 125.453
62.15000 129.188
62.16000 132.638
62.17000 128.045
62.18000 122.106
62.19000 117.326
62.20000 119.423
62.21000 122.654
62.22000 125.635
62.23000 127.640
62.24000 129.546
62.25000 130.949
62.26000 134.487
62.27000 137.312
62.28000 136.804
62.29000 130.292
62.30000 123.658
62.31000 120.760
62.32000 122.367
62.33000 123.980
62.34000 127.333
62.35000 132.023
62.36000 136.640
62.37000 138.208
62.38000 138.172
62.39000 138.055
62.40000 136.568
62.41000 134.588
62.42000 132.767
62.43000 127.796
62.44000 122.672
62.45000 118.890
62.46000 122.766
62.47000 127.852
62.48000 131.990
62.49000 132.563
62.50000 132.795
62.51000 132.964
62.52000 131.882
62.53000 131.000
62.54000 129.660
62.55000 127.522
62.56000 125.369
62.57000 125.098
62.58000 127.010
62.59000 128.919
62.60000 131.690
62.61000 135.087
62.62000 138.318
62.63000 135.278
62.64000 129.056
62.65000 123.178
62.66000 122.786
62.67000 124.295
62.68000 125.677
62.69000 125.675
62.70000 125.384
62.71000 125.032
62.72000 124.341
62.73000 123.599
62.74000 123.247
62.75000 124.312
62.76000 125.505
62.77000 126.364
62.78000 123.894
62.79000 121.884
62.80000 121.899
62.81000 125.310
62.82000 128.774
62.83000 131.571
62.84000 133.625
62.85000 135.670
62.86000 136.760
62.87000 137.154
62.88000 137.504
62.89000 136.388
62.90000 134.553
62.91000 132.900
62.92000 133.967
62.93000 135.945
62.94000 137.747
62.95000 138.015
62.96000 137.948
62.97000 137.482
62.98000 134.921
62.99000 132.055
63.00000 130.235
63.01000 132.071
63.02000 134.220
63.03000 135.753
63.04000 134.199
63.05000 132.914
63.06000 131.714
63.07000 130.651
63.08000 129.591
63.09000 130.387
63.10000 133.172
63.11000 135.945
63.12000 134.806
63.13000 130.971
63.14000 127.302
63.15000 128.765
63.16000 132.658
63.17000 136.343
63.18000 137.111
63.19000 136.938
63.20000 136.780
63.21000 139.455
63.22000 142.356
63.23000 144.382
63.24000 141.976
63.25000 138.954
63.26000 136.251
63.27000 134.626
63.28000 133.088
63.29000 132.005
63.30000 131.016
63.31000 130.269
63.32000 129.982
63.33000 130.411
63.34000 130.850
63.35000 131.465
63.36000 132.264
63.37000 133.058
63.38000 130.970
63.39000 126.991
63.40000 123.159
63.41000 123.518
63.42000 125.792
63.43000 127.988
63.44000 129.130
63.45000 129.945
63.46000 130.680
63.47000 136.069
63.48000 141.656
63.49000 145.945
63.50000 143.914
63.51000 141.042
63.52000 138.911
63.53000 139.191
63.54000 139.657
63.55000 139.982
63.56000 139.549
63.57000 139.202
63.58000 139.737
63.59000 141.599
63.60000 143.475
63.61000 145.201
63.62000 146.778
63.63000 148.344
63.64000 146.153
63.65000 141.588
63.66000 137.198
63.67000 137.378
63.68000 139.574
63.69000 141.658
63.70000 142.334
63.71000 142.586
63.72000 142.813
63.73000 143.076
63.74000 143.312
63.75000 142.783
63.76000 138.665
63.77000 134.091
63.78000 131.196
63.79000 133.577
63.80000 136.341
63.81000 138.245
63.82000 142.295
63.83000 145.390
63.84000 146.769
63.85000 145.658
63.86000 144.527
63.87000 145.314
63.88000 147.921
63.89000 150.507
63.90000 147.281
63.91000 140.532
63.92000 134.112
63.93000 135.622
63.94000 140.512
63.95000 145.210
63.96000 147.621
63.97000 149.369
63.98000 150.931
63.99000 151.819
64.00000 152.479
64.01000 152.287
64.02000 148.249
64.03000 143.744
64.04000 140.369
64.05000 140.419
64.06000 140.703
64.07000 140.897
64.08000 143.175
64.09000 144.923
64.10000 148.277
64.11000 153.876
64.12000 159.487
64.13000 157.602
64.14000 148.889
64.15000 140.256
64.16000 141.667
64.17000 149.002
64.18000 156.023
64.19000 156.052
64.20000 153.202
64.21000 150.747
64.22000 152.741
64.23000 155.980
64.24000 158.858
64.25000 158.063
64.26000 156.782
64.27000 155.747
64.28000 155.776
64.29000 155.928
64.30000 156.731
64.31000 159.436
64.32000 162.264
64.33000 164.166
64.34000 156.564
64.35000 150.720
64.36000 148.608
64.37000 151.526
64.38000 154.470
64.39000 155.614
64.40000 155.183
64.41000 154.757
64.42000 154.524
64.43000 154.406
64.44000 154.558
64.45000 160.277
64.46000 168.211
64.47000 175.412
64.48000 174.799
64.49000 172.076
64.50000 169.670
64.51000 168.425
64.52000 167.528
64.53000 167.088
64.54000 168.556
64.55000 170.234
64.56000 171.066
64.57000 169.504
64.58000 167.798
64.59000 166.664
64.60000 168.432
64.61000 169.793
64.62000 168.572
64.63000 164.002
64.64000 159.426
64.65000 158.545
64.66000 160.778
64.67000 162.984
64.68000 165.028
64.69000 166.932
64.70000 168.804
64.71000 170.073
64.72000 171.110
64.73000 171.922
64.74000 170.456
64.75000 168.396
64.76000 166.586
64.77000 165.569
64.78000 164.811
64.79000 165.019
64.80000 169.117
64.81000 173.624
64.82000 177.139
64.83000 177.948
64.84000 178.603
64.85000 179.033
64.86000 180.724
64.87000 181.988
64.88000 181.610
64.89000 179.181
64.90000 176.748
64.91000 175.367
64.92000 174.838
64.93000 174.316
64.94000 179.240
64.95000 186.901
64.96000 194.220
64.97000 195.372
64.98000 194.238
64.99000 193.323
65.00000 194.520
65.01000 196.246
65.02000 197.753
65.03000 197.013
65.04000 196.063
65.05000 195.463
65.06000 196.218
65.07000 197.109
65.08000 198.872
65.09000 202.934
65.10000 207.117
65.11000 209.823
65.12000 202.954
65.13000 197.789
65.14000 195.363
65.15000 196.231
65.16000 197.110
65.17000 199.182
65.18000 202.185
65.19000 205.141
65.20000 206.736
65.21000 207.589
65.22000 208.601
65.23000 212.289
65.24000 216.934
65.25000 221.397
65.26000 224.190
65.27000 226.578
65.28000 228.652
65.29000 228.148
65.30000 227.372
65.31000 226.703
65.32000 226.435
65.33000 226.205
65.34000 226.802
65.35000 229.504
65.36000 232.309
65.37000 234.100
65.38000 241.095
65.39000 246.251
65.40000 248.416
65.41000 247.124
65.42000 245.860
65.43000 250.990
65.44000 260.923
65.45000 270.683
65.46000 271.677
65.47000 268.351
65.48000 265.516
65.49000 270.466
65.50000 278.107
65.51000 284.756
65.52000 282.730
65.53000 278.682
65.54000 275.190
65.55000 290.855
65.56000 306.600
65.57000 320.686
65.58000 328.778
65.59000 336.328
65.60000 344.201
65.61000 352.867
65.62000 361.570
65.63000 367.048
65.64000 399.148
65.65000 422.675
65.66000 453.896
65.67000 493.668
65.68000 533.579
65.69000 594.352
65.70000 670.224
65.71000 744.616
65.72000 854.536
65.73000 977.095
65.74000 1099.942
65.75000 1227.058
65.76000 1355.600
65.77000 1480.331
65.78000 1573.238
65.79000 1659.000
65.80000 1732.520
65.81000 1798.223
65.82000 1852.755
65.83000 1905.069
65.84000 1949.648
65.85000 1993.565
65.86000 2026.898
65.87000 2035.124
65.88000 2042.281
65.89000 2046.722
65.90000 2007.311
65.91000 1978.524
65.92000 1934.841
65.93000 1875.249
65.94000 1815.426
65.95000 1726.643
65.96000 1617.663
65.97000 1511.038
65.98000 1384.884
65.99000 1254.968
66.00000 1125.386
66.01000 1000.502
66.02000 877.129
66.03000 759.451
66.04000 687.182
66.05000 624.727
66.06000 571.534
66.07000 540.960
66.08000 517.892
66.09000 493.692
66.10000 465.688
66.11000 437.375
66.12000 413.549
66.13000 400.001
66.14000 386.857
66.15000 378.818
66.16000 371.290
66.17000 365.908
66.18000 366.086
66.19000 371.968
66.20000 377.886
66.21000 387.669
66.22000 400.050
66.23000 412.136
66.24000 417.888
66.25000 420.629
66.26000 424.336
66.27000 440.815
66.28000 461.263
66.29000 481.392
66.30000 499.080
66.31000 516.259
66.32000 530.794
66.33000 549.570
66.34000 565.755
66.35000 584.450
66.36000 611.287
66.37000 638.748
66.38000 653.839
66.39000 641.565
66.40000 628.301
66.41000 620.309
66.42000 622.294
66.43000 623.777
66.44000 626.744
66.45000 631.174
66.46000 635.499
66.47000 630.519
66.48000 619.508
66.49000 608.784
66.50000 596.218
66.51000 583.467
66.52000 569.875
66.53000 545.779
66.54000 518.532
66.55000 491.443
66.56000 465.500
66.57000 439.788
66.58000 418.182
66.59000 400.155
66.60000 385.514
66.61000 374.060
66.62000 372.592
66.63000 371.846
66.64000 369.530
66.65000 363.861
66.66000 358.081
66.67000 354.652
66.68000 360.796
66.69000 365.197
66.70000 367.660
66.71000 368.292
66.72000 368.875
66.73000 365.770
66.74000 360.359
66.75000 355.103
66.76000 356.446
66.77000 360.387
66.78000 363.927
66.79000 362.722
66.80000 360.144
66.81000 358.913
66.82000 367.079
66.83000 377.054
66.84000 385.377
66.85000 377.980
66.86000 370.267
66.87000 364.008
66.88000 362.148
66.89000 360.587
66.90000 358.496
66.91000 355.311
66.92000 352.093
66.93000 350.214
66.94000 363.571
66.95000 373.035
66.96000 376.090
66.97000 373.325
66.98000 370.626
66.99000 372.246
67.00000 376.469
67.01000 380.561
67.02000 381.013
67.03000 380.027
67.04000 379.465
67.05000 383.652
67.06000 389.164
67.07000 393.737
67.08000 392.026
67.09000 389.154
67.10000 386.775
67.11000 392.301
67.12000 397.617
67.13000 399.139
67.14000 389.588
67.15000 379.327
67.16000 376.252
67.17000 387.487
67.18000 399.115
67.19000 405.796
67.20000 406.639
67.21000 407.211
67.22000 411.233
67.23000 418.266
67.24000 425.089
67.25000 419.741
67.26000 407.312
67.27000 395.301
67.28000 396.358
67.29000 402.241
67.30000 407.803
67.31000 409.943
67.32000 411.163
67.33000 412.974
67.34000 418.571
67.35000 424.842
67.36000 429.998
67.37000 432.565
67.38000 434.440
67.39000 432.557
67.40000 420.084
67.41000 406.975
67.42000 400.355
67.43000 406.215
67.44000 412.385
67.45000 415.870
67.46000 418.219
67.47000 419.849
67.48000 421.768
67.49000 423.929
67.50000 426.262
67.51000 437.389
67.52000 453.451
67.53000 468.930
67.54000 460.631
67.55000 444.278
67.56000 429.677
67.57000 432.765
67.58000 440.446
67.59000 447.737
67.60000 452.634
67.61000 457.122
67.62000 460.786
67.63000 455.357
67.64000 450.136
67.65000 447.271
67.66000 450.814
67.67000 454.719
67.68000 457.751
67.69000 459.163
67.70000 460.538
67.71000 461.302
67.72000 464.115
67.73000 466.065
67.74000 468.992
67.75000 472.707
67.76000 476.448
67.77000 481.334
67.78000 486.842
67.79000 492.133
67.80000 496.615
67.81000 500.530
67.82000 503.627
67.83000 498.865
67.84000 492.136
67.85000 487.814
67.86000 497.683
67.87000 509.876
67.88000 519.751
67.89000 515.581
67.90000 511.044
67.91000 504.577
67.92000 493.043
67.93000 481.243
67.94000 477.369
67.95000 487.694
67.96000 498.301
67.97000 504.088
67.98000 510.717
67.99000 515.246
68.00000 513.785
68.01000 507.664
68.02000 501.746
68.03000 504.062
68.04000 510.685
68.05000 517.029
68.06000 522.207
68.07000 526.648
68.08000 531.293
68.09000 537.799
68.10000 544.755
68.11000 549.737
68.12000 543.549
68.13000 535.606
68.14000 529.223
68.15000 541.880
68.16000 553.602
68.17000 560.587
68.18000 555.556
68.19000 549.936
68.20000 547.903
68.21000 552.074
68.22000 556.353
68.23000 558.646
68.24000 563.020
68.25000 566.026
68.26000 572.916
68.27000 582.713
68.28000 592.355
68.29000 596.276
68.30000 597.308
68.31000 598.294
68.32000 603.832
68.33000 610.436
68.34000 616.490
68.35000 617.739
68.36000 617.872
68.37000 616.700
68.38000 608.434
68.39000 599.099
68.40000 591.659
68.41000 621.349
68.42000 647.997
68.43000 668.490
68.44000 673.906
68.45000 678.633
68.46000 683.889
68.47000 690.028
68.48000 696.180
68.49000 699.415
68.50000 713.594
68.51000 723.177
68.52000 727.203
68.53000 727.219
68.54000 727.722
68.55000 744.513
68.56000 769.242
68.57000 792.778
68.58000 807.415
68.59000 818.222
68.60000 831.243
68.61000 862.684
68.62000 898.247
68.63000 935.835
68.64000 984.010
68.65000 1033.713
68.66000 1072.999
68.67000 1110.640
68.68000 1140.753
68.69000 1175.964
68.70000 1223.233
68.71000 1271.012
68.72000 1310.942
68.73000 1338.243
68.74000 1365.375
68.75000 1379.366
68.76000 1471.654
68.77000 1533.731
68.78000 1583.110
68.79000 1623.662
68.80000 1664.518
68.81000 1714.644
68.82000 1769.133
68.83000 1820.815
68.84000 1889.446
68.85000 1957.742
68.86000 2030.268
68.87000 2136.402
68.88000 2249.776
68.89000 2390.478
68.90000 2668.559
68.91000 2965.613
68.92000 3198.411
68.93000 4257.006
68.94000 5156.341
68.95000 6428.701
68.96000 8553.082
68.97000 10710.748
68.98000 13359.952
68.99000 16771.873
69.00000 20192.551
69.01000 21921.650
69.02000 27251.418
69.03000 30811.098
69.04000 33687.422
69.05000 36105.840
69.06000 38497.117
69.07000 40128.973
69.08000 41415.691
69.09000 42631.813
69.10000 43333.035
69.11000 43830.480
69.12000 44355.113
69.13000 45086.203
69.14000 45860.098
69.15000 46623.184
69.16000 47334.020
69.17000 48037.945
69.18000 48584.813
69.19000 48193.086
69.20000 47824.500
69.21000 46853.809
69.22000 44555.059
69.23000 42208.559
69.24000 39575.699
69.25000 36514.395
69.26000 33448.973
69.27000 30891.221
69.28000 28831.617
69.29000 26779.125
69.30000 25353.262
69.31000 24332.258
69.32000 23329.691
69.33000 22801.793
69.34000 22482.213
69.35000 22181.275
69.36000 21692.734
69.37000 21194.531
69.38000 20639.590
69.39000 19672.551
69.40000 18623.313
69.41000 17438.107
69.42000 15620.077
69.43000 13722.136
69.44000 12260.814
69.45000 10013.729
69.46000 8190.026
69.47000 6594.284
69.48000 5484.075
69.49000 4389.866
69.50000 3508.434
69.51000 2933.866
69.52000 2361.829
69.53000 1983.115
69.54000 1786.600
69.55000 1590.749
69.56000 1444.912
69.57000 1330.239
69.58000 1217.568
69.59000 1152.486
69.60000 1107.572
69.61000 1065.439
69.62000 1018.076
69.63000 973.549
69.64000 931.319
69.65000 905.055
69.66000 881.853
69.67000 857.123
69.68000 825.548
69.69000 793.148
69.70000 768.429
69.71000 754.718
69.72000 744.503
69.73000 732.644
69.74000 717.401
69.75000 702.056
69.76000 684.851
69.77000 665.062
69.78000 645.263
69.79000 636.967
69.80000 639.082
69.81000 641.068
69.82000 634.620
69.83000 623.103
69.84000 611.688
69.85000 602.529
69.86000 594.292
69.87000 586.596
69.88000 581.774
69.89000 578.124
69.90000 572.897
69.91000 557.161
69.92000 539.488
69.93000 524.276
69.94000 519.681
69.95000 516.309
69.96000 513.760
69.97000 502.905
69.98000 493.978
69.99000 488.604
70.00000 490.284
