20.00000 574.010
20.01000 568.856
20.02000 562.966
20.03000 559.268
20.04000 564.333
20.05000 570.312
20.06000 574.759
20.07000 579.291
20.08000 582.820
20.09000 583.620
20.10000 579.227
20.11000 574.709
20.12000 573.256
20.13000 575.789
20.14000 578.338
20.15000 575.152
20.16000 567.059
20.17000 559.136
20.18000 561.028
20.19000 568.631
20.20000 576.014
20.21000 578.713
20.22000 579.526
20.23000 580.285
20.24000 568.221
20.25000 554.043
20.26000 542.080
20.27000 545.106
20.28000 550.939
20.29000 556.744
20.30000 562.424
20.31000 568.088
20.32000 572.419
20.33000 578.455
20.34000 583.308
20.35000 586.344
20.36000 585.553
20.37000 584.639
20.38000 580.708
20.39000 572.409
20.40000 564.074
20.41000 560.558
20.42000 561.684
20.43000 562.858
20.44000 568.258
20.45000 576.384
20.46000 584.208
20.47000 583.973
20.48000 580.152
20.49000 576.542
20.50000 570.404
20.51000 564.055
20.52000 558.055
20.53000 554.731
20.54000 551.967
20.55000 551.307
20.56000 561.095
20.57000 572.307
20.58000 581.104
20.59000 574.820
20.60000 568.815
20.61000 563.209
20.62000 558.534
20.63000 553.897
20.64000 555.455
20.65000 566.977
20.66000 578.632
20.67000 584.691
20.68000 578.887
20.69000 574.961
20.70000 570.688
20.71000 566.167
20.72000 561.707
20.73000 559.343
20.74000 558.010
20.75000 556.739
20.76000 557.645
20.77000 559.174
20.78000 560.454
20.79000 559.542
20.80000 558.120
20.81000 557.949
20.82000 564.749
20.83000 572.625
20.84000 578.954
20.85000 574.119
20.86000 569.341
20.87000 565.331
20.88000 563.300
20.89000 561.368
20.90000 561.570
20.91000 565.578
20.92000 569.659
20.93000 571.898
20.94000 564.099
20.95000 558.731
20.96000 557.506
20.97000 559.592
20.98000 561.716
20.99000 565.572
21.00000 570.373
21.01000 574.994
21.02000 574.625
21.03000 572.512
21.04000 570.218
21.05000 566.102
21.06000 561.512
21.07000 557.750
21.08000 559.171
21.09000 561.494
21.10000 563.403
21.11000 564.843
21.12000 565.984
21.13000 565.492
21.14000 560.347
21.15000 554.916
21.16000 553.572
21.17000 560.295
21.18000 567.235
21.19000 571.233
21.20000 576.077
21.21000 579.471
21.22000 582.997
21.23000 586.641
21.24000 590.166
21.25000 585.772
21.26000 576.598
21.27000 567.697
21.28000 561.522
21.29000 556.745
21.30000 552.618
21.31000 556.118
21.32000 561.818
21.33000 566.257
21.34000 561.768
21.35000 555.538
21.36000 550.312
21.37000 556.252
21.38000 562.360
21.39000 567.670
21.40000 570.459
21.41000 573.064
21.42000 575.424
21.43000 577.248
21.44000 579.053
21.45000 580.141
21.46000 576.329
21.47000 573.581
21.48000 570.507
21.49000 567.105
21.50000 563.748
21.51000 565.095
21.52000 569.595
21.53000 573.991
21.54000 574.040
21.55000 572.166
21.56000 570.677
21.57000 574.507
21.58000 580.036
21.59000 584.341
21.60000 578.796
21.61000 571.105
21.62000 564.528
21.63000 574.422
21.64000 584.744
21.65000 593.746
21.66000 598.133
21.67000 602.124
21.68000 604.479
21.69000 602.885
21.70000 601.117
21.71000 600.005
21.72000 593.982
21.73000 589.571
21.74000 592.835
21.75000 604.755
21.76000 616.667
21.77000 625.461
21.78000 631.931
21.79000 638.290
21.80000 650.993
21.81000 666.401
21.82000 681.369
21.83000 689.071
21.84000 694.203
21.85000 699.477
21.86000 706.067
21.87000 712.975
21.88000 718.990
21.89000 731.668
21.90000 743.411
21.91000 756.065
21.92000 772.246
21.93000 788.780
21.94000 800.375
21.95000 798.786
21.96000 796.481
21.97000 794.973
21.98000 823.538
21.99000 845.009
22.00000 854.583
22.01000 849.159
22.02000 843.700
22.03000 845.322
22.04000 852.834
22.05000 860.255
22.06000 868.442
22.07000 876.847
22.08000 884.497
22.09000 877.028
22.10000 863.647
22.11000 851.324
22.12000 850.281
22.13000 852.280
22.14000 854.049
22.15000 830.972
22.16000 807.119
22.17000 787.886
22.18000 788.591
22.19000 791.590
22.20000 787.587
22.21000 762.905
22.22000 736.869
22.23000 719.213
22.24000 710.948
22.25000 704.992
22.26000 700.954
22.27000 699.612
22.28000 698.287
22.29000 692.492
22.30000 682.531
22.31000 672.650
22.32000 665.585
22.33000 660.379
22.34000 655.176
22.35000 650.042
22.36000 644.939
22.37000 639.191
22.38000 625.413
22.39000 609.232
22.40000 594.684
22.41000 587.965
22.42000 583.471
22.43000 581.505
22.44000 591.703
22.45000 603.498
22.46000 609.591
22.47000 597.034
22.48000 583.028
22.49000 573.204
22.50000 566.813
22.51000 562.075
22.52000 562.648
22.53000 571.513
22.54000 580.475
22.55000 573.646
22.56000 550.282
22.57000 527.024
22.58000 522.578
22.59000 531.128
22.60000 539.493
22.61000 541.946
22.62000 541.572
22.63000 541.350
22.64000 543.355
22.65000 546.097
22.66000 548.599
22.67000 548.786
22.68000 548.488
22.69000 548.839
22.70000 552.686
22.71000 557.054
22.72000 560.135
22.73000 558.551
22.74000 556.542
22.75000 555.088
22.76000 543.351
22.77000 533.963
22.78000 530.344
22.79000 536.713
22.80000 543.260
22.81000 542.227
22.82000 532.297
22.83000 522.376
22.84000 517.832
22.85000 517.458
22.86000 517.040
22.87000 514.762
22.88000 511.499
22.89000 508.305
22.90000 506.310
22.91000 504.755
22.92000 503.318
22.93000 508.251
22.94000 514.118
22.95000 518.654
22.96000 515.130
22.97000 510.251
22.98000 508.060
22.99000 516.693
23.00000 526.466
23.01000 533.751
23.02000 530.867
23.03000 528.161
23.04000 525.089
23.05000 521.316
23.06000 517.526
23.07000 514.129
23.08000 511.247
23.09000 508.369
23.10000 511.028
23.11000 518.466
23.12000 525.835
23.13000 529.052
23.14000 529.837
23.15000 530.433
23.16000 526.951
23.17000 521.816
23.18000 517.015
23.19000 513.361
23.20000 510.334
23.21000 508.023
23.22000 510.598
23.23000 514.095
23.24000 517.521
23.25000 520.626
23.26000 523.692
23.27000 526.041
23.28000 511.036
23.29000 498.233
23.30000 491.433
23.31000 497.366
23.32000 503.714
23.33000 508.639
23.34000 511.487
23.35000 514.316
23.36000 514.479
23.37000 512.052
23.38000 509.707
23.39000 514.814
23.40000 524.769
23.41000 534.388
23.42000 534.938
23.43000 531.422
23.44000 528.098
23.45000 521.970
23.46000 515.542
23.47000 510.515
23.48000 516.355
23.49000 524.489
23.50000 530.813
23.51000 528.073
23.52000 524.087
23.53000 520.954
23.54000 511.503
23.55000 503.522
23.56000 498.631
23.57000 500.989
23.58000 503.648
23.59000 507.638
23.60000 513.782
23.61000 519.955
23.62000 523.178
23.63000 520.682
23.64000 519.006
23.65000 519.462
23.66000 521.460
23.67000 523.161
23.68000 514.453
23.69000 500.585
23.70000 487.346
23.71000 488.211
23.72000 493.517
23.73000 498.089
23.74000 496.151
23.75000 492.680
23.76000 489.971
23.77000 491.531
23.78000 493.756
23.79000 495.546
23.80000 509.637
23.81000 522.026
23.82000 528.888
23.83000 521.417
23.84000 513.208
23.85000 508.097
23.86000 508.548
23.87000 509.110
23.88000 509.420
23.89000 507.697
23.90000 506.496
23.91000 501.747
23.92000 494.138
23.93000 486.709
23.94000 487.860
23.95000 493.720
23.96000 499.364
23.97000 495.785
23.98000 489.132
23.99000 483.434
24.00000 487.491
24.01000 494.101
24.02000 499.724
24.03000 499.110
24.04000 497.404
24.05000 495.999
24.06000 491.879
24.07000 488.245
24.08000 486.302
24.09000 489.207
24.10000 492.414
24.11000 494.503
24.12000 494.369
24.13000 494.173
24.14000 494.060
24.15000 499.986
24.16000 504.161
24.17000 505.504
24.18000 504.293
24.19000 503.081
24.20000 501.780
24.21000 500.426
24.22000 499.112
24.23000 499.194
24.24000 499.828
24.25000 500.207
24.26000 497.543
24.27000 493.995
24.28000 491.247
24.29000 494.215
24.30000 498.306
24.31000 501.743
24.32000 499.173
24.33000 496.399
24.34000 495.831
24.35000 502.268
24.36000 509.224
24.37000 511.432
24.38000 503.200
24.39000 494.595
24.40000 489.390
24.41000 492.079
24.42000 494.053
24.43000 492.864
24.44000 488.473
24.45000 484.123
24.46000 484.284
24.47000 487.490
24.48000 490.623
24.49000 491.816
24.50000 492.094
24.51000 492.558
24.52000 495.624
24.53000 499.527
24.54000 502.786
24.55000 500.810
24.56000 497.685
24.57000 495.009
24.58000 489.669
24.59000 484.839
24.60000 480.357
24.61000 477.103
24.62000 473.955
24.63000 473.869
24.64000 481.224
24.65000 488.914
24.66000 493.764
24.67000 486.704
24.68000 481.454
24.69000 482.695
24.70000 491.314
24.71000 499.897
24.72000 499.637
24.73000 492.736
24.74000 485.949
24.75000 484.552
24.76000 485.879
24.77000 486.929
24.78000 483.349
24.79000 478.118
24.80000 473.858
24.81000 478.631
24.82000 485.613
24.83000 491.700
24.84000 487.933
24.85000 483.345
24.86000 479.935
24.87000 481.131
24.88000 482.792
24.89000 482.987
24.90000 479.242
24.91000 475.280
24.92000 472.682
24.93000 486.360
24.94000 496.689
24.95000 498.554
24.96000 489.666
24.97000 480.750
24.98000 476.422
24.99000 475.941
25.00000 475.466
25.01000 481.433
25.02000 490.831
25.03000 499.930
25.04000 502.940
25.05000 503.553
25.06000 503.200
25.07000 492.458
25.08000 478.892
25.09000 466.867
25.10000 477.676
25.11000 490.644
25.12000 501.456
25.13000 502.893
25.14000 503.241
25.15000 501.374
25.16000 492.919
25.17000 484.027
25.18000 477.981
25.19000 479.024
25.20000 479.963
25.21000 479.914
25.22000 478.468
25.23000 477.012
25.24000 479.867
25.25000 486.771
25.26000 493.623
25.27000 494.630
25.28000 491.993
25.29000 489.174
25.30000 481.739
25.31000 472.293
25.32000 463.881
25.33000 468.474
25.34000 476.987
25.35000 484.649
25.36000 482.754
25.37000 479.380
25.38000 477.702
25.39000 484.251
25.40000 491.890
25.41000 496.757
25.42000 492.495
25.43000 487.514
25.44000 484.013
25.45000 472.517
25.46000 463.572
25.47000 461.411
25.48000 469.919
25.49000 478.557
25.50000 478.702
25.51000 469.879
25.52000 461.092
25.53000 462.068
25.54000 469.806
25.55000 477.184
25.56000 472.870
25.57000 462.924
25.58000 454.008
25.59000 460.409
25.60000 471.923
25.61000 482.434
25.62000 481.030
25.63000 477.371
25.64000 474.320
25.65000 474.567
25.66000 475.310
25.67000 475.341
25.68000 472.773
25.69000 469.966
25.70000 467.930
25.71000 469.596
25.72000 471.015
25.73000 473.073
25.74000 476.249
25.75000 479.445
25.76000 484.911
25.77000 493.062
25.78000 501.202
25.79000 497.552
25.80000 484.762
25.81000 472.121
25.82000 465.941
25.83000 463.204
25.84000 460.546
25.85000 459.287
25.86000 458.544
25.87000 457.858
25.88000 462.452
25.89000 467.783
25.90000 471.435
25.91000 464.839
25.92000 456.507
25.93000 452.330
25.94000 465.017
25.95000 479.498
25.96000 490.314
25.97000 490.722
25.98000 490.562
25.99000 486.181
26.00000 473.650
26.01000 460.913
26.02000 454.710
26.03000 457.136
26.04000 459.601
26.05000 460.622
26.06000 460.384
26.07000 460.216
26.08000 464.393
26.09000 471.134
26.10000 477.484
26.11000 475.271
26.12000 469.560
26.13000 464.216
26.14000 460.252
26.15000 457.004
26.16000 455.453
26.17000 465.599
26.18000 477.970
26.19000 486.650
26.20000 478.644
26.21000 468.604
26.22000 460.897
26.23000 462.602
26.24000 464.475
26.25000 467.458
26.26000 472.816
26.27000 478.253
26.28000 478.985
26.29000 472.800
26.30000 466.555
26.31000 462.415
26.32000 460.338
26.33000 458.290
26.34000 458.969
26.35000 461.436
26.36000 463.837
26.37000 464.424
26.38000 464.193
26.39000 463.974
26.40000 465.639
26.41000 467.711
26.42000 469.436
26.43000 468.447
26.44000 466.880
26.45000 464.757
26.46000 459.827
26.47000 454.507
26.48000 450.319
26.49000 454.034
26.50000 457.537
26.51000 459.672
26.52000 458.571
26.53000 457.334
26.54000 458.577
26.55000 463.867
26.56000 469.215
26.57000 472.017
26.58000 464.721
26.59000 459.776
26.60000 454.885
26.61000 450.032
26.62000 445.350
26.63000 446.808
26.64000 451.331
26.65000 455.652
26.66000 454.702
26.67000 452.122
26.68000 450.079
26.69000 452.845
26.70000 456.752
26.71000 459.943
26.72000 459.089
26.73000 457.599
26.74000 456.398
26.75000 455.526
26.76000 454.843
26.77000 453.501
26.78000 450.437
26.79000 447.284
26.80000 444.907
26.81000 443.938
26.82000 442.998
26.83000 442.478
26.84000 432.655
26.85000 425.886
26.86000 427.904
26.87000 437.058
26.88000 446.095
26.89000 449.443
26.90000 449.646
26.91000 449.841
26.92000 449.429
26.93000 448.824
26.94000 448.440
26.95000 450.343
26.96000 452.849
26.97000 454.643
26.98000 451.902
26.99000 448.359
27.00000 445.440
27.01000 452.223
27.02000 458.698
27.03000 460.956
27.04000 451.026
27.05000 440.329
27.06000 434.217
27.07000 437.289
27.08000 440.618
27.09000 442.549
27.10000 447.228
27.11000 450.518
27.12000 446.189
27.13000 434.934
27.14000 423.916
27.15000 429.574
27.16000 445.451
27.17000 460.870
27.18000 459.788
27.19000 452.128
27.20000 444.827
27.21000 441.832
27.22000 440.098
27.23000 439.012
27.24000 442.598
27.25000 447.110
27.26000 450.905
27.27000 449.661
27.28000 448.087
27.29000 447.685
27.30000 451.034
27.31000 454.663
27.32000 457.350
27.33000 457.947
27.34000 458.469
27.35000 458.785
27.36000 449.813
27.37000 443.341
27.38000 436.645
27.39000 429.720
27.40000 422.874
27.41000 424.779
27.42000 432.637
27.43000 440.322
27.44000 445.756
27.45000 449.957
27.46000 454.142
27.47000 458.112
27.48000 462.011
27.49000 464.835
27.50000 458.825
27.51000 450.861
27.52000 444.032
27.53000 439.635
27.54000 436.220
27.55000 433.356
27.56000 432.450
27.57000 431.716
27.58000 432.027
27.59000 434.900
27.60000 437.890
27.61000 439.782
27.62000 441.746
27.63000 443.171
27.64000 443.962
27.65000 444.025
27.66000 444.077
27.67000 442.102
27.68000 438.592
27.69000 435.139
27.70000 434.092
27.71000 434.285
27.72000 434.661
27.73000 438.144
27.74000 442.742
27.75000 446.683
27.76000 444.442
27.77000 440.677
27.78000 437.390
27.79000 433.277
27.80000 429.641
27.81000 427.683
27.82000 432.328
27.83000 437.647
27.84000 441.451
27.85000 441.151
27.86000 440.622
27.87000 440.274
27.88000 447.755
27.89000 453.395
27.90000 459.332
27.91000 465.647
27.92000 471.948
27.93000 469.777
27.94000 460.445
27.95000 451.220
27.96000 446.616
27.97000 444.709
27.98000 442.913
27.99000 443.413
28.00000 444.823
28.01000 446.568
28.02000 451.961
28.03000 458.353
28.04000 464.025
28.05000 458.582
28.06000 452.092
28.07000 444.836
28.08000 434.220
28.09000 423.209
28.10000 416.361
28.11000 421.980
28.12000 428.438
28.13000 432.839
28.14000 436.979
28.15000 440.068
28.16000 437.700
28.17000 427.550
28.18000 417.343
28.19000 414.820
28.20000 419.575
28.21000 424.295
28.22000 427.318
28.23000 429.231
28.24000 431.232
28.25000 435.521
28.26000 440.813
28.27000 445.635
28.28000 444.476
28.29000 441.502
28.30000 438.823
28.31000 436.433
28.32000 434.388
28.33000 432.354
28.34000 430.372
28.35000 428.398
28.36000 427.894
28.37000 432.271
28.38000 437.036
28.39000 440.394
28.40000 444.056
28.41000 446.842
28.42000 446.564
28.43000 441.429
28.44000 436.234
28.45000 435.461
28.46000 439.396
28.47000 443.316
28.48000 441.075
28.49000 434.547
28.50000 428.151
28.51000 426.127
28.52000 426.225
28.53000 425.951
28.54000 420.071
28.55000 412.307
28.56000 405.212
28.57000 414.738
28.58000 426.593
28.59000 436.633
28.60000 436.737
28.61000 435.334
28.62000 432.534
28.63000 424.589
28.64000 416.167
28.65000 410.043
28.66000 413.221
28.67000 416.019
28.68000 418.673
28.69000 421.078
28.70000 423.478
28.71000 422.498
28.72000 417.483
28.73000 412.472
28.74000 412.622
28.75000 416.814
28.76000 420.931
28.77000 421.730
28.78000 420.748
28.79000 419.931
28.80000 422.107
28.81000 425.396
28.82000 428.440
28.83000 430.812
28.84000 432.790
28.85000 434.235
28.86000 432.398
28.87000 430.000
28.88000 428.268
28.89000 429.260
28.90000 430.545
28.91000 431.507
28.92000 421.321
28.93000 412.854
28.94000 408.974
28.95000 414.022
28.96000 419.299
28.97000 420.883
28.98000 417.550
28.99000 414.195
29.00000 411.974
29.01000 410.753
29.02000 409.596
29.03000 412.418
29.04000 417.607
29.05000 422.593
29.06000 423.042
29.07000 421.626
29.08000 420.299
29.09000 422.270
29.10000 424.915
29.11000 427.647
29.12000 430.979
29.13000 434.427
29.14000 435.487
29.15000 425.668
29.16000 414.511
29.17000 405.931
29.18000 413.529
29.19000 420.455
29.20000 424.661
29.21000 423.011
29.22000 421.164
29.23000 419.719
29.24000 418.869
29.25000 418.024
29.26000 417.425
29.27000 417.068
29.28000 416.769
29.29000 422.029
29.30000 430.961
29.31000 439.422
29.32000 434.729
29.33000 424.052
29.34000 413.945
29.35000 412.954
29.36000 414.684
29.37000 415.709
29.38000 411.169
29.39000 405.435
29.40000 402.591
29.41000 414.454
29.42000 428.377
29.43000 439.357
29.44000 428.703
29.45000 418.697
29.46000 412.712
29.47000 416.294
29.48000 420.286
29.49000 423.426
29.50000 425.164
29.51000 426.881
29.52000 427.785
29.53000 420.827
29.54000 416.123
29.55000 414.414
29.56000 414.906
29.57000 415.396
29.58000 415.864
29.59000 416.320
29.60000 416.756
29.61000 419.124
29.62000 421.952
29.63000 424.791
29.64000 427.717
29.65000 430.665
29.66000 433.230
29.67000 433.614
29.68000 433.652
29.69000 433.683
29.70000 429.122
29.71000 425.049
29.72000 422.753
29.73000 425.132
29.74000 427.758
29.75000 427.849
29.76000 423.321
29.77000 418.696
29.78000 416.132
29.79000 418.300
29.80000 419.796
29.81000 416.974
29.82000 410.617
29.83000 404.558
29.84000 413.379
29.85000 430.487
29.86000 446.984
29.87000 451.910
29.88000 452.347
29.89000 452.314
29.90000 447.367
29.91000 441.115
29.92000 436.433
29.93000 441.845
29.94000 449.056
29.95000 455.008
29.96000 452.421
29.97000 449.497
29.98000 448.025
29.99000 450.783
30.00000 453.811
30.01000 454.084
30.02000 448.802
30.03000 443.361
30.04000 440.194
30.05000 443.101
30.06000 445.169
30.07000 445.318
30.08000 443.709
30.09000 442.142
30.10000 443.671
30.11000 447.111
30.12000 450.454
30.13000 454.666
30.14000 459.020
30.15000 463.150
30.16000 464.551
30.17000 465.148
30.18000 464.743
30.19000 457.060
30.20000 447.923
30.21000 440.225
30.22000 435.049
30.23000 431.000
30.24000 428.550
30.25000 431.254
30.26000 434.348
30.27000 434.920
30.28000 429.864
30.29000 424.599
30.30000 421.395
30.31000 430.568
30.32000 437.218
30.33000 440.465
30.34000 440.207
30.35000 439.956
30.36000 440.447
30.37000 441.447
30.38000 442.425
30.39000 445.739
30.40000 449.976
30.41000 453.786
30.42000 451.469
30.43000 447.150
30.44000 443.595
30.45000 446.362
30.46000 450.539
30.47000 454.125
30.48000 453.412
30.49000 452.278
30.50000 450.552
30.51000 446.713
30.52000 442.687
30.53000 439.536
30.54000 438.544
30.55000 437.652
30.56000 437.087
30.57000 432.896
30.58000 429.810
30.59000 431.488
30.60000 438.670
30.61000 445.842
30.62000 449.239
30.63000 449.756
30.64000 450.264
30.65000 447.811
30.66000 443.938
30.67000 440.487
30.68000 444.264
30.69000 450.655
30.70000 457.047
30.71000 463.460
30.72000 469.878
30.73000 475.486
30.74000 474.879
30.75000 473.480
30.76000 473.614
30.77000 479.831
30.78000 486.675
30.79000 491.401
30.80000 490.350
30.81000 488.971
30.82000 488.062
30.83000 493.570
30.84000 497.740
30.85000 502.106
30.86000 506.723
30.87000 511.339
30.88000 514.628
30.89000 516.785
30.90000 518.919
30.91000 526.431
30.92000 536.802
30.93000 547.145
30.94000 556.890
30.95000 566.397
30.96000 576.469
30.97000 592.760
30.98000 610.768
30.99000 626.765
31.00000 645.907
31.01000 663.014
31.02000 680.112
31.03000 697.169
31.04000 714.222
31.05000 737.029
31.06000 777.202
31.07000 818.558
31.08000 846.813
31.09000 904.279
31.10000 947.957
31.11000 994.380
31.12000 1044.748
31.13000 1095.148
31.14000 1159.846
31.15000 1238.198
31.16000 1315.990
31.17000 1393.716
31.18000 1470.154
31.19000 1547.910
31.20000 1660.119
31.21000 1787.554
31.22000 1913.049
31.23000 2013.551
31.24000 2106.409
31.25000 2190.160
31.26000 2337.009
31.27000 2477.469
31.28000 2613.042
31.29000 2724.528
31.30000 2832.762
31.31000 2935.939
31.32000 3022.208
31.33000 3107.118
31.34000 3167.094
31.35000 3243.626
31.36000 3302.230
31.37000 3347.718
31.38000 3372.265
31.39000 3396.541
31.40000 3389.400
31.41000 3348.530
31.42000 3307.814
31.43000 3262.682
31.44000 3214.874
31.45000 3166.078
31.46000 3084.028
31.47000 2985.724
31.48000 2886.927
31.49000 2780.610
31.50000 2671.746
31.51000 2572.180
31.52000 2449.756
31.53000 2336.225
31.54000 2223.541
31.55000 2115.532
31.56000 2008.238
31.57000 1901.152
31.58000 1794.836
31.59000 1688.592
31.60000 1611.183
31.61000 1516.209
31.62000 1442.393
31.63000 1364.976
31.64000 1281.185
31.65000 1197.272
31.66000 1127.749
31.67000 1075.527
31.68000 1023.435
31.69000 980.241
31.70000 944.273
31.71000 908.194
31.72000 867.038
31.73000 823.135
31.74000 780.187
31.75000 754.785
31.76000 735.958
31.77000 718.516
31.78000 691.808
31.79000 665.631
31.80000 640.676
31.81000 623.311
31.82000 607.254
31.83000 593.049
31.84000 586.477
31.85000 580.733
31.86000 576.424
31.87000 556.995
31.88000 541.103
31.89000 528.329
31.90000 521.661
31.91000 515.154
31.92000 507.048
31.93000 496.799
31.94000 486.544
31.95000 480.175
31.96000 477.257
31.97000 474.294
31.98000 468.399
31.99000 460.746
32.00000 453.447
32.01000 454.151
32.02000 458.171
32.03000 461.939
32.04000 454.634
32.05000 445.100
32.06000 435.732
32.07000 427.535
32.08000 419.564
32.09000 414.628
32.10000 423.623
32.11000 434.349
32.12000 442.612
32.13000 434.739
32.14000 427.579
32.15000 421.585
32.16000 418.120
32.17000 414.743
32.18000 414.846
32.19000 420.143
32.20000 425.490
32.21000 428.479
32.22000 429.120
32.23000 429.753
32.24000 429.482
32.25000 428.612
32.26000 427.701
32.27000 425.620
32.28000 423.002
32.29000 420.523
32.30000 415.816
32.31000 410.832
32.32000 406.091
32.33000 403.285
32.34000 400.898
32.35000 399.751
32.36000 404.962
32.37000 411.072
32.38000 415.899
32.39000 404.898
32.40000 394.985
32.41000 390.513
32.42000 399.079
32.43000 408.213
32.44000 414.323
32.45000 415.422
32.46000 416.446
32.47000 416.987
32.48000 417.619
32.49000 418.035
32.50000 416.140
32.51000 412.536
32.52000 408.865
32.53000 402.742
32.54000 395.377
32.55000 388.332
32.56000 388.898
32.57000 391.914
32.58000 395.118
32.59000 400.050
32.60000 405.398
32.61000 410.706
32.62000 415.789
32.63000 420.835
32.64000 424.917
32.65000 417.921
32.66000 411.337
32.67000 407.249
32.68000 409.776
32.69000 412.658
32.70000 412.834
32.71000 408.042
32.72000 403.143
32.73000 400.417
32.74000 407.027
32.75000 411.610
32.76000 413.183
32.77000 412.273
32.78000 411.479
32.79000 416.551
32.80000 424.914
32.81000 432.984
32.82000 436.964
32.83000 439.214
32.84000 441.445
32.85000 443.463
32.86000 445.423
32.87000 448.518
32.88000 458.962
32.89000 470.727
32.90000 480.452
32.91000 473.941
32.92000 467.046
32.93000 464.622
32.94000 475.305
32.95000 486.836
32.96000 492.798
32.97000 487.446
32.98000 481.765
32.99000 478.448
33.00000 466.644
33.01000 458.301
33.02000 450.112
33.03000 442.063
33.04000 434.056
33.05000 429.091
33.06000 426.019
33.07000 423.032
33.08000 413.464
33.09000 401.679
33.10000 390.301
33.11000 383.935
33.12000 379.058
33.13000 373.990
33.14000 367.523
33.15000 360.774
33.16000 355.080
33.17000 359.369
33.18000 364.037
33.19000 366.285
33.20000 360.675
33.21000 354.461
33.22000 353.363
33.23000 363.763
33.24000 374.595
33.25000 381.207
33.26000 374.982
33.27000 370.425
33.28000 364.147
33.29000 356.079
33.30000 348.068
33.31000 346.894
33.32000 350.443
33.33000 353.917
33.34000 358.784
33.35000 364.093
33.36000 368.836
33.37000 365.350
33.38000 359.158
33.39000 354.249
33.40000 360.083
33.41000 368.331
33.42000 375.423
33.43000 372.305
33.44000 368.389
33.45000 363.893
33.46000 357.304
33.47000 350.527
33.48000 345.573
33.49000 345.148
33.50000 344.936
33.51000 344.801
33.52000 347.063
33.53000 348.736
33.54000 348.363
33.55000 345.606
33.56000 342.863
33.57000 344.229
33.58000 348.756
33.59000 353.213
33.60000 350.309
33.61000 343.748
33.62000 337.823
33.63000 342.960
33.64000 352.125
33.65000 359.464
33.66000 349.276
33.67000 334.702
33.68000 321.949
33.69000 328.234
33.70000 336.340
33.71000 343.282
33.72000 345.567
33.73000 347.367
33.74000 349.934
33.75000 354.609
33.76000 359.405
33.77000 362.576
33.78000 355.308
33.79000 349.761
33.80000 348.456
33.81000 352.672
33.82000 356.905
33.83000 357.216
33.84000 354.157
33.85000 351.131
33.86000 344.337
33.87000 335.556
33.88000 327.141
33.89000 326.525
33.90000 329.047
33.91000 331.649
33.92000 335.130
33.93000 338.856
33.94000 342.170
33.95000 340.352
33.96000 337.941
33.97000 337.395
33.98000 345.153
33.99000 353.904
34.00000 360.026
34.01000 358.156
34.02000 355.736
34.03000 354.079
34.04000 341.836
34.05000 332.412
34.06000 329.512
34.07000 336.056
34.08000 342.677
34.09000 343.729
34.10000 339.417
34.11000 335.135
34.12000 334.125
34.13000 335.209
34.14000 336.273
34.15000 336.780
34.16000 337.039
34.17000 337.330
34.18000 338.045
34.19000 338.891
34.20000 339.655
34.21000 335.198
34.22000 330.320
34.23000 327.082
34.24000 331.990
34.25000 338.009
34.26000 343.298
34.27000 346.131
34.28000 348.764
34.29000 350.629
34.30000 344.617
34.31000 339.804
34.32000 334.598
34.33000 328.759
34.34000 322.912
34.35000 318.838
34.36000 316.681
34.37000 314.534
34.38000 316.975
34.39000 322.656
34.40000 328.252
34.41000 330.924
34.42000 332.157
34.43000 333.397
34.44000 334.745
34.45000 336.130
34.46000 337.398
34.47000 341.108
34.48000 344.916
34.49000 347.562
34.50000 343.737
34.51000 338.914
34.52000 332.764
34.53000 321.655
34.54000 310.075
34.55000 301.620
34.56000 314.082
34.57000 324.506
34.58000 332.097
34.59000 334.639
34.60000 337.082
34.61000 335.304
34.62000 328.410
34.63000 321.517
34.64000 318.363
34.65000 318.200
34.66000 318.165
34.67000 324.032
34.68000 333.114
34.69000 341.561
34.70000 338.162
34.71000 330.292
34.72000 322.996
34.73000 320.166
34.74000 318.664
34.75000 317.970
34.76000 322.343
34.77000 327.596
34.78000 331.491
34.79000 329.747
34.80000 327.386
34.81000 325.612
34.82000 320.436
34.83000 316.227
34.84000 316.401
34.85000 325.228
34.86000 334.287
34.87000 337.131
34.88000 331.571
34.89000 325.967
34.90000 321.742
34.91000 318.753
34.92000 315.829
34.93000 317.209
34.94000 321.188
34.95000 325.047
34.96000 326.165
34.97000 326.139
34.98000 326.114
34.99000 322.532
35.00000 318.334
35.01000 314.255
35.02000 311.015
35.03000 307.939
35.04000 306.621
35.05000 313.441
35.06000 321.281
35.07000 327.332
35.08000 322.777
35.09000 318.551
35.10000 316.541
35.11000 319.373
35.12000 322.375
35.13000 324.758
35.14000 326.212
35.15000 327.656
35.16000 328.380
35.17000 327.523
35.18000 326.921
35.19000 323.135
35.20000 317.214
35.21000 311.429
35.22000 309.556
35.23000 309.488
35.24000 309.424
35.25000 314.298
35.26000 320.243
35.27000 325.221
35.28000 322.407
35.29000 317.896
35.30000 314.022
35.31000 313.448
35.32000 313.344
35.33000 313.261
35.34000 313.724
35.35000 314.133
35.36000 313.180
35.37000 308.936
35.38000 304.546
35.39000 305.281
35.40000 314.571
35.41000 323.993
35.42000 328.989
35.43000 328.300
35.44000 327.810
35.45000 323.787
35.46000 317.131
35.47000 310.464
35.48000 303.410
35.49000 296.158
35.50000 289.217
35.51000 291.921
35.52000 297.620
35.53000 303.024
35.54000 305.722
35.55000 307.762
35.56000 309.823
35.57000 312.002
35.58000 314.201
35.59000 315.982
35.60000 316.747
35.61000 317.288
35.62000 317.856
35.63000 318.493
35.64000 319.135
35.65000 320.771
35.66000 324.245
35.67000 327.760
35.68000 329.723
35.69000 307.732
35.70000 292.482
35.71000 291.553
35.72000 302.537
35.73000 313.339
35.74000 314.628
35.75000 310.541
35.76000 306.595
35.77000 307.081
35.78000 309.170
35.79000 311.234
35.80000 313.022
35.81000 314.736
35.82000 316.342
35.83000 317.243
35.84000 318.017
35.85000 318.658
35.86000 317.678
35.87000 316.715
35.88000 315.336
35.89000 312.728
35.90000 310.039
35.91000 309.773
35.92000 314.469
35.93000 319.311
35.94000 322.148
35.95000 318.156
35.96000 315.311
35.97000 313.021
35.98000 311.250
35.99000 309.517
36.00000 310.746
36.01000 313.832
36.02000 316.834
36.03000 318.786
36.04000 320.211
36.05000 320.897
36.06000 312.394
36.07000 301.140
36.08000 291.649
36.09000 295.209
36.10000 301.417
36.11000 306.662
36.12000 301.215
36.13000 295.486
36.14000 292.724
36.15000 299.661
36.16000 307.352
36.17000 311.894
36.18000 309.311
36.19000 306.455
36.20000 304.706
36.21000 310.658
36.22000 314.984
36.23000 315.853
36.24000 313.101
36.25000 310.336
36.26000 305.917
36.27000 300.347
36.28000 294.893
36.29000 295.754
36.30000 299.483
36.31000 302.847
36.32000 300.830
36.33000 297.031
36.34000 294.131
36.35000 298.819
36.36000 305.226
36.37000 310.742
36.38000 312.571
36.39000 313.654
36.40000 313.447
36.41000 308.561
36.42000 303.249
36.43000 299.900
36.44000 301.461
36.45000 303.256
36.46000 304.401
36.47000 303.394
36.48000 302.634
36.49000 300.654
36.50000 297.242
36.51000 293.836
36.52000 292.419
36.53000 292.544
36.54000 292.667
36.55000 296.077
36.56000 301.072
36.57000 305.998
36.58000 309.724
36.59000 313.011
36.60000 315.620
36.61000 311.652
36.62000 306.025
36.63000 301.096
36.64000 306.648
36.65000 312.922
36.66000 318.365
36.67000 320.458
36.68000 322.198
36.69000 320.334
36.70000 308.495
36.71000 296.075
36.72000 287.844
36.73000 299.037
36.74000 307.658
36.75000 314.174
36.76000 317.930
36.77000 321.668
36.78000 320.878
36.79000 316.168
36.80000 311.508
36.81000 309.010
36.82000 307.806
36.83000 306.701
36.84000 307.710
36.85000 309.576
36.86000 311.500
36.87000 314.074
36.88000 316.829
36.89000 319.283
36.90000 316.326
36.91000 312.871
36.92000 309.696
36.93000 307.778
36.94000 306.012
36.95000 305.640
36.96000 309.539
36.97000 313.736
36.98000 316.617
36.99000 309.433
37.00000 303.801
37.01000 300.623
37.02000 301.024
37.03000 301.456
37.04000 301.539
37.05000 301.283
37.06000 301.029
37.07000 300.609
37.08000 300.088
37.09000 299.602
37.10000 300.067
37.11000 300.959
37.12000 301.919
37.13000 303.799
37.14000 305.964
37.15000 307.920
37.16000 309.555
37.17000 310.932
37.18000 310.914
37.19000 303.905
37.20000 295.933
37.21000 291.129
37.22000 297.069
37.23000 303.894
37.24000 308.736
37.25000 305.103
37.26000 302.071
37.27000 302.763
37.28000 309.490
37.29000 316.300
37.30000 314.369
37.31000 302.897
37.32000 291.463
37.33000 294.091
37.34000 306.773
37.35000 319.051
37.36000 317.164
37.37000 308.253
37.38000 299.725
37.39000 297.207
37.40000 296.755
37.41000 296.340
37.42000 296.867
37.43000 297.534
37.44000 298.163
37.45000 298.588
37.46000 298.980
37.47000 298.946
37.48000 297.305
37.49000 295.509
37.50000 294.196
37.51000 297.492
37.52000 300.218
37.53000 299.699
37.54000 293.350
37.55000 286.884
37.56000 285.615
37.57000 290.695
37.58000 295.783
37.59000 297.676
37.60000 296.999
37.61000 296.332
37.62000 296.180
37.63000 296.311
37.64000 296.558
37.65000 298.993
37.66000 302.259
37.67000 305.290
37.68000 303.493
37.69000 300.734
37.70000 298.682
37.71000 301.089
37.72000 304.278
37.73000 305.203
37.74000 296.650
37.75000 287.048
37.76000 279.819
37.77000 289.429
37.78000 297.769
37.79000 302.671
37.80000 300.734
37.81000 298.610
37.82000 299.330
37.83000 303.926
37.84000 308.542
37.85000 309.979
37.86000 308.550
37.87000 307.133
37.88000 306.555
37.89000 306.488
37.90000 306.341
37.91000 304.332
37.92000 301.542
37.93000 298.922
37.94000 301.802
37.95000 305.885
37.96000 309.332
37.97000 308.240
37.98000 306.257
37.99000 304.924
38.00000 306.627
38.01000 308.714
38.02000 310.328
38.03000 309.800
38.04000 309.255
38.05000 308.238
38.06000 306.184
38.07000 304.092
38.08000 305.340
38.09000 311.649
38.10000 318.010
38.11000 321.211
38.12000 323.922
38.13000 325.719
38.14000 325.966
38.15000 325.166
38.16000 324.297
38.17000 321.354
38.18000 317.447
38.19000 313.741
38.20000 318.650
38.21000 325.734
38.22000 332.586
38.23000 337.556
38.24000 342.113
38.25000 346.130
38.26000 347.333
38.27000 348.131
38.28000 348.763
38.29000 356.500
38.30000 363.220
38.31000 367.485
38.32000 365.778
38.33000 363.803
38.34000 363.833
38.35000 367.235
38.36000 370.690
38.37000 372.530
38.38000 399.178
38.39000 417.307
38.40000 428.860
38.41000 435.472
38.42000 442.090
38.43000 448.954
38.44000 455.945
38.45000 462.641
38.46000 477.698
38.47000 494.516
38.48000 510.942
38.49000 523.709
38.50000 535.582
38.51000 548.893
38.52000 570.617
38.53000 593.708
38.54000 612.444
38.55000 653.029
38.56000 687.914
38.57000 717.211
38.58000 731.484
38.59000 744.928
38.60000 762.727
38.61000 788.641
38.62000 814.738
38.63000 829.365
38.64000 858.558
38.65000 878.802
38.66000 884.343
38.67000 877.555
38.68000 871.116
38.69000 883.389
38.70000 906.315
38.71000 928.460
38.72000 923.468
38.73000 908.685
38.74000 894.416
38.75000 885.687
38.76000 878.464
38.77000 869.139
38.78000 845.957
38.79000 820.243
38.80000 798.922
38.81000 771.128
38.82000 747.546
38.83000 726.266
38.84000 711.832
38.85000 697.852
38.86000 678.316
38.87000 647.327
38.88000 615.992
38.89000 597.573
38.90000 579.472
38.91000 566.709
38.92000 550.862
38.93000 532.119
38.94000 513.298
38.95000 488.242
38.96000 459.252
38.97000 431.038
38.98000 424.487
38.99000 427.235
39.00000 428.924
39.01000 417.292
39.02000 401.644
39.03000 387.346
39.04000 383.144
39.05000 381.006
39.06000 379.197
39.07000 363.645
39.08000 349.104
39.09000 339.691
39.10000 347.174
39.11000 355.985
39.12000 358.430
39.13000 346.363
39.14000 333.731
39.15000 325.973
39.16000 314.491
39.17000 306.229
39.18000 306.154
39.19000 314.727
39.20000 323.228
39.21000 322.028
39.22000 314.025
39.23000 306.186
39.24000 304.993
39.25000 306.925
39.26000 308.369
39.27000 302.551
39.28000 294.308
39.29000 286.776
39.30000 285.304
39.31000 285.216
39.32000 285.139
39.33000 284.046
39.34000 282.989
39.35000 283.729
39.36000 291.033
39.37000 298.941
39.38000 303.417
39.39000 299.245
39.40000 294.653
39.41000 291.715
39.42000 298.310
39.43000 303.238
39.44000 304.277
39.45000 300.714
39.46000 297.142
39.47000 293.444
39.48000 289.648
39.49000 285.909
39.50000 282.315
39.51000 278.903
39.52000 275.662
39.53000 275.491
39.54000 276.453
39.55000 277.153
39.56000 275.285
39.57000 272.765
39.58000 270.554
39.59000 274.483
39.60000 278.751
39.61000 282.765
39.62000 285.750
39.63000 288.625
39.64000 290.597
39.65000 290.049
39.66000 289.353
39.67000 288.890
39.68000 280.666
39.69000 274.440
39.70000 270.596
39.71000 269.901
39.72000 269.217
39.73000 265.891
39.74000 260.260
39.75000 254.686
39.76000 258.248
39.77000 267.010
39.78000 275.416
39.79000 276.006
39.80000 273.404
39.81000 270.860
39.82000 268.980
39.83000 267.287
39.84000 265.777
39.85000 271.409
39.86000 277.487
39.87000 282.273
39.88000 281.216
39.89000 279.448
39.90000 278.193
39.91000 278.526
39.92000 278.970
39.93000 279.276
39.94000 278.688
39.95000 278.224
39.96000 278.807
39.97000 280.926
39.98000 283.060
39.99000 281.359
40.00000 275.903
40.01000 270.481
40.02000 266.118
40.03000 262.501
40.04000 259.032
40.05000 259.618
40.06000 262.035
40.07000 264.738
40.08000 271.247
40.09000 278.947
40.10000 285.912
40.11000 283.951
40.12000 280.552
40.13000 277.303
40.14000 274.810
40.15000 272.423
40.16000 269.855
40.17000 266.670
40.18000 263.434
40.19000 261.133
40.20000 265.262
40.21000 268.613
40.22000 272.048
40.23000 275.621
40.24000 279.196
40.25000 278.498
40.26000 273.099
40.27000 267.716
40.28000 267.774
40.29000 271.763
40.30000 275.631
40.31000 275.177
40.32000 272.564
40.33000 270.126
40.34000 270.456
40.35000 271.744
40.36000 272.925
40.37000 263.336
40.38000 252.513
40.39000 243.785
40.40000 246.908
40.41000 251.892
40.42000 255.867
40.43000 256.011
40.44000 255.784
40.45000 255.618
40.46000 256.103
40.47000 256.505
40.48000 256.460
40.49000 255.609
40.50000 254.741
40.51000 255.298
40.52000 257.611
40.53000 259.926
40.54000 263.590
40.55000 268.332
40.56000 272.937
40.57000 270.881
40.58000 265.142
40.59000 259.619
40.60000 258.240
40.61000 258.448
40.62000 258.641
40.63000 260.019
40.64000 261.543
40.65000 262.572
40.66000 260.435
40.67000 257.739
40.68000 255.563
40.69000 255.581
40.70000 255.844
40.71000 256.042
40.72000 256.028
40.73000 256.007
40.74000 256.986
40.75000 259.969
40.76000 263.008
40.77000 266.433
40.78000 270.387
40.79000 274.344
40.80000 271.334
40.81000 261.999
40.82000 252.746
40.83000 249.319
40.84000 249.462
40.85000 249.660
40.86000 251.167
40.87000 253.229
40.88000 255.167
40.89000 260.997
40.90000 267.357
40.91000 271.956
40.92000 263.860
40.93000 253.249
40.94000 245.405
40.95000 250.566
40.96000 257.389
40.97000 262.675
40.98000 263.079
40.99000 263.109
41.00000 261.999
41.01000 258.365
41.02000 254.640
41.03000 251.291
41.04000 248.518
41.05000 245.751
41.06000 244.353
41.07000 247.309
41.08000 249.294
41.09000 252.251
41.10000 255.867
41.11000 259.261
41.12000 255.945
41.13000 249.489
41.14000 243.359
41.15000 245.815
41.16000 250.651
41.17000 255.451
41.18000 259.948
41.19000 264.379
41.20000 267.033
41.21000 260.346
41.22000 252.304
41.23000 245.917
41.24000 245.516
41.25000 245.618
41.26000 247.061
41.27000 251.789
41.28000 256.667
41.29000 259.519
41.30000 258.940
41.31000 258.305
41.32000 257.966
41.33000 259.454
41.34000 260.457
41.35000 258.660
41.36000 254.743
41.37000 250.932
41.38000 251.300
41.39000 253.834
41.40000 256.261
41.41000 255.288
41.42000 253.241
41.43000 251.290
41.44000 250.243
41.45000 249.418
41.46000 248.779
41.47000 249.232
41.48000 249.863
41.49000 250.376
41.50000 250.129
41.51000 249.865
41.52000 250.007
41.53000 251.254
41.54000 252.562
41.55000 251.231
41.56000 244.950
41.57000 238.554
41.58000 234.957
41.59000 236.178
41.60000 237.045
41.61000 241.782
41.62000 249.793
41.63000 257.671
41.64000 258.298
41.65000 254.767
41.66000 251.355
41.67000 242.626
41.68000 232.403
41.69000 223.511
41.70000 229.118
41.71000 238.696
41.72000 247.197
41.73000 248.535
41.74000 248.554
41.75000 248.569
41.76000 247.025
41.77000 245.596
41.78000 244.945
41.79000 246.621
41.80000 248.454
41.81000 247.061
41.82000 238.971
41.83000 230.674
41.84000 225.782
41.85000 229.239
41.86000 231.725
41.87000 234.918
41.88000 238.783
41.89000 242.610
41.90000 243.408
41.91000 242.279
41.92000 241.179
41.93000 242.388
41.94000 244.505
41.95000 246.236
41.96000 243.065
41.97000 238.404
41.98000 234.216
41.99000 233.595
42.00000 233.708
42.01000 233.804
42.02000 249.616
42.03000 264.623
42.04000 274.108
42.05000 265.266
42.06000 254.966
42.07000 247.276
42.08000 245.578
42.09000 244.117
42.10000 243.217
42.11000 237.004
42.12000 232.498
42.13000 231.241
42.14000 233.442
42.15000 235.657
42.16000 239.518
42.17000 244.542
42.18000 249.466
42.19000 243.872
42.20000 233.577
42.21000 224.045
42.22000 226.015
42.23000 231.853
42.24000 237.279
42.25000 239.157
42.26000 240.219
42.27000 241.136
42.28000 239.441
42.29000 237.666
42.30000 237.340
42.31000 242.351
42.32000 247.858
42.33000 250.731
42.34000 246.916
42.35000 242.772
42.36000 240.114
42.37000 241.464
42.38000 242.503
42.39000 243.453
42.40000 244.298
42.41000 245.138
42.42000 244.948
42.43000 243.946
42.44000 242.959
42.45000 244.106
42.46000 246.332
42.47000 248.289
42.48000 245.363
42.49000 240.621
42.50000 236.263
42.51000 235.708
42.52000 236.127
42.53000 236.495
42.54000 232.577
42.55000 228.580
42.56000 225.928
42.57000 228.773
42.58000 232.210
42.59000 234.901
42.60000 235.501
42.61000 235.976
42.62000 236.292
42.63000 239.465
42.64000 241.868
42.65000 242.495
42.66000 240.758
42.67000 239.009
42.68000 236.518
42.69000 233.376
42.70000 230.265
42.71000 230.326
42.72000 232.234
42.73000 234.023
42.74000 233.192
42.75000 231.283
42.76000 229.613
42.77000 230.698
42.78000 232.566
42.79000 234.233
42.80000 237.440
42.81000 240.488
42.82000 242.291
42.83000 238.415
42.84000 233.840
42.85000 231.418
42.86000 235.686
42.87000 240.433
42.88000 243.708
42.89000 245.105
42.90000 246.106
42.91000 245.696
42.92000 243.196
42.93000 240.677
42.94000 241.087
42.95000 244.390
42.96000 247.672
42.97000 250.654
42.98000 253.398
42.99000 255.870
43.00000 250.721
43.01000 242.105
43.02000 234.177
43.03000 235.535
43.04000 239.817
43.05000 243.695
43.06000 243.297
43.07000 242.138
43.08000 240.384
43.09000 235.607
43.10000 230.406
43.11000 226.053
43.12000 224.617
43.13000 223.427
43.14000 222.579
43.15000 229.139
43.16000 234.382
43.17000 237.877
43.18000 238.497
43.19000 239.074
43.20000 239.837
43.21000 240.806
43.22000 241.771
43.23000 241.710
43.24000 240.903
43.25000 240.024
43.26000 236.526
43.27000 231.711
43.28000 227.228
43.29000 228.080
43.30000 230.793
43.31000 233.284
43.32000 234.015
43.33000 234.291
43.34000 234.660
43.35000 235.554
43.36000 236.531
43.37000 236.497
43.38000 232.595
43.39000 228.316
43.40000 225.171
43.41000 230.923
43.42000 235.736
43.43000 239.475
43.44000 241.258
43.45000 242.999
43.46000 241.843
43.47000 237.090
43.48000 232.334
43.49000 230.999
43.50000 232.462
43.51000 233.935
43.52000 235.925
43.53000 238.203
43.54000 240.322
43.55000 239.330
43.56000 237.139
43.57000 235.103
43.58000 231.396
43.59000 227.649
43.60000 224.840
43.61000 228.056
43.62000 232.346
43.63000 235.198
43.64000 231.940
43.65000 227.991
43.66000 225.007
43.67000 222.167
43.68000 219.948
43.69000 220.165
43.70000 225.298
43.71000 230.571
43.72000 233.194
43.73000 232.150
43.74000 231.083
43.75000 231.474
43.76000 233.201
43.77000 234.854
43.78000 231.152
43.79000 224.145
43.80000 217.294
43.81000 214.198
43.82000 212.703
43.83000 211.298
43.84000 217.432
43.85000 225.064
43.86000 231.609
43.87000 230.249
43.88000 227.310
43.89000 224.574
43.90000 222.799
43.91000 221.147
43.92000 219.866
43.93000 226.393
43.94000 232.053
43.95000 237.973
43.96000 244.473
43.97000 250.993
43.98000 250.663
43.99000 239.793
44.00000 228.807
44.01000 223.233
44.02000 225.776
44.03000 227.490
44.04000 230.385
44.05000 234.090
44.06000 237.744
44.07000 239.849
44.08000 241.223
44.09000 242.529
44.10000 241.627
44.11000 240.129
44.12000 238.969
44.13000 240.617
44.14000 242.891
44.15000 244.410
44.16000 241.927
44.17000 238.857
44.18000 236.416
44.19000 233.916
44.20000 231.898
44.21000 230.478
44.22000 230.534
44.23000 230.658
44.24000 233.226
44.25000 239.964
44.26000 246.772
44.27000 250.424
44.28000 243.620
44.29000 238.983
44.30000 238.072
44.31000 240.003
44.32000 241.885
44.33000 241.745
44.34000 240.550
44.35000 239.404
44.36000 239.846
44.37000 240.796
44.38000 241.956
44.39000 245.112
44.40000 248.764
44.41000 251.869
44.42000 251.719
44.43000 251.031
44.44000 250.471
44.45000 250.504
44.46000 250.582
44.47000 250.250
44.48000 248.800
44.49000 247.288
44.50000 245.428
44.51000 242.914
44.52000 240.384
44.53000 238.956
44.54000 246.283
44.55000 251.395
44.56000 253.607
44.57000 253.349
44.58000 253.190
44.59000 258.673
44.60000 267.415
44.61000 275.869
44.62000 278.748
44.63000 279.361
44.64000 280.340
44.65000 285.335
44.66000 291.438
44.67000 297.082
44.68000 299.637
44.69000 301.619
44.70000 303.268
44.71000 306.211
44.72000 308.774
44.73000 312.323
44.74000 318.848
44.75000 325.576
44.76000 332.188
44.77000 338.556
44.78000 344.916
44.79000 348.679
44.80000 352.188
44.81000 354.667
44.82000 359.997
44.83000 368.048
44.84000 376.128
44.85000 386.700
44.86000 398.867
44.87000 410.721
44.88000 413.758
44.89000 412.939
44.90000 412.755
44.91000 420.740
44.92000 431.224
44.93000 441.923
44.94000 454.261
44.95000 466.940
44.96000 477.697
44.97000 485.893
44.98000 492.476
44.99000 498.379
45.00000 502.007
45.01000 505.452
45.02000 503.902
45.03000 490.800
45.04000 477.235
45.05000 468.852
45.06000 466.918
45.07000 465.589
45.08000 468.128
45.09000 474.819
45.10000 481.465
45.11000 481.257
45.12000 476.169
45.13000 471.180
45.14000 460.307
45.15000 447.069
45.16000 434.730
45.17000 436.109
45.18000 442.133
45.19000 446.676
45.20000 438.336
45.21000 427.009
45.22000 417.220
45.23000 413.470
45.24000 411.069
45.25000 407.927
45.26000 402.036
45.27000 395.887
45.28000 389.983
45.29000 384.707
45.30000 379.462
45.31000 376.088
45.32000 364.063
45.33000 355.167
45.34000 347.306
45.35000 340.692
45.36000 334.094
45.37000 331.919
45.38000 333.253
45.39000 334.569
45.40000 328.898
45.41000 319.719
45.42000 310.816
45.43000 307.008
45.44000 305.109
45.45000 303.161
45.46000 300.725
45.47000 298.162
45.48000 295.909
45.49000 294.201
45.50000 292.813
45.51000 291.130
45.52000 288.235
45.53000 285.208
45.54000 282.678
45.55000 281.552
45.56000 280.510
45.57000 279.814
45.58000 280.413
45.59000 280.883
45.60000 279.863
45.61000 276.847
45.62000 273.819
45.63000 269.884
45.64000 265.144
45.65000 260.449
45.66000 256.681
45.67000 253.535
45.68000 250.637
45.69000 253.352
45.70000 258.392
45.71000 262.720
45.72000 258.766
45.73000 252.442
45.74000 246.792
45.75000 249.503
45.76000 253.274
45.77000 256.091
45.78000 254.529
45.79000 252.424
45.80000 249.487
45.81000 243.948
45.82000 238.219
45.83000 234.258
45.84000 235.937
45.85000 237.347
45.86000 236.588
45.87000 232.593
45.88000 228.567
45.89000 229.440
45.90000 235.193
45.91000 240.913
45.92000 236.237
45.93000 224.804
45.94000 213.749
45.95000 213.482
45.96000 218.157
45.97000 222.438
45.98000 221.337
45.99000 218.529
46.00000 215.982
46.01000 219.715
46.02000 224.203
46.03000 227.158
46.04000 222.239
46.05000 216.208
46.06000 211.031
46.07000 208.818
46.08000 206.857
46.09000 205.457
46.10000 210.896
46.11000 215.275
46.12000 217.225
46.13000 215.154
46.14000 213.022
46.15000 209.655
46.16000 204.906
46.17000 200.171
46.18000 197.700
46.19000 196.910
46.20000 196.321
46.21000 203.256
46.22000 214.003
46.23000 224.175
46.24000 224.994
46.25000 222.528
46.26000 220.263
46.27000 218.458
46.28000 216.946
46.29000 215.625
46.30000 215.397
46.31000 215.344
46.32000 214.196
46.33000 208.831
46.34000 203.049
46.35000 198.791
46.36000 206.749
46.37000 213.416
46.38000 215.587
46.39000 209.503
46.40000 203.241
46.41000 199.282
46.42000 198.206
46.43000 197.140
46.44000 197.576
46.45000 199.245
46.46000 200.860
46.47000 199.666
46.48000 196.897
46.49000 194.499
46.50000 199.436
46.51000 207.222
46.52000 214.466
46.53000 215.859
46.54000 215.703
46.55000 214.877
46.56000 209.709
46.57000 203.761
46.58000 199.479
46.59000 202.337
46.60000 206.008
46.61000 208.789
46.62000 201.801
46.63000 195.819
46.64000 193.198
46.65000 197.406
46.66000 201.812
46.67000 207.198
46.68000 213.950
46.69000 220.710
46.70000 219.033
46.71000 209.564
46.72000 200.222
46.73000 200.434
46.74000 206.587
46.75000 212.551
46.76000 213.903
46.77000 213.274
46.78000 212.682
46.79000 208.232
46.80000 203.117
46.81000 198.788
46.82000 200.223
46.83000 202.819
46.84000 205.637
46.85000 209.511
46.86000 213.523
46.87000 216.643
46.88000 213.426
46.89000 210.479
46.90000 207.892
46.91000 206.115
46.92000 204.369
46.93000 203.153
46.94000 202.758
46.95000 202.373
46.96000 202.177
46.97000 203.008
46.98000 203.559
46.99000 203.360
47.00000 202.642
47.01000 201.950
47.02000 202.033
47.03000 202.485
47.04000 202.914
47.05000 204.486
47.06000 206.287
47.07000 207.569
47.08000 204.513
47.09000 200.482
47.10000 196.823
47.11000 195.152
47.12000 193.776
47.13000 192.679
47.14000 196.512
47.15000 199.962
47.16000 202.739
47.17000 203.845
47.18000 204.873
47.19000 203.139
47.20000 196.659
47.21000 190.097
47.22000 186.565
47.23000 186.255
47.24000 186.060
47.25000 189.124
47.26000 194.695
47.27000 200.123
47.28000 199.651
47.29000 196.079
47.30000 192.651
47.31000 193.917
47.32000 196.699
47.33000 199.164
47.34000 198.590
47.35000 197.256
47.36000 196.429
47.37000 198.644
47.38000 201.368
47.39000 203.588
47.40000 197.479
47.41000 191.775
47.42000 187.764
47.43000 188.408
47.44000 189.320
47.45000 190.442
47.46000 191.967
47.47000 193.502
47.48000 194.372
47.49000 200.062
47.50000 204.027
47.51000 201.469
47.52000 193.308
47.53000 185.256
47.54000 183.478
47.55000 185.353
47.56000 187.166
47.57000 190.343
47.58000 193.862
47.59000 196.668
47.60000 191.544
47.61000 184.215
47.62000 178.155
47.63000 180.687
47.64000 184.828
47.65000 188.276
47.66000 184.547
47.67000 180.747
47.68000 178.629
47.69000 181.626
47.70000 184.976
47.71000 186.566
47.72000 184.446
47.73000 182.208
47.74000 180.879
47.75000 183.465
47.76000 185.318
47.77000 185.603
47.78000 184.378
47.79000 183.200
47.80000 186.119
47.81000 191.684
47.82000 197.107
47.83000 197.798
47.84000 196.445
47.85000 195.047
47.86000 193.053
47.87000 190.876
47.88000 188.400
47.89000 183.639
47.90000 178.398
47.91000 173.946
47.92000 181.571
47.93000 189.351
47.94000 194.297
47.95000 189.696
47.96000 184.317
47.97000 181.275
47.98000 183.674
47.99000 186.295
48.00000 187.920
48.01000 194.546
48.02000 199.359
48.03000 198.334
48.04000 190.987
48.05000 183.673
48.06000 181.771
48.07000 183.751
48.08000 185.694
48.09000 186.378
48.10000 186.442
48.11000 186.613
48.12000 188.464
48.13000 190.888
48.14000 193.006
48.15000 192.435
48.16000 191.236
48.17000 190.199
48.18000 188.939
48.19000 187.838
48.20000 186.896
48.21000 186.544
48.22000 186.249
48.23000 185.036
48.24000 181.458
48.25000 177.760
48.26000 175.374
48.27000 176.906
48.28000 178.081
48.29000 178.995
48.30000 179.591
48.31000 180.193
48.32000 183.177
48.33000 188.066
48.34000 192.889
48.35000 191.985
48.36000 188.074
48.37000 184.315
48.38000 183.402
48.39000 183.563
48.40000 184.085
48.41000 188.251
48.42000 193.364
48.43000 197.865
48.44000 197.142
48.45000 195.737
48.46000 193.616
48.47000 188.518
48.48000 183.095
48.49000 179.383
48.50000 180.548
48.51000 182.012
48.52000 182.993
48.53000 188.984
48.54000 193.529
48.55000 195.575
48.56000 194.242
48.57000 192.890
48.58000 190.188
48.59000 186.277
48.60000 182.403
48.61000 183.801
48.62000 188.291
48.63000 192.601
48.64000 192.765
48.65000 191.200
48.66000 189.606
48.67000 187.671
48.68000 185.637
48.69000 183.818
48.70000 183.269
48.71000 183.006
48.72000 183.660
48.73000 188.554
48.74000 193.981
48.75000 196.909
48.76000 191.961
48.77000 186.436
48.78000 182.605
48.79000 179.698
48.80000 177.534
48.81000 176.541
48.82000 177.310
48.83000 178.097
48.84000 178.673
48.85000 179.038
48.86000 179.401
48.87000 180.977
48.88000 183.336
48.89000 185.567
48.90000 184.109
48.91000 180.949
48.92000 177.961
48.93000 177.362
48.94000 177.526
48.95000 177.675
48.96000 179.911
48.97000 182.286
48.98000 184.859
48.99000 188.463
49.00000 192.214
49.01000 194.380
49.02000 191.007
49.03000 187.158
49.04000 184.401
49.05000 180.091
49.06000 176.746
49.07000 176.045
49.08000 179.758
49.09000 183.539
49.10000 183.257
49.11000 178.392
49.12000 173.537
49.13000 172.781
49.14000 175.064
49.15000 177.296
49.16000 177.596
49.17000 176.910
49.18000 176.528
49.19000 181.179
49.20000 187.609
49.21000 193.523
49.22000 187.727
49.23000 180.007
49.24000 174.017
49.25000 178.061
49.26000 183.723
49.27000 188.523
49.28000 189.984
49.29000 191.110
49.30000 191.941
49.31000 189.843
49.32000 188.094
49.33000 186.648
49.34000 185.761
49.35000 184.887
49.36000 185.256
49.37000 187.194
49.38000 189.135
49.39000 189.934
49.40000 189.783
49.41000 189.639
49.42000 189.874
49.43000 190.324
49.44000 190.694
49.45000 189.459
49.46000 187.596
49.47000 185.861
49.48000 182.150
49.49000 178.312
49.50000 174.738
49.51000 172.894
49.52000 171.362
49.53000 171.037
49.54000 175.913
49.55000 181.389
49.56000 185.544
49.57000 184.891
49.58000 184.131
49.59000 182.912
49.60000 180.754
49.61000 178.569
49.62000 176.981
49.63000 176.235
49.64000 175.495
49.65000 172.988
49.66000 168.837
49.67000 164.734
49.68000 164.281
49.69000 166.115
49.70000 167.971
49.71000 170.351
49.72000 172.958
49.73000 175.414
49.74000 168.985
49.75000 160.672
49.76000 154.125
49.77000 160.654
49.78000 169.838
49.79000 177.737
49.80000 179.458
49.81000 180.366
49.82000 181.073
49.83000 181.022
49.84000 180.934
49.85000 181.952
49.86000 185.472
49.87000 189.088
49.88000 190.671
49.89000 189.081
49.90000 187.453
49.91000 186.621
49.92000 181.988
49.93000 178.904
49.94000 179.514
49.95000 182.694
49.96000 185.725
49.97000 183.988
49.98000 179.970
49.99000 176.148
50.00000 177.421
50.01000 180.161
50.02000 182.902
50.03000 185.648
50.04000 188.394
50.05000 190.006
50.06000 185.503
50.07000 180.088
50.08000 175.765
50.09000 178.022
50.10000 180.327
50.11000 182.039
50.12000 182.266
50.13000 182.423
50.14000 182.931
50.15000 184.047
50.16000 185.175
50.17000 185.784
50.18000 183.710
50.19000 182.289
50.20000 181.289
50.21000 180.615
50.22000 179.978
50.23000 180.913
50.24000 182.679
50.25000 184.374
50.26000 191.128
50.27000 199.181
50.28000 205.994
50.29000 200.787
50.30000 192.549
50.31000 186.034
50.32000 189.945
50.33000 195.609
50.34000 200.234
50.35000 199.852
50.36000 199.108
50.37000 198.612
50.38000 198.803
50.39000 199.034
50.40000 199.326
50.41000 199.737
50.42000 200.150
50.43000 200.385
50.44000 201.498
50.45000 202.282
50.46000 207.799
50.47000 217.416
50.48000 226.985
50.49000 233.682
50.50000 238.695
50.51000 243.549
50.52000 239.725
50.53000 232.783
50.54000 226.852
50.55000 232.290
50.56000 240.913
50.57000 249.407
50.58000 257.023
50.59000 264.474
50.60000 270.689
50.61000 270.021
50.62000 268.778
50.63000 268.618
50.64000 271.775
50.65000 275.163
50.66000 275.941
50.67000 271.182
50.68000 266.241
50.69000 263.300
50.70000 271.742
50.71000 277.792
50.72000 280.086
50.73000 278.732
50.74000 277.354
50.75000 273.727
50.76000 268.637
50.77000 263.674
50.78000 259.398
50.79000 255.610
50.80000 252.152
50.81000 253.048
50.82000 255.296
50.83000 257.394
50.84000 258.330
50.85000 259.020
50.86000 259.607
50.87000 255.935
50.88000 252.358
50.89000 248.476
50.90000 243.558
50.91000 238.556
50.92000 233.988
50.93000 230.438
50.94000 226.930
50.95000 224.749
50.96000 217.004
50.97000 211.372
50.98000 210.154
50.99000 213.755
51.00000 217.347
51.01000 219.012
51.02000 219.285
51.03000 219.552
51.04000 215.861
51.05000 210.411
51.06000 205.062
51.07000 201.303
51.08000 198.089
51.09000 195.192
51.10000 195.102
51.11000 195.674
51.12000 196.169
51.13000 189.998
51.14000 183.864
51.15000 179.489
51.16000 181.736
51.17000 184.617
51.18000 187.244
51.19000 189.208
51.20000 191.138
51.21000 192.387
51.22000 193.620
51.23000 194.522
51.24000 192.877
51.25000 188.122
51.26000 183.373
51.27000 183.581
51.28000 187.785
51.29000 191.933
51.30000 189.753
51.31000 184.255
51.32000 178.860
51.33000 175.411
51.34000 172.702
51.35000 170.342
51.36000 171.542
51.37000 173.676
51.38000 175.556
51.39000 179.457
51.40000 183.124
51.41000 185.077
51.42000 179.861
51.43000 173.851
51.44000 169.897
51.45000 171.840
51.46000 174.150
51.47000 175.701
51.48000 181.636
51.49000 186.132
51.50000 186.306
51.51000 180.591
51.52000 174.845
51.53000 175.072
51.54000 180.684
51.55000 186.246
51.56000 188.262
51.57000 188.126
51.58000 187.723
51.59000 181.122
51.60000 171.915
51.61000 163.147
51.62000 159.586
51.63000 157.539
51.64000 155.706
51.65000 154.707
51.66000 153.978
51.67000 154.366
51.68000 159.963
51.69000 166.219
51.70000 171.036
51.71000 171.283
51.72000 171.191
51.73000 171.127
51.74000 169.377
51.75000 168.014
51.76000 164.921
51.77000 159.210
51.78000 153.472
51.79000 153.458
51.80000 159.244
51.81000 164.998
51.82000 165.498
51.83000 162.487
51.84000 159.635
51.85000 161.433
51.86000 165.393
51.87000 168.818
51.88000 164.764
51.89000 158.302
51.90000 152.432
51.91000 153.168
51.92000 155.100
51.93000 157.597
51.94000 163.046
51.95000 168.918
51.96000 173.261
51.97000 172.219
51.98000 170.708
51.99000 169.623
52.00000 170.034
52.01000 170.400
52.02000 168.312
52.03000 162.096
52.04000 155.816
52.05000 155.802
52.06000 162.915
52.07000 170.014
52.08000 173.438
52.09000 174.096
52.10000 174.763
52.11000 175.828
52.12000 177.097
52.13000 178.159
52.14000 175.758
52.15000 172.123
52.16000 168.777
52.17000 170.326
52.18000 172.782
52.19000 174.206
52.20000 169.587
52.21000 163.987
52.22000 160.300
52.23000 164.097
52.24000 168.649
52.25000 172.015
52.26000 175.258
52.27000 177.769
52.28000 177.292
52.29000 171.249
52.30000 165.080
52.31000 162.116
52.32000 163.224
52.33000 164.344
52.34000 166.287
52.35000 168.912
52.36000 171.498
52.37000 172.002
52.38000 171.320
52.39000 170.465
52.40000 166.091
52.41000 160.331
52.42000 154.963
52.43000 159.108
52.44000 165.199
52.45000 170.351
52.46000 169.300
52.47000 167.116
52.48000 164.973
52.49000 163.008
52.50000 161.063
52.51000 159.584
52.52000 160.975
52.53000 162.219
52.54000 162.666
52.55000 161.473
52.56000 160.229
52.57000 159.108
52.58000 158.161
52.59000 157.214
52.60000 157.967
52.61000 160.314
52.62000 162.638
52.63000 163.025
52.64000 162.190
52.65000 161.331
52.66000 159.863
52.67000 158.129
52.68000 156.495
52.69000 156.321
52.70000 156.565
52.71000 157.094
52.72000 159.748
52.73000 162.837
52.74000 165.425
52.75000 165.577
52.76000 165.406
52.77000 165.273
52.78000 163.881
52.79000 162.692
52.80000 161.886
52.81000 161.950
52.82000 162.049
52.83000 161.200
52.84000 158.859
52.85000 156.500
52.86000 155.289
52.87000 160.542
52.88000 164.054
52.89000 164.364
52.90000 162.429
52.91000 160.590
52.92000 161.874
52.93000 164.663
52.94000 167.318
52.95000 164.618
52.96000 160.464
52.97000 156.841
52.98000 157.756
52.99000 159.707
53.00000 161.271
53.01000 160.737
53.02000 159.887
53.03000 159.207
53.04000 160.362
53.05000 161.432
53.06000 162.391
53.07000 163.073
53.08000 163.741
53.09000 164.211
53.10000 164.335
53.11000 164.454
53.12000 164.518
53.13000 165.821
53.14000 166.707
53.15000 165.286
53.16000 162.064
53.17000 158.955
53.18000 160.767
53.19000 165.203
53.20000 169.465
53.21000 165.275
53.22000 158.428
53.23000 152.402
53.24000 154.417
53.25000 158.475
53.26000 161.654
53.27000 159.470
53.28000 156.378
53.29000 153.848
53.30000 155.648
53.31000 157.500
53.32000 160.130
53.33000 164.935
53.34000 169.867
53.35000 172.688
53.36000 171.430
53.37000 170.069
53.38000 169.293
53.39000 168.042
53.40000 167.170
53.41000 167.662
53.42000 169.347
53.43000 170.983
53.44000 169.657
53.45000 166.583
53.46000 163.604
53.47000 166.622
53.48000 171.794
53.49000 176.124
53.50000 170.879
53.51000 162.932
53.52000 156.044
53.53000 156.453
53.54000 158.251
53.55000 159.753
53.56000 163.599
53.57000 167.030
53.58000 169.278
53.59000 167.878
53.60000 166.222
53.61000 164.518
53.62000 162.715
53.63000 160.909
53.64000 159.830
53.65000 157.003
53.66000 154.986
53.67000 154.978
53.68000 156.938
53.69000 158.883
53.70000 159.410
53.71000 159.006
53.72000 158.613
53.73000 158.963
53.74000 159.618
53.75000 160.287
53.76000 161.155
53.77000 162.083
53.78000 162.956
53.79000 163.387
53.80000 163.724
53.81000 164.011
53.82000 160.870
53.83000 157.828
53.84000 155.617
53.85000 156.241
53.86000 157.102
53.87000 158.189
53.88000 159.812
53.89000 161.457
53.90000 162.483
53.91000 160.420
53.92000 158.901
53.93000 158.962
53.94000 160.763
53.95000 162.562
53.96000 163.945
53.97000 165.025
53.98000 166.086
53.99000 161.684
54.00000 154.805
54.01000 148.603
54.02000 153.143
54.03000 161.401
54.04000 168.623
54.05000 166.572
54.06000 162.320
54.07000 158.631
54.08000 156.903
54.09000 155.694
54.10000 154.867
54.11000 155.492
54.12000 156.257
54.13000 156.992
54.14000 157.650
54.15000 158.303
54.16000 158.727
54.17000 156.710
54.18000 155.196
54.19000 155.494
54.20000 158.025
54.21000 160.557
54.22000 161.208
54.23000 160.331
54.24000 159.466
54.25000 156.434
54.26000 152.317
54.27000 148.450
54.28000 149.384
54.29000 152.155
54.30000 154.858
54.31000 156.861
54.32000 158.679
54.33000 160.284
54.34000 161.622
54.35000 162.735
54.36000 163.167
54.37000 160.725
54.38000 157.961
54.39000 155.930
54.40000 156.017
54.41000 156.237
54.42000 156.385
54.43000 156.216
54.44000 156.084
54.45000 157.072
54.46000 159.601
54.47000 162.137
54.48000 162.924
54.49000 162.120
54.50000 161.323
54.51000 162.547
54.52000 164.964
54.53000 167.295
54.54000 167.597
54.55000 167.040
54.56000 166.445
54.57000 165.388
54.58000 164.195
54.59000 163.126
54.60000 163.157
54.61000 163.375
54.62000 163.606
54.63000 163.903
54.64000 164.208
54.65000 162.999
54.66000 156.946
54.67000 150.530
54.68000 146.061
54.69000 153.332
54.70000 159.139
54.71000 162.258
54.72000 161.273
54.73000 160.244
54.74000 161.078
54.75000 163.815
54.76000 166.537
54.77000 165.900
54.78000 163.013
54.79000 160.288
54.80000 162.431
54.81000 166.854
54.82000 171.017
54.83000 171.504
54.84000 170.799
54.85000 170.158
54.86000 168.587
54.87000 167.016
54.88000 165.838
54.89000 166.721
54.90000 167.903
54.91000 168.029
54.92000 164.410
54.93000 160.461
54.94000 157.621
54.95000 155.793
54.96000 154.428
54.97000 155.255
54.98000 159.794
54.99000 164.393
55.00000 167.609
55.01000 169.238
55.02000 170.861
55.03000 169.189
55.04000 165.049
55.05000 160.956
55.06000 158.765
55.07000 157.558
55.08000 156.384
55.09000 155.753
55.10000 155.318
55.11000 154.917
55.12000 159.240
55.13000 164.153
55.14000 168.308
55.15000 167.995
55.16000 166.949
55.17000 166.614
55.18000 169.078
55.19000 171.827
55.20000 173.864
55.21000 173.455
55.22000 173.032
55.23000 174.997
55.24000 181.445
55.25000 187.998
55.26000 188.902
55.27000 182.573
55.28000 176.222
55.29000 176.446
55.30000 182.213
55.31000 187.923
55.32000 190.482
55.33000 191.235
55.34000 191.879
55.35000 190.298
55.36000 187.833
55.37000 185.534
55.38000 187.550
55.39000 190.446
55.40000 193.366
55.41000 196.446
55.42000 199.556
55.43000 202.239
55.44000 203.052
55.45000 203.644
55.46000 204.096
55.47000 213.834
55.48000 221.992
55.49000 226.087
55.50000 221.748
55.51000 217.148
55.52000 218.181
55.53000 227.251
55.54000 236.380
55.55000 239.304
55.56000 236.348
55.57000 233.492
55.58000 238.810
55.59000 249.326
55.60000 259.748
55.61000 267.742
55.62000 274.670
55.63000 281.205
55.64000 288.725
55.65000 295.889
55.66000 303.906
55.67000 318.355
55.68000 334.131
55.69000 348.963
55.70000 359.177
55.71000 368.773
55.72000 376.275
55.73000 388.242
55.74000 398.076
55.75000 407.579
55.76000 416.325
55.77000 425.041
55.78000 437.889
55.79000 457.286
55.80000 476.766
55.81000 486.814
55.82000 496.303
55.83000 502.764
55.84000 518.546
55.85000 540.916
55.86000 562.628
55.87000 562.544
55.88000 551.883
55.89000 541.726
55.90000 548.753
55.91000 560.620
55.92000 571.608
55.93000 575.027
55.94000 576.704
55.95000 577.522
55.96000 573.633
55.97000 569.030
55.98000 565.343
55.99000 564.513
56.00000 564.056
56.01000 561.780
56.02000 554.885
56.03000 547.762
56.04000 539.083
56.05000 527.671
56.06000 516.208
56.07000 509.966
56.08000 500.138
56.09000 493.378
56.10000 483.537
56.11000 471.268
56.12000 458.965
56.13000 445.089
56.14000 430.370
56.15000 416.220
56.16000 404.679
56.17000 394.776
56.18000 385.060
56.19000 377.185
56.20000 369.782
56.21000 362.323
56.22000 354.521
56.23000 346.661
56.24000 340.222
56.25000 324.905
56.26000 311.565
56.27000 301.843
56.28000 302.277
56.29000 303.320
56.30000 300.302
56.31000 289.383
56.32000 278.261
56.33000 271.895
56.34000 252.251
56.35000 238.492
56.36000 231.153
56.37000 229.464
56.38000 227.808
56.39000 228.201
56.40000 229.812
56.41000 231.374
56.42000 233.503
56.43000 235.739
56.44000 236.856
56.45000 225.110
56.46000 209.709
56.47000 195.886
56.48000 193.043
56.49000 192.307
56.50000 191.692
56.51000 191.574
56.52000 191.526
56.53000 191.714
56.54000 192.630
56.55000 193.599
56.56000 193.531
56.57000 191.227
56.58000 188.849
56.59000 187.423
56.60000 184.442
56.61000 182.314
56.62000 181.926
56.63000 183.256
56.64000 184.542
56.65000 181.621
56.66000 175.922
56.67000 170.360
56.68000 167.535
56.69000 166.025
56.70000 164.601
56.71000 164.330
56.72000 164.422
56.73000 164.704
56.74000 166.486
56.75000 168.589
56.76000 170.383
56.77000 167.881
56.78000 165.269
56.79000 162.738
56.80000 160.488
56.81000 158.262
56.82000 157.559
56.83000 160.482
56.84000 163.560
56.85000 165.485
56.86000 161.663
56.87000 158.843
56.88000 155.566
56.89000 151.782
56.90000 148.018
56.91000 147.810
56.92000 150.212
56.93000 152.572
56.94000 154.861
56.95000 157.037
56.96000 159.040
56.97000 158.274
56.98000 156.543
56.99000 154.992
57.00000 155.075
57.01000 155.549
57.02000 155.961
57.03000 151.969
57.04000 147.970
57.05000 145.542
57.06000 149.117
57.07000 153.278
57.08000 155.314
57.09000 151.751
57.10000 147.893
57.11000 145.383
57.12000 147.285
57.13000 148.747
57.14000 149.705
57.15000 150.035
57.16000 150.357
57.17000 147.852
57.18000 143.032
57.19000 138.274
57.20000 140.600
57.21000 146.707
57.22000 152.422
57.23000 150.479
57.24000 145.583
57.25000 141.155
57.26000 141.599
57.27000 143.339
57.28000 144.876
57.29000 142.692
57.30000 140.235
57.31000 139.244
57.32000 144.482
57.33000 150.423
57.34000 154.846
57.35000 154.850
57.36000 154.571
57.37000 154.383
57.38000 146.908
57.39000 141.191
57.40000 138.969
57.41000 141.584
57.42000 144.231
57.43000 149.710
57.44000 157.784
57.45000 165.790
57.46000 165.227
57.47000 159.482
57.48000 153.864
57.49000 151.283
57.50000 149.997
57.51000 148.717
57.52000 147.510
57.53000 146.325
57.54000 145.261
57.55000 143.022
57.56000 140.859
57.57000 140.010
57.58000 145.382
57.59000 151.556
57.60000 156.090
57.61000 155.339
57.62000 154.187
57.63000 153.383
57.64000 148.163
57.65000 144.097
57.66000 143.820
57.67000 149.373
57.68000 154.989
57.69000 154.535
57.70000 147.827
57.71000 141.152
57.72000 141.745
57.73000 147.253
57.74000 152.600
57.75000 152.955
57.76000 150.957
57.77000 149.044
57.78000 148.348
57.79000 148.050
57.80000 147.779
57.81000 147.417
57.82000 147.079
57.83000 146.582
57.84000 145.239
57.85000 143.773
57.86000 142.573
57.87000 142.319
57.88000 142.151
57.89000 142.029
57.90000 144.545
57.91000 146.566
57.92000 147.431
57.93000 146.325
57.94000 145.185
57.95000 144.821
57.96000 145.354
57.97000 145.887
57.98000 145.580
57.99000 144.637
58.00000 143.719
58.01000 143.797
58.02000 144.394
58.03000 145.093
58.04000 147.537
58.05000 150.613
58.06000 153.449
58.07000 151.474
58.08000 148.634
58.09000 146.305
58.10000 147.020
58.11000 148.238
58.12000 148.954
58.13000 147.679
58.14000 146.198
58.15000 145.099
58.16000 143.657
58.17000 142.522
58.18000 142.436
58.19000 144.334
58.20000 146.280
58.21000 145.740
58.22000 141.993
58.23000 138.237
58.24000 138.529
58.25000 142.261
58.26000 145.908
58.27000 144.743
58.28000 140.798
58.29000 137.164
58.30000 140.033
58.31000 145.504
58.32000 150.610
58.33000 149.881
58.34000 147.761
58.35000 145.154
58.36000 139.278
58.37000 132.794
58.38000 128.339
58.39000 132.840
58.40000 138.403
58.41000 142.649
58.42000 143.485
58.43000 143.960
58.44000 144.171
58.45000 143.829
58.46000 143.468
58.47000 142.522
58.48000 140.734
58.49000 138.939
58.50000 137.559
58.51000 136.574
58.52000 135.611
58.53000 136.456
58.54000 138.461
58.55000 140.339
58.56000 138.919
58.57000 136.042
58.58000 133.325
58.59000 134.086
58.60000 135.759
58.61000 136.860
58.62000 133.612
58.63000 129.460
58.64000 126.381
58.65000 128.596
58.66000 131.526
58.67000 133.821
58.68000 138.547
58.69000 142.478
58.70000 145.898
58.71000 148.134
58.72000 150.322
58.73000 149.357
58.74000 143.356
58.75000 137.290
58.76000 134.148
58.77000 128.462
58.78000 124.664
58.79000 126.374
58.80000 132.007
58.81000 137.516
58.82000 138.847
58.83000 138.136
58.84000 137.458
58.85000 138.915
58.86000 140.939
58.87000 142.360
58.88000 138.553
58.89000 133.532
58.90000 130.238
58.91000 136.476
58.92000 144.172
58.93000 150.346
58.94000 146.511
58.95000 142.644
58.96000 140.213
58.97000 141.453
58.98000 142.877
58.99000 143.435
59.00000 142.459
59.01000 141.453
59.02000 140.904
59.03000 136.435
59.04000 133.368
59.05000 133.251
59.06000 135.477
59.07000 137.628
59.08000 136.446
59.09000 133.460
59.10000 130.587
59.11000 130.297
59.12000 130.932
59.13000 131.548
59.14000 131.975
59.15000 132.353
59.16000 132.919
59.17000 134.653
59.18000 136.590
59.19000 138.178
59.20000 138.747
59.21000 139.124
59.22000 139.376
59.23000 139.275
59.24000 139.154
59.25000 138.636
59.26000 137.341
59.27000 136.026
59.28000 135.271
59.29000 137.004
59.30000 138.225
59.31000 140.156
59.32000 142.717
59.33000 145.202
59.34000 142.822
59.35000 137.525
59.36000 132.389
59.37000 131.870
59.38000 133.193
59.39000 134.394
59.40000 134.188
59.41000 133.579
59.42000 133.800
59.43000 139.849
59.44000 147.024
59.45000 153.035
59.46000 149.912
59.47000 146.372
59.48000 143.653
59.49000 143.505
59.50000 143.544
59.51000 140.875
59.52000 132.334
59.53000 123.591
59.54000 118.335
59.55000 123.184
59.56000 126.700
59.57000 130.604
59.58000 134.894
59.59000 139.156
59.60000 140.584
59.61000 140.127
59.62000 139.680
59.63000 134.873
59.64000 128.362
59.65000 122.481
59.66000 125.206
59.67000 130.662
59.68000 135.606
59.69000 136.465
59.70000 136.441
59.71000 136.421
59.72000 137.087
59.73000 137.730
59.74000 137.796
59.75000 135.859
59.76000 133.751
59.77000 132.295
59.78000 132.398
59.79000 132.570
59.80000 132.677
59.81000 132.966
59.82000 133.178
59.83000 133.223
59.84000 133.083
59.85000 132.949
59.86000 133.816
59.87000 135.424
59.88000 137.004
59.89000 137.710
59.90000 137.966
59.91000 138.232
59.92000 138.683
59.93000 139.199
59.94000 139.331
59.95000 135.963
59.96000 131.751
59.97000 128.087
59.98000 132.060
59.99000 136.490
60.00000 139.856
60.01000 139.123
60.02000 137.984
60.03000 137.508
60.04000 138.794
60.05000 140.173
60.06000 141.073
60.07000 139.497
60.08000 138.301
60.09000 136.997
60.10000 135.560
60.11000 134.122
60.12000 132.829
60.13000 131.657
60.14000 130.498
60.15000 130.224
60.16000 130.440
60.17000 130.627
60.18000 130.222
60.19000 129.588
60.20000 129.001
60.21000 128.912
60.22000 128.958
60.23000 128.998
60.24000 130.006
60.25000 131.029
60.26000 131.853
60.27000 131.829
60.28000 131.708
60.29000 131.455
60.30000 130.810
60.31000 130.139
60.32000 129.686
60.33000 134.324
60.34000 137.889
60.35000 138.087
60.36000 133.588
60.37000 129.059
60.38000 128.026
60.39000 130.226
60.40000 132.407
60.41000 131.375
60.42000 128.399
60.43000 125.612
60.44000 127.425
60.45000 131.215
60.46000 134.621
60.47000 133.302
60.48000 130.578
60.49000 128.131
60.50000 125.945
60.51000 124.078
60.52000 122.617
60.53000 123.099
60.54000 123.835
60.55000 125.404
60.56000 129.683
60.57000 134.170
60.58000 137.311
60.59000 136.790
60.60000 136.293
60.61000 135.038
60.62000 132.610
60.63000 130.169
60.64000 128.343
60.65000 127.158
60.66000 125.978
60.67000 126.147
60.68000 127.234
60.69000 128.289
60.70000 128.352
60.71000 127.942
60.72000 127.604
60.73000 128.286
60.74000 129.305
60.75000 130.233
60.76000 130.821
60.77000 131.275
60.78000 132.090
60.79000 134.832
60.80000 137.859
60.81000 139.152
60.82000 134.201
60.83000 128.688
60.84000 124.705
60.85000 128.640
60.86000 131.944
60.87000 135.673
60.88000 140.133
60.89000 144.605
60.90000 143.907
60.91000 137.185
60.92000 130.470
60.93000 129.291
60.94000 132.350
60.95000 135.414
60.96000 138.681
60.97000 142.056
60.98000 145.063
60.99000 141.654
61.00000 135.910
61.01000 130.607
61.02000 137.488
61.03000 146.392
61.04000 153.273
61.05000 148.017
61.06000 140.738
61.07000 135.011
61.08000 135.491
61.09000 136.617
61.10000 137.454
61.11000 139.101
61.12000 140.418
61.13000 141.307
61.14000 141.380
61.15000 141.434
61.16000 140.811
61.17000 139.307
61.18000 137.801
61.19000 134.520
61.20000 129.725
61.21000 125.072
61.22000 128.660
61.23000 137.045
61.24000 145.169
61.25000 147.738
61.26000 148.069
61.27000 148.378
61.28000 147.699
61.29000 146.832
61.30000 145.856
61.31000 144.138
61.32000 142.281
61.33000 141.159
61.34000 143.315
61.35000 145.862
61.36000 147.810
61.37000 146.053
61.38000 144.465
61.39000 143.617
61.40000 144.328
61.41000 145.089
61.42000 145.625
61.43000 145.836
61.44000 146.044
61.45000 148.297
61.46000 152.520
61.47000 156.701
61.48000 157.176
61.49000 155.259
61.50000 153.980
61.51000 169.726
61.52000 193.051
61.53000 215.083
61.54000 227.383
61.55000 235.918
61.56000 245.488
61.57000 263.004
61.58000 282.185
61.59000 300.775
61.60000 316.423
61.61000 331.670
61.62000 343.633
61.63000 346.029
61.64000 347.322
61.65000 351.165
61.66000 360.949
61.67000 370.976
61.68000 374.150
61.69000 366.298
61.70000 358.299
61.71000 354.139
61.72000 354.389
61.73000 354.509
61.74000 347.083
61.75000 334.242
61.76000 321.366
61.77000 307.301
61.78000 292.649
61.79000 278.671
61.80000 263.459
61.81000 248.949
61.82000 234.559
61.83000 221.219
61.84000 208.124
61.85000 195.547
61.86000 185.853
61.87000 176.604
61.88000 169.171
61.89000 161.722
61.90000 155.683
61.91000 151.337
61.92000 151.350
61.93000 151.584
61.94000 151.987
61.95000 152.690
61.96000 153.399
61.97000 153.788
61.98000 149.647
61.99000 146.795
62.00000 145.073
62.01000 144.257
62.02000 143.410
62.03000 141.163
62.04000 138.154
62.05000 135.257
62.06000 140.767
62.07000 148.914
62.08000 156.245
62.09000 155.316
62.10000 152.240
62.11000 149.106
62.12000 145.601
62.13000 142.033
62.14000 139.101
62.15000 144.564
62.16000 149.807
62.17000 152.634
62.18000 148.579
62.19000 144.100
62.20000 141.513
62.21000 142.663
62.22000 143.913
62.23000 144.633
62.24000 150.158
62.25000 154.039
62.26000 151.051
62.27000 141.920
62.28000 132.976
62.29000 136.478
62.30000 147.497
62.31000 158.188
62.32000 156.542
62.33000 150.099
62.34000 144.132
62.35000 143.762
62.36000 145.007
62.37000 146.005
62.38000 145.250
62.39000 144.155
62.40000 143.235
62.41000 143.529
62.42000 143.900
62.43000 144.119
62.44000 143.854
62.45000 143.554
62.46000 142.997
62.47000 141.881
62.48000 140.745
62.49000 140.060
62.50000 147.753
62.51000 153.288
62.52000 154.523
62.53000 151.438
62.54000 148.357
62.55000 145.624
62.56000 143.124
62.57000 140.681
62.58000 143.633
62.59000 148.845
62.60000 153.683
62.61000 153.354
62.62000 151.374
62.63000 149.532
62.64000 148.806
62.65000 148.324
62.66000 147.911
62.67000 145.399
62.68000 143.029
62.69000 141.489
62.70000 142.851
62.71000 144.463
62.72000 146.561
62.73000 149.835
62.74000 153.160
62.75000 155.252
62.76000 153.324
62.77000 151.885
62.78000 150.088
62.79000 147.888
62.80000 145.693
62.81000 144.602
62.82000 144.334
62.83000 144.072
62.84000 145.757
62.85000 148.348
62.86000 150.941
62.87000 153.580
62.88000 156.236
62.89000 158.328
62.90000 155.216
62.91000 150.841
62.92000 147.032
62.93000 143.361
62.94000 140.246
62.95000 138.084
62.96000 139.624
62.97000 141.534
62.98000 143.224
62.99000 144.323
63.00000 145.390
63.01000 146.088
63.02000 147.649
63.03000 148.810
63.04000 147.538
63.05000 143.197
63.06000 138.853
63.07000 138.282
63.08000 140.849
63.09000 143.385
63.10000 148.930
63.11000 155.994
63.12000 162.645
63.13000 161.005
63.14000 156.121
63.15000 151.708
63.16000 152.313
63.17000 154.271
63.18000 156.004
63.19000 158.629
63.20000 161.039
63.21000 162.703
63.22000 161.152
63.23000 159.230
63.24000 157.423
63.25000 155.956
63.26000 154.510
63.27000 153.530
63.28000 150.389
63.29000 147.999
63.30000 147.528
63.31000 149.753
63.32000 151.996
63.33000 151.980
63.34000 149.860
63.35000 147.756
63.36000 148.295
63.37000 150.452
63.38000 152.603
63.39000 154.602
63.40000 156.536
63.41000 158.090
63.42000 154.921
63.43000 150.340
63.44000 146.221
63.45000 144.594
63.46000 143.612
63.47000 144.295
63.48000 152.997
63.49000 162.752
63.50000 168.427
63.51000 160.759
63.52000 152.053
63.53000 145.946
63.54000 151.197
63.55000 155.500
63.56000 158.508
63.57000 159.494
63.58000 160.457
63.59000 159.553
63.60000 156.694
63.61000 153.848
63.62000 151.165
63.63000 148.623
63.64000 146.242
63.65000 148.989
63.66000 154.190
63.67000 158.985
63.68000 157.809
63.69000 154.655
63.70000 151.778
63.71000 154.869
63.72000 158.809
63.73000 161.305
63.74000 156.025
63.75000 149.585
63.76000 144.530
63.77000 144.498
63.78000 144.923
63.79000 145.231
63.80000 150.126
63.81000 154.052
63.82000 155.052
63.83000 150.986
63.84000 146.830
63.85000 146.751
63.86000 151.459
63.87000 156.164
63.88000 160.030
63.89000 163.228
63.90000 166.378
63.91000 167.500
63.92000 167.547
63.93000 167.359
63.94000 163.019
63.95000 157.156
63.96000 151.739
63.97000 153.324
63.98000 156.330
63.99000 158.891
64.00000 158.753
64.01000 158.161
64.02000 158.309
64.03000 161.438
64.04000 164.880
64.05000 167.446
64.06000 169.207
64.07000 170.542
64.08000 170.643
64.09000 168.381
64.10000 166.060
64.11000 163.354
64.12000 160.142
64.13000 156.930
64.14000 157.183
64.15000 160.430
64.16000 163.680
64.17000 167.124
64.18000 170.683
64.19000 174.135
64.20000 175.279
64.21000 175.485
64.22000 175.679
64.23000 173.781
64.24000 171.526
64.25000 169.392
64.26000 168.085
64.27000 166.935
64.28000 165.300
64.29000 161.492
64.30000 157.421
64.31000 154.302
64.32000 159.437
64.33000 163.946
64.34000 167.551
64.35000 169.238
64.36000 170.863
64.37000 170.534
64.38000 167.353
64.39000 164.147
64.40000 164.837
64.41000 169.309
64.42000 173.762
64.43000 176.371
64.44000 177.780
64.45000 179.169
64.46000 179.980
64.47000 180.533
64.48000 181.055
64.49000 182.005
64.50000 182.999
64.51000 183.372
64.52000 178.925
64.53000 173.459
64.54000 168.324
64.55000 164.839
64.56000 161.582
64.57000 159.021
64.58000 163.495
64.59000 167.539
64.60000 172.298
64.61000 178.734
64.62000 185.240
64.63000 187.614
64.64000 183.291
64.65000 178.876
64.66000 176.571
64.67000 178.912
64.68000 180.489
64.69000 180.743
64.70000 180.039
64.71000 179.350
64.72000 179.209
64.73000 179.339
64.74000 179.463
64.75000 182.268
64.76000 185.730
64.77000 188.404
64.78000 184.098
64.79000 178.148
64.80000 173.996
64.81000 179.939
64.82000 187.454
64.83000 193.503
64.84000 190.033
64.85000 186.476
64.86000 185.295
64.87000 190.279
64.88000 195.580
64.89000 198.351
64.90000 196.577
64.91000 194.711
64.92000 193.684
64.93000 196.328
64.94000 198.157
64.95000 200.416
64.96000 203.021
64.97000 205.563
64.98000 205.148
64.99000 203.109
65.00000 201.144
65.01000 203.002
65.02000 206.110
65.03000 208.878
65.04000 208.157
65.05000 206.524
65.06000 205.574
65.07000 208.951
65.08000 213.087
65.09000 216.490
65.10000 216.842
65.11000 216.853
65.12000 216.926
65.13000 217.174
65.14000 217.434
65.15000 221.471
65.16000 233.019
65.17000 244.773
65.18000 251.569
65.19000 248.583
65.20000 246.454
65.21000 249.162
65.22000 256.234
65.23000 263.227
65.24000 264.826
65.25000 263.144
65.26000 261.511
65.27000 270.373
65.28000 282.969
65.29000 294.575
65.30000 294.417
65.31000 290.841
65.32000 288.055
65.33000 290.908
65.34000 294.870
65.35000 298.198
65.36000 310.859
65.37000 322.391
65.38000 333.465
65.39000 343.086
65.40000 352.599
65.41000 360.621
65.42000 365.363
65.43000 369.987
65.44000 372.784
65.45000 368.740
65.46000 365.807
65.47000 372.076
65.48000 387.667
65.49000 403.134
65.50000 405.128
65.51000 398.022
65.52000 391.076
65.53000 401.379
65.54000 418.937
65.55000 435.912
65.56000 444.740
65.57000 450.945
65.58000 458.053
65.59000 472.502
65.60000 488.563
65.61000 502.318
65.62000 515.144
65.63000 525.856
65.64000 537.804
65.65000 554.103
65.66000 570.780
65.67000 593.452
65.68000 630.700
65.69000 668.605
65.70000 692.515
65.71000 772.681
65.72000 831.381
65.73000 895.976
65.74000 967.273
65.75000 1038.610
65.76000 1116.698
65.77000 1199.860
65.78000 1281.634
65.79000 1346.176
65.80000 1400.033
65.81000 1452.644
65.82000 1484.430
65.83000 1508.794
65.84000 1533.027
65.85000 1556.043
65.86000 1578.760
65.87000 1598.567
65.88000 1606.965
65.89000 1612.559
65.90000 1609.741
65.91000 1574.041
65.92000 1535.019
65.93000 1488.469
65.94000 1421.675
65.95000 1353.763
65.96000 1309.227
65.97000 1196.702
65.98000 1112.819
65.99000 1019.401
66.00000 913.866
66.01000 808.337
66.02000 728.434
66.03000 670.025
66.04000 612.301
66.05000 561.615
66.06000 516.079
66.07000 471.518
66.08000 446.780
66.09000 429.853
66.10000 413.568
66.11000 404.189
66.12000 396.688
66.13000 390.039
66.14000 385.536
66.15000 381.977
66.16000 378.413
66.17000 374.823
66.18000 371.230
66.19000 369.605
66.20000 373.838
66.21000 378.460
66.22000 381.602
66.23000 387.745
66.24000 392.399
66.25000 402.302
66.26000 419.639
66.27000 437.028
66.28000 446.670
66.29000 449.033
66.30000 451.378
66.31000 463.675
66.32000 481.939
66.33000 500.035
66.34000 513.882
66.35000 525.876
66.36000 537.812
66.37000 549.020
66.38000 560.008
66.39000 569.898
66.40000 577.215
66.41000 583.167
66.42000 587.101
66.43000 581.242
66.44000 574.086
66.45000 569.883
66.46000 575.416
66.47000 581.713
66.48000 586.141
66.49000 562.917
66.50000 544.507
66.51000 525.730
66.52000 506.375
66.53000 487.013
66.54000 470.062
66.55000 455.656
66.56000 441.315
66.57000 427.012
66.58000 412.885
66.59000 399.024
66.60000 393.763
66.61000 392.648
66.62000 391.152
66.63000 383.984
66.64000 374.922
66.65000 366.650
66.66000 368.577
66.67000 372.353
66.68000 374.366
66.69000 366.803
66.70000 357.800
66.71000 350.785
66.72000 351.034
66.73000 351.952
66.74000 352.617
66.75000 359.566
66.76000 365.142
66.77000 368.154
66.78000 366.696
66.79000 365.156
66.80000 362.656
66.81000 359.020
66.82000 355.390
66.83000 358.515
66.84000 366.873
66.85000 375.018
66.86000 373.876
66.87000 367.782
66.88000 362.098
66.89000 363.748
66.90000 368.106
66.91000 372.137
66.92000 377.202
66.93000 381.988
66.94000 386.130
66.95000 386.339
66.96000 385.882
66.97000 385.565
66.98000 385.819
66.99000 386.133
67.00000 386.368
67.01000 391.448
67.02000 395.631
67.03000 401.537
67.04000 410.775
67.05000 420.096
67.06000 426.800
67.07000 430.045
67.08000 433.273
67.09000 432.939
67.10000 429.503
67.11000 426.137
67.12000 427.108
67.13000 430.639
67.14000 433.965
67.15000 432.769
67.16000 429.725
67.17000 426.877
67.18000 425.076
67.19000 423.708
67.20000 423.593
67.21000 432.122
67.22000 442.296
67.23000 449.983
67.24000 446.422
67.25000 441.491
67.26000 437.705
67.27000 444.266
67.28000 450.030
67.29000 455.523
67.30000 460.438
67.31000 465.334
67.32000 469.852
67.33000 473.816
67.34000 477.775
67.35000 477.682
67.36000 473.620
67.37000 469.571
67.38000 466.800
67.39000 464.867
67.40000 463.023
67.41000 463.623
67.42000 465.326
67.43000 466.937
67.44000 472.592
67.45000 478.952
67.46000 484.924
67.47000 487.858
67.48000 490.146
67.49000 492.588
67.50000 495.814
67.51000 499.149
67.52000 501.774
67.53000 510.614
67.54000 518.112
67.55000 520.211
67.56000 509.546
67.57000 498.344
67.58000 494.311
67.59000 501.988
67.60000 509.831
67.61000 513.942
67.62000 522.702
67.63000 528.615
67.64000 530.986
67.65000 530.775
67.66000 530.599
67.67000 531.700
67.68000 533.440
67.69000 535.101
67.70000 539.248
67.71000 543.903
67.72000 547.974
67.73000 546.824
67.74000 544.435
67.75000 542.910
67.76000 546.273
67.77000 550.404
67.78000 553.735
67.79000 562.518
67.80000 570.080
67.81000 577.872
67.82000 586.265
67.83000 594.689
67.84000 596.198
67.85000 585.196
67.86000 573.936
67.87000 567.714
67.88000 578.476
67.89000 585.925
67.90000 591.633
67.91000 595.926
67.92000 600.290
67.93000 608.076
67.94000 617.755
67.95000 627.083
67.96000 628.818
67.97000 627.717
67.98000 627.017
67.99000 630.463
68.00000 635.003
68.01000 638.687
68.02000 636.915
68.03000 634.179
68.04000 631.923
68.05000 634.958
68.06000 637.942
68.07000 641.953
68.08000 648.934
68.09000 656.102
68.10000 662.327
68.11000 666.665
68.12000 670.950
68.13000 673.435
68.14000 670.076
68.15000 667.697
68.16000 671.423
68.17000 680.700
68.18000 689.930
68.19000 695.809
68.20000 699.634
68.21000 703.350
68.22000 716.156
68.23000 731.972
68.24000 746.285
68.25000 742.527
68.26000 733.477
68.27000 726.418
68.28000 733.704
68.29000 743.833
68.30000 752.355
68.31000 757.249
68.32000 760.944
68.33000 768.373
68.34000 787.750
68.35000 808.024
68.36000 824.611
68.37000 833.031
68.38000 841.153
68.39000 846.082
68.40000 843.378
68.41000 841.391
68.42000 850.134
68.43000 869.840
68.44000 889.480
68.45000 901.618
68.46000 908.650
68.47000 915.526
68.48000 939.537
68.49000 970.256
68.50000 999.627
68.51000 1009.891
68.52000 1013.958
68.53000 1020.285
68.54000 1045.164
68.55000 1074.150
68.56000 1099.008
68.57000 1140.865
68.58000 1178.308
68.59000 1219.333
68.60000 1273.060
68.61000 1327.905
68.62000 1383.970
68.63000 1443.025
68.64000 1502.215
68.65000 1539.660
68.66000 1647.986
68.67000 1727.358
68.68000 1807.643
68.69000 1888.975
68.70000 1970.366
68.71000 2063.994
68.72000 2166.890
68.73000 2268.108
68.74000 2363.750
68.75000 2453.521
68.76000 2544.148
68.77000 2649.266
68.78000 2759.587
68.79000 2872.624
68.80000 3011.241
68.81000 3156.164
68.82000 3282.672
68.83000 3542.789
68.84000 3784.094
68.85000 4043.728
68.86000 4375.551
68.87000 4714.745
68.88000 5164.246
68.89000 5912.563
68.90000 6677.602
68.91000 7180.654
68.92000 9647.634
68.93000 11497.314
68.94000 14227.536
68.95000 18085.715
68.96000 21950.455
68.97000 27183.178
68.98000 33572.492
68.99000 39888.914
69.00000 47037.754
69.01000 54481.723
69.02000 61863.551
69.03000 67962.336
69.04000 73551.820
69.05000 78953.609
69.06000 82311.227
69.07000 85109.000
69.08000 87591.789
69.09000 88848.867
69.10000 89742.438
69.11000 90632.766
69.12000 91508.898
69.13000 92383.359
69.14000 93275.219
69.15000 94219.219
69.16000 95166.719
69.17000 95812.547
69.18000 95439.969
69.19000 95138.031
69.20000 93684.758
69.21000 90588.797
69.22000 87480.227
69.23000 83458.148
69.24000 78570.586
69.25000 73719.070
69.26000 69226.484
69.27000 65032.488
69.28000 60873.082
69.29000 57604.133
69.30000 54726.008
69.31000 51926.789
69.32000 50132.262
69.33000 48642.863
69.34000 47300.883
69.35000 45934.133
69.36000 44730.543
69.37000 43364.645
69.38000 41204.832
69.39000 38938.750
69.40000 36389.199
69.41000 32898.676
69.42000 29333.305
69.43000 26820.463
69.44000 22210.139
69.45000 18650.742
69.46000 15541.182
69.47000 13144.648
69.48000 10757.094
69.49000 8797.145
69.50000 7292.667
69.51000 5794.650
69.52000 4804.155
69.53000 4178.750
69.54000 3559.965
69.55000 3160.268
69.56000 2866.913
69.57000 2579.214
69.58000 2376.802
69.59000 2203.073
69.60000 2044.329
69.61000 1934.619
69.62000 1847.202
69.63000 1762.907
69.64000 1695.714
69.65000 1631.116
69.66000 1569.779
69.67000 1520.443
69.68000 1472.223
69.69000 1437.162
69.70000 1390.257
69.71000 1353.721
69.72000 1315.610
69.73000 1274.729
69.74000 1233.797
69.75000 1200.243
69.76000 1175.494
69.77000 1150.810
69.78000 1122.487
69.79000 1091.453
69.80000 1060.730
69.81000 1043.757
69.82000 1034.170
69.83000 1024.281
69.84000 1008.918
69.85000 991.518
69.86000 975.412
69.87000 965.509
69.88000 958.035
69.89000 949.414
69.90000 933.734
69.91000 916.847
69.92000 901.351
69.93000 891.543
69.94000 882.346
69.95000 875.462
69.96000 862.556
69.97000 852.203
69.98000 839.171
69.99000 820.922
70.00000 802.540
