20.00000 572.017
20.01000 572.692
20.02000 573.463
20.03000 573.930
20.04000 573.211
20.05000 572.373
20.06000 571.758
20.07000 564.006
20.08000 557.726
20.09000 553.751
20.10000 553.854
20.11000 554.035
20.12000 560.261
20.13000 573.567
20.14000 586.849
20.15000 588.392
20.16000 581.135
20.17000 573.777
20.18000 562.706
20.19000 549.766
20.20000 537.392
20.21000 533.762
20.22000 533.112
20.23000 532.518
20.24000 537.118
20.25000 542.246
20.26000 546.386
20.27000 545.319
20.28000 543.495
20.29000 542.326
20.30000 543.427
20.31000 544.721
20.32000 545.638
20.33000 565.213
20.34000 580.684
20.35000 588.364
20.36000 583.765
20.37000 579.014
20.38000 572.977
20.39000 565.617
20.40000 558.298
20.41000 558.557
20.42000 563.811
20.43000 568.838
20.44000 567.687
20.45000 563.759
20.46000 560.057
20.47000 559.241
20.48000 559.301
20.49000 559.354
20.50000 561.360
20.51000 563.457
20.52000 566.038
20.53000 570.866
20.54000 575.977
20.55000 577.467
20.56000 567.771
20.57000 557.284
20.58000 550.122
20.59000 543.289
20.60000 538.186
20.61000 536.708
20.62000 540.306
20.63000 543.940
20.64000 551.810
20.65000 563.504
20.66000 575.082
20.67000 570.669
20.68000 557.042
20.69000 544.090
20.70000 545.418
20.71000 552.479
20.72000 559.335
20.73000 564.009
20.74000 568.093
20.75000 571.696
20.76000 563.440
20.77000 554.509
20.78000 547.088
20.79000 545.872
20.80000 545.326
20.81000 544.206
20.82000 541.501
20.83000 538.704
20.84000 536.870
20.85000 543.834
20.86000 549.103
20.87000 556.492
20.88000 566.509
20.89000 576.503
20.90000 577.285
20.91000 570.728
20.92000 564.271
20.93000 565.901
20.94000 571.637
20.95000 576.946
20.96000 575.026
20.97000 570.514
20.98000 565.805
20.99000 559.301
21.00000 552.366
21.01000 546.363
21.02000 546.741
21.03000 547.902
21.04000 548.904
21.05000 549.326
21.06000 549.694
21.07000 554.362
21.08000 569.607
21.09000 585.340
21.10000 595.215
21.11000 588.779
21.12000 583.948
21.13000 579.226
21.14000 574.625
21.15000 570.045
21.16000 568.306
21.17000 568.571
21.18000 568.831
21.19000 574.146
21.20000 581.543
21.21000 587.758
21.22000 577.611
21.23000 562.230
21.24000 548.408
21.25000 546.756
21.26000 547.690
21.27000 548.482
21.28000 546.168
21.29000 543.878
21.30000 541.858
21.31000 540.714
21.32000 539.638
21.33000 539.499
21.34000 541.417
21.35000 543.409
21.36000 544.602
21.37000 534.769
21.38000 527.720
21.39000 535.664
21.40000 557.958
21.41000 579.992
21.42000 582.002
21.43000 571.468
21.44000 561.240
21.45000 555.480
21.46000 551.802
21.47000 548.333
21.48000 547.272
21.49000 546.896
21.50000 546.807
21.51000 548.651
21.52000 550.859
21.53000 552.688
21.54000 563.809
21.55000 573.883
21.56000 576.830
21.57000 559.120
21.58000 540.099
21.59000 530.634
21.60000 539.909
21.61000 549.678
21.62000 555.227
21.63000 551.653
21.64000 549.148
21.65000 552.740
21.66000 561.467
21.67000 570.075
21.68000 572.699
21.69000 571.985
21.70000 571.299
21.71000 570.294
21.72000 569.239
21.73000 568.564
21.74000 571.602
21.75000 575.581
21.76000 580.736
21.77000 592.857
21.78000 606.122
21.79000 616.851
21.80000 624.822
21.81000 631.086
21.82000 637.128
21.83000 642.598
21.84000 648.039
21.85000 650.736
21.86000 648.634
21.87000 646.444
21.88000 645.270
21.89000 664.282
21.90000 677.277
21.91000 689.831
21.92000 702.057
21.93000 714.347
21.94000 728.899
21.95000 744.575
21.96000 759.511
21.97000 761.853
21.98000 760.095
21.99000 759.452
22.00000 768.122
22.01000 778.882
22.02000 788.143
22.03000 789.616
22.04000 789.975
22.05000 790.257
22.06000 785.414
22.07000 781.191
22.08000 780.535
22.09000 788.127
22.10000 796.049
22.11000 796.297
22.12000 784.597
22.13000 772.759
22.14000 766.794
22.15000 736.102
22.16000 715.732
22.17000 709.253
22.18000 711.945
22.19000 714.211
22.20000 705.191
22.21000 691.160
22.22000 677.942
22.23000 654.130
22.24000 629.431
22.25000 606.583
22.26000 597.087
22.27000 590.239
22.28000 584.826
22.29000 585.997
22.30000 587.983
22.31000 589.504
22.32000 598.487
22.33000 605.985
22.34000 606.375
22.35000 592.098
22.36000 577.376
22.37000 565.297
22.38000 556.868
22.39000 548.466
22.40000 542.636
22.41000 539.101
22.42000 535.605
22.43000 534.411
22.44000 534.568
22.45000 535.042
22.46000 542.022
22.47000 551.583
22.48000 560.476
22.49000 552.241
22.50000 540.674
22.51000 530.710
22.52000 530.812
22.53000 532.670
22.54000 534.668
22.55000 537.241
22.56000 539.875
22.57000 541.829
22.58000 540.544
22.59000 539.403
22.60000 539.570
22.61000 542.146
22.62000 544.775
22.63000 548.109
22.64000 552.308
22.65000 556.500
22.66000 551.112
22.67000 538.261
22.68000 525.742
22.69000 526.811
22.70000 534.992
22.71000 542.495
22.72000 538.776
22.73000 531.083
22.74000 524.028
22.75000 529.055
22.76000 536.086
22.77000 540.839
22.78000 533.063
22.79000 523.377
22.80000 516.306
22.81000 518.666
22.82000 521.877
22.83000 524.180
22.84000 525.794
22.85000 527.005
22.86000 523.883
22.87000 513.657
22.88000 503.328
22.89000 502.819
22.90000 512.880
22.91000 522.898
22.92000 528.934
22.93000 532.163
22.94000 535.386
22.95000 538.483
22.96000 541.520
22.97000 543.835
22.98000 536.352
22.99000 525.776
23.00000 516.226
23.01000 516.451
23.02000 518.451
23.03000 520.500
23.04000 522.789
23.05000 525.111
23.06000 525.741
23.07000 520.941
23.08000 515.730
23.09000 512.125
23.10000 504.416
23.11000 498.509
23.12000 498.327
23.13000 506.488
23.14000 514.717
23.15000 514.234
23.16000 505.526
23.17000 496.891
23.18000 495.098
23.19000 497.492
23.20000 499.900
23.21000 502.623
23.22000 505.478
23.23000 508.107
23.24000 508.186
23.25000 507.547
23.26000 506.980
23.27000 508.484
23.28000 510.118
23.29000 511.036
23.30000 508.886
23.31000 506.385
23.32000 507.892
23.33000 520.874
23.34000 534.568
23.35000 543.676
23.36000 525.078
23.37000 510.798
23.38000 505.646
23.39000 512.283
23.40000 518.955
23.41000 519.323
23.42000 514.456
23.43000 509.653
23.44000 512.706
23.45000 519.886
23.46000 526.825
23.47000 529.368
23.48000 530.273
23.49000 530.322
23.50000 522.158
23.51000 511.940
23.52000 503.037
23.53000 502.064
23.54000 502.331
23.55000 502.059
23.56000 499.742
23.57000 497.227
23.58000 495.395
23.59000 495.307
23.60000 495.306
23.61000 495.306
23.62000 500.581
23.63000 504.484
23.64000 503.302
23.65000 496.322
23.66000 489.402
23.67000 494.001
23.68000 507.060
23.69000 519.869
23.70000 523.104
23.71000 521.690
23.72000 520.048
23.73000 515.041
23.74000 508.916
23.75000 503.791
23.76000 506.878
23.77000 511.784
23.78000 515.973
23.79000 514.973
23.80000 513.514
23.81000 513.073
23.82000 516.073
23.83000 519.354
23.84000 522.634
23.85000 525.911
23.86000 529.187
23.87000 531.181
23.88000 525.161
23.89000 520.799
23.90000 519.096
23.91000 520.055
23.92000 521.028
23.93000 523.388
23.94000 526.650
23.95000 529.827
23.96000 531.828
23.97000 533.242
23.98000 534.367
23.99000 531.940
24.00000 528.462
24.01000 525.507
24.02000 526.270
24.03000 527.760
24.04000 529.004
24.05000 525.127
24.06000 521.391
24.07000 521.091
24.08000 531.141
24.09000 541.893
24.10000 544.223
24.11000 529.381
24.12000 514.036
24.13000 505.161
24.14000 508.904
24.15000 511.580
24.16000 515.625
24.17000 520.872
24.18000 526.096
24.19000 530.048
24.20000 533.262
24.21000 536.365
24.22000 538.333
24.23000 539.768
24.24000 540.726
24.25000 536.761
24.26000 531.498
24.27000 526.872
24.28000 526.181
24.29000 526.166
24.30000 526.153
24.31000 520.000
24.32000 514.443
24.33000 510.860
24.34000 512.585
24.35000 514.603
24.36000 513.135
24.37000 505.330
24.38000 497.393
24.39000 493.049
24.40000 489.919
24.41000 487.803
24.42000 494.364
24.43000 507.654
24.44000 520.605
24.45000 520.113
24.46000 512.671
24.47000 505.556
24.48000 506.411
24.49000 509.803
24.50000 512.073
24.51000 504.484
24.52000 494.588
24.53000 486.758
24.54000 490.129
24.55000 495.182
24.56000 499.199
24.57000 495.037
24.58000 491.101
24.59000 489.509
24.60000 493.543
24.61000 497.824
24.62000 499.370
24.63000 496.487
24.64000 493.544
24.65000 492.028
24.66000 483.664
24.67000 478.102
24.68000 480.854
24.69000 489.319
24.70000 497.401
24.71000 494.358
24.72000 486.181
24.73000 478.447
24.74000 481.282
24.75000 486.919
24.76000 492.134
24.77000 494.159
24.78000 495.523
24.79000 495.344
24.80000 487.789
24.81000 479.272
24.82000 472.689
24.83000 475.246
24.84000 477.810
24.85000 477.185
24.86000 469.724
24.87000 462.034
24.88000 461.983
24.89000 472.930
24.90000 483.961
24.91000 490.114
24.92000 491.727
24.93000 493.315
24.94000 493.185
24.95000 492.005
24.96000 490.949
24.97000 492.653
24.98000 495.495
24.99000 498.149
25.00000 487.421
25.01000 474.316
25.02000 463.457
25.03000 467.364
25.04000 473.961
25.05000 480.915
25.06000 489.384
25.07000 498.023
25.08000 504.502
25.09000 499.016
25.10000 494.164
25.11000 489.279
25.12000 484.332
25.13000 479.383
25.14000 474.130
25.15000 468.491
25.16000 462.858
25.17000 466.127
25.18000 476.656
25.19000 487.071
25.20000 492.205
25.21000 494.466
25.22000 496.603
25.23000 496.534
25.24000 495.653
25.25000 494.841
25.26000 489.221
25.27000 483.127
25.28000 477.092
25.29000 471.388
25.30000 465.737
25.31000 463.088
25.32000 471.705
25.33000 481.397
25.34000 488.432
25.35000 482.507
25.36000 477.466
25.37000 477.714
25.38000 486.984
25.39000 496.406
25.40000 495.842
25.41000 484.048
25.42000 472.288
25.43000 473.574
25.44000 484.226
25.45000 494.510
25.46000 492.641
25.47000 484.874
25.48000 477.285
25.49000 472.286
25.50000 468.136
25.51000 464.369
25.52000 467.546
25.53000 471.693
25.54000 474.452
25.55000 470.195
25.56000 464.964
25.57000 462.536
25.58000 469.467
25.59000 477.150
25.60000 482.533
25.61000 481.684
25.62000 480.863
25.63000 478.009
25.64000 472.070
25.65000 466.099
25.66000 461.183
25.67000 457.307
25.68000 453.458
25.69000 456.265
25.70000 463.245
25.71000 470.197
25.72000 476.434
25.73000 482.363
25.74000 487.131
25.75000 477.947
25.76000 464.680
25.77000 452.833
25.78000 457.037
25.79000 463.395
25.80000 468.384
25.81000 467.265
25.82000 465.413
25.83000 465.791
25.84000 472.807
25.85000 480.264
25.86000 485.293
25.87000 476.346
25.88000 469.395
25.89000 467.069
25.90000 470.972
25.91000 474.903
25.92000 475.488
25.93000 473.172
25.94000 470.882
25.95000 469.547
25.96000 468.778
25.97000 467.841
25.98000 463.622
25.99000 458.131
26.00000 453.719
26.01000 460.233
26.02000 469.589
26.03000 477.796
26.04000 482.842
26.05000 486.715
26.06000 486.206
26.07000 468.366
26.08000 448.746
26.09000 436.169
26.10000 442.298
26.11000 449.435
26.12000 454.052
26.13000 463.757
26.14000 470.929
26.15000 474.364
26.16000 473.351
26.17000 472.344
26.18000 474.556
26.19000 479.233
26.20000 483.830
26.21000 482.403
26.22000 478.049
26.23000 473.839
26.24000 471.887
26.25000 470.716
26.26000 469.524
26.27000 468.145
26.28000 466.724
26.29000 465.501
26.30000 467.469
26.31000 469.533
26.32000 471.863
26.33000 475.123
26.34000 478.464
26.35000 478.951
26.36000 472.666
26.37000 466.092
26.38000 462.028
26.39000 451.791
26.40000 444.378
26.41000 444.481
26.42000 452.452
26.43000 460.400
26.44000 465.626
26.45000 469.005
26.46000 472.304
26.47000 464.044
26.48000 451.104
26.49000 439.526
26.50000 445.714
26.51000 457.374
26.52000 467.203
26.53000 463.376
26.54000 456.762
26.55000 451.194
26.56000 450.405
26.57000 450.257
26.58000 451.414
26.59000 456.655
26.60000 462.193
26.61000 467.200
26.62000 471.084
26.63000 474.932
26.64000 477.197
26.65000 456.782
26.66000 442.266
26.67000 439.583
26.68000 447.760
26.69000 455.892
26.70000 461.051
26.71000 464.416
26.72000 467.676
26.73000 470.367
26.74000 472.694
26.75000 474.185
26.76000 466.562
26.77000 456.438
26.78000 447.494
26.79000 446.198
26.80000 446.275
26.81000 446.338
26.82000 438.134
26.83000 430.643
26.84000 426.871
26.85000 433.492
26.86000 440.731
26.87000 446.524
26.88000 449.586
26.89000 452.584
26.90000 454.257
26.91000 460.282
26.92000 464.438
26.93000 459.645
26.94000 447.618
26.95000 435.884
26.96000 437.156
26.97000 445.419
26.98000 453.348
26.99000 454.932
27.00000 454.258
27.01000 453.856
27.02000 455.982
27.03000 458.725
27.04000 461.612
27.05000 465.322
27.06000 469.162
27.07000 472.242
27.08000 463.594
27.09000 455.701
27.10000 449.575
27.11000 447.856
27.12000 446.346
27.13000 444.898
27.14000 443.554
27.15000 442.213
27.16000 441.507
27.17000 457.150
27.18000 467.712
27.19000 470.176
27.20000 466.847
27.21000 463.560
27.22000 461.649
27.23000 460.398
27.24000 459.210
27.25000 454.538
27.26000 449.183
27.27000 444.897
27.28000 449.112
27.29000 455.161
27.30000 460.082
27.31000 459.376
27.32000 457.901
27.33000 456.749
27.34000 458.718
27.35000 460.485
27.36000 457.490
27.37000 443.888
27.38000 429.895
27.39000 425.543
27.40000 435.635
27.41000 445.867
27.42000 450.300
27.43000 449.092
27.44000 447.846
27.45000 443.481
27.46000 437.134
27.47000 431.014
27.48000 430.396
27.49000 432.133
27.50000 433.764
27.51000 433.000
27.52000 431.673
27.53000 430.435
27.54000 429.811
27.55000 429.304
27.56000 429.476
27.57000 432.639
27.58000 436.156
27.59000 438.821
27.60000 440.919
27.61000 442.537
27.62000 443.651
27.63000 443.760
27.64000 443.841
27.65000 444.734
27.66000 446.705
27.67000 448.679
27.68000 449.578
27.69000 449.558
27.70000 449.418
27.71000 442.963
27.72000 432.935
27.73000 423.568
27.74000 426.857
27.75000 434.986
27.76000 442.513
27.77000 440.897
27.78000 437.331
27.79000 434.795
27.80000 438.455
27.81000 443.149
27.82000 446.313
27.83000 443.501
27.84000 440.087
27.85000 437.580
27.86000 442.344
27.87000 446.323
27.88000 444.670
27.89000 433.027
27.90000 421.192
27.91000 418.326
27.92000 425.989
27.93000 433.647
27.94000 434.324
27.95000 429.758
27.96000 425.367
27.97000 427.423
27.98000 432.731
27.99000 437.829
28.00000 439.671
28.01000 440.401
28.02000 441.068
28.03000 442.958
28.04000 444.881
28.05000 445.972
28.06000 442.673
28.07000 438.733
28.08000 435.678
28.09000 435.692
28.10000 435.968
28.11000 436.164
28.12000 435.812
28.13000 435.528
28.14000 434.761
28.15000 433.235
28.16000 431.698
28.17000 430.535
28.18000 429.755
28.19000 428.980
28.20000 435.112
28.21000 445.727
28.22000 455.862
28.23000 452.829
28.24000 443.865
28.25000 435.905
28.26000 440.765
28.27000 449.526
28.28000 457.395
28.29000 453.464
28.30000 447.945
28.31000 441.315
28.32000 429.510
28.33000 417.053
28.34000 410.225
28.35000 420.813
28.36000 432.637
28.37000 440.717
28.38000 440.521
28.39000 440.179
28.40000 436.960
28.41000 429.705
28.42000 422.425
28.43000 417.953
28.44000 416.024
28.45000 414.113
28.46000 414.425
28.47000 416.026
28.48000 417.642
28.49000 419.590
28.50000 421.671
28.51000 424.091
28.52000 430.140
28.53000 437.173
28.54000 443.379
28.55000 445.642
28.56000 446.991
28.57000 448.004
28.58000 447.634
28.59000 447.114
28.60000 445.307
28.61000 439.947
28.62000 434.381
28.63000 430.728
28.64000 431.921
28.65000 432.880
28.66000 431.247
28.67000 426.396
28.68000 421.551
28.69000 421.737
28.70000 425.938
28.71000 430.076
28.72000 430.717
28.73000 429.540
28.74000 428.259
28.75000 425.218
28.76000 421.546
28.77000 417.908
28.78000 414.581
28.79000 411.330
28.80000 408.514
28.81000 411.545
28.82000 414.894
28.83000 417.376
28.84000 416.685
28.85000 415.702
28.86000 415.499
28.87000 417.218
28.88000 419.026
28.89000 420.162
28.90000 425.442
28.91000 429.304
28.92000 433.056
28.93000 436.687
28.94000 440.279
28.95000 438.554
28.96000 433.073
28.97000 427.710
28.98000 423.617
28.99000 420.265
29.00000 417.075
29.01000 416.146
29.02000 415.941
29.03000 415.545
29.04000 413.648
29.05000 411.432
29.06000 409.553
29.07000 415.169
29.08000 420.724
29.09000 425.736
29.10000 428.983
29.11000 432.093
29.12000 433.818
29.13000 432.497
29.14000 431.067
29.15000 430.210
29.16000 425.105
29.17000 421.452
29.18000 419.032
29.19000 417.792
29.20000 416.605
29.21000 419.495
29.22000 424.944
29.23000 430.236
29.24000 431.138
29.25000 430.231
29.26000 429.366
29.27000 428.997
29.28000 428.770
29.29000 428.486
29.30000 427.827
29.31000 427.096
29.32000 426.490
29.33000 423.163
29.34000 420.152
29.35000 419.084
29.36000 423.654
29.37000 428.583
29.38000 430.378
29.39000 426.014
29.40000 421.488
29.41000 418.914
29.42000 423.843
29.43000 427.300
29.44000 431.087
29.45000 435.152
29.46000 439.068
29.47000 435.445
29.48000 427.612
29.49000 420.072
29.50000 418.846
29.51000 419.934
29.52000 420.947
29.53000 421.228
29.54000 421.325
29.55000 420.278
29.56000 412.457
29.57000 403.520
29.58000 396.290
29.59000 407.045
29.60000 417.249
29.61000 424.022
29.62000 421.905
29.63000 419.330
29.64000 420.013
29.65000 426.400
29.66000 432.892
29.67000 436.378
29.68000 425.140
29.69000 417.477
29.70000 414.674
29.71000 415.493
29.72000 416.308
29.73000 416.966
29.74000 417.545
29.75000 418.096
29.76000 418.738
29.77000 419.361
29.78000 420.274
29.79000 423.614
29.80000 427.501
29.81000 431.391
29.82000 435.301
29.83000 439.213
29.84000 442.296
29.85000 437.607
29.86000 433.327
29.87000 430.040
29.88000 429.052
29.89000 428.157
29.90000 429.226
29.91000 433.357
29.92000 437.525
29.93000 439.627
29.94000 448.411
29.95000 454.269
29.96000 458.647
29.97000 462.048
29.98000 465.367
29.99000 466.497
30.00000 466.654
30.01000 466.801
30.02000 459.973
30.03000 451.805
30.04000 444.927
30.05000 447.379
30.06000 451.685
30.07000 455.359
30.08000 456.137
30.09000 456.555
30.10000 456.875
30.11000 448.616
30.12000 441.627
30.13000 436.938
30.14000 437.002
30.15000 437.212
30.16000 437.547
30.17000 438.057
30.18000 438.567
30.19000 438.154
30.20000 436.918
30.21000 435.701
30.22000 435.681
30.23000 436.364
30.24000 436.912
30.25000 434.676
30.26000 431.333
30.27000 428.223
30.28000 428.973
30.29000 430.583
30.30000 432.183
30.31000 433.722
30.32000 435.250
30.33000 435.163
30.34000 428.511
30.35000 421.159
30.36000 415.702
30.37000 416.302
30.38000 417.036
30.39000 419.082
30.40000 423.552
30.41000 428.074
30.42000 433.855
30.43000 441.177
30.44000 448.488
30.45000 448.886
30.46000 443.865
30.47000 439.003
30.48000 440.646
30.49000 445.700
30.50000 450.503
30.51000 451.128
30.52000 450.270
30.53000 449.484
30.54000 446.579
30.55000 443.542
30.56000 440.940
30.57000 440.730
30.58000 440.887
30.59000 440.516
30.60000 438.240
30.61000 435.792
30.62000 434.034
30.63000 438.813
30.64000 442.693
30.65000 444.588
30.66000 443.220
30.67000 441.805
30.68000 439.904
30.69000 437.481
30.70000 435.068
30.71000 437.610
30.72000 443.541
30.73000 449.417
30.74000 453.596
30.75000 456.981
30.76000 459.812
30.77000 455.104
30.78000 448.011
30.79000 441.604
30.80000 457.183
30.81000 474.938
30.82000 489.070
30.83000 485.616
30.84000 479.829
30.85000 476.691
30.86000 482.072
30.87000 488.096
30.88000 492.267
30.89000 489.480
30.90000 487.202
30.91000 490.842
30.92000 503.126
30.93000 515.484
30.94000 525.472
30.95000 533.218
30.96000 540.899
30.97000 546.413
30.98000 550.507
30.99000 555.221
31.00000 574.211
31.01000 599.165
31.02000 624.718
31.03000 657.072
31.04000 691.342
31.05000 721.772
31.06000 742.039
31.07000 757.977
31.08000 778.004
31.09000 815.569
31.10000 855.138
31.11000 899.261
31.12000 956.449
31.13000 1014.450
31.14000 1053.055
31.15000 1168.001
31.16000 1254.496
31.17000 1350.813
31.18000 1459.843
31.19000 1568.940
31.20000 1685.661
31.21000 1808.726
31.22000 1930.171
31.23000 2060.341
31.24000 2191.688
31.25000 2324.590
31.26000 2485.852
31.27000 2657.698
31.28000 2828.300
31.29000 2986.935
31.30000 3142.574
31.31000 3278.234
31.32000 3369.158
31.33000 3440.665
31.34000 3507.228
31.35000 3554.969
31.36000 3600.875
31.37000 3635.754
31.38000 3642.391
31.39000 3647.614
31.40000 3650.946
31.41000 3577.500
31.42000 3523.098
31.43000 3444.303
31.44000 3337.646
31.45000 3230.926
31.46000 3118.443
31.47000 3001.719
31.48000 2887.228
31.49000 2744.359
31.50000 2593.256
31.51000 2442.580
31.52000 2298.240
31.53000 2156.010
31.54000 2012.809
31.55000 1861.601
31.56000 1708.618
31.57000 1577.940
31.58000 1450.851
31.59000 1344.214
31.60000 1239.760
31.61000 1142.695
31.62000 1046.237
31.63000 959.686
31.64000 895.792
31.65000 832.785
31.66000 794.422
31.67000 748.030
31.68000 714.825
31.69000 678.305
31.70000 638.461
31.71000 598.832
31.72000 579.041
31.73000 572.201
31.74000 565.541
31.75000 554.065
31.76000 541.109
31.77000 528.428
31.78000 519.125
31.79000 510.825
31.80000 501.887
31.81000 488.408
31.82000 474.040
31.83000 462.033
31.84000 457.867
31.85000 455.205
31.86000 453.377
31.87000 454.070
31.88000 454.934
31.89000 456.478
31.90000 459.412
31.91000 462.386
31.92000 464.107
31.93000 457.155
31.94000 452.245
31.95000 448.274
31.96000 445.130
31.97000 441.920
31.98000 434.915
31.99000 425.705
32.00000 416.812
32.01000 419.707
32.02000 426.793
32.03000 432.710
32.04000 426.524
32.05000 417.143
32.06000 410.264
32.07000 418.899
32.08000 430.206
32.09000 439.432
32.10000 433.717
32.11000 427.761
32.12000 423.854
32.13000 425.464
32.14000 427.380
32.15000 427.354
32.16000 423.792
32.17000 420.155
32.18000 418.163
32.19000 405.924
32.20000 397.511
32.21000 393.928
32.22000 394.098
32.23000 394.403
32.24000 400.080
32.25000 408.538
32.26000 416.628
32.27000 414.616
32.28000 409.448
32.29000 404.697
32.30000 403.621
32.31000 403.406
32.32000 403.277
32.33000 403.615
32.34000 404.023
32.35000 404.347
32.36000 400.604
32.37000 397.297
32.38000 395.199
32.39000 396.006
32.40000 396.941
32.41000 397.661
32.42000 398.032
32.43000 398.398
32.44000 398.586
32.45000 393.564
32.46000 390.170
32.47000 385.508
32.48000 379.973
32.49000 374.647
32.50000 375.384
32.51000 378.925
32.52000 382.274
32.53000 386.739
32.54000 391.164
32.55000 394.710
32.56000 391.591
32.57000 387.090
32.58000 382.121
32.59000 374.907
32.60000 367.401
32.61000 361.595
32.62000 365.424
32.63000 369.029
32.64000 373.588
32.65000 380.198
32.66000 386.876
32.67000 389.107
32.68000 384.926
32.69000 380.694
32.70000 380.504
32.71000 384.082
32.72000 387.536
32.73000 382.356
32.74000 371.893
32.75000 361.987
32.76000 364.604
32.77000 372.391
32.78000 379.666
32.79000 378.030
32.80000 374.295
32.81000 371.026
32.82000 370.831
32.83000 371.196
32.84000 372.660
32.85000 378.773
32.86000 385.408
32.87000 390.387
32.88000 399.074
32.89000 406.037
32.90000 410.871
32.91000 411.620
32.92000 412.270
32.93000 416.523
32.94000 425.380
32.95000 434.242
32.96000 442.136
32.97000 449.213
32.98000 456.239
32.99000 460.902
33.00000 464.277
33.01000 467.325
33.02000 464.532
33.03000 459.587
33.04000 455.028
33.05000 448.432
33.06000 442.074
33.07000 435.825
33.08000 430.200
33.09000 424.674
33.10000 419.395
33.11000 415.043
33.12000 410.781
33.13000 407.685
33.14000 403.714
33.15000 400.627
33.16000 398.172
33.17000 396.795
33.18000 395.435
33.19000 390.667
33.20000 382.058
33.21000 373.475
33.22000 371.181
33.23000 373.433
33.24000 375.500
33.25000 371.411
33.26000 364.328
33.27000 357.232
33.28000 349.929
33.29000 342.558
33.30000 335.865
33.31000 344.485
33.32000 355.060
33.33000 364.160
33.34000 365.786
33.35000 366.372
33.36000 365.998
33.37000 362.413
33.38000 358.570
33.39000 355.875
33.40000 354.873
33.41000 354.163
33.42000 351.538
33.43000 346.000
33.44000 340.431
33.45000 336.496
33.46000 334.175
33.47000 331.871
33.48000 337.901
33.49000 349.126
33.50000 359.944
33.51000 360.532
33.52000 356.678
33.53000 352.975
33.54000 351.093
33.55000 349.745
33.56000 348.541
33.57000 350.063
33.58000 351.848
33.59000 353.729
33.60000 356.039
33.61000 358.401
33.62000 359.534
33.63000 357.004
33.64000 354.231
33.65000 352.359
33.66000 354.695
33.67000 356.521
33.68000 355.302
33.69000 349.972
33.70000 344.625
33.71000 342.777
33.72000 343.967
33.73000 345.143
33.74000 353.563
33.75000 365.838
33.76000 377.443
33.77000 375.866
33.78000 369.177
33.79000 363.006
33.80000 362.086
33.81000 362.536
33.82000 362.930
33.83000 360.080
33.84000 357.159
33.85000 353.710
33.86000 348.171
33.87000 342.417
33.88000 338.063
33.89000 337.434
33.90000 337.007
33.91000 336.730
33.92000 342.597
33.93000 346.980
33.94000 343.188
33.95000 329.648
33.96000 316.152
33.97000 317.162
33.98000 329.295
33.99000 341.222
34.00000 341.560
34.01000 336.156
34.02000 331.323
34.03000 335.567
34.04000 342.953
34.05000 349.396
34.06000 347.660
34.07000 344.032
34.08000 340.911
34.09000 336.420
34.10000 332.446
34.11000 330.912
34.12000 337.976
34.13000 345.788
34.14000 349.370
34.15000 342.903
34.16000 336.005
34.17000 331.738
34.18000 340.526
34.19000 346.966
34.20000 348.940
34.21000 346.229
34.22000 343.532
34.23000 342.374
34.24000 342.263
34.25000 342.155
34.26000 340.621
34.27000 338.531
34.28000 336.850
34.29000 340.514
34.30000 345.828
34.31000 350.540
34.32000 350.763
34.33000 350.067
34.34000 349.481
34.35000 346.264
34.36000 343.296
34.37000 341.897
34.38000 345.416
34.39000 349.291
34.40000 351.861
34.41000 351.659
34.42000 351.367
34.43000 351.195
34.44000 334.019
34.45000 321.811
34.46000 317.789
34.47000 321.294
34.48000 324.793
34.49000 327.863
34.50000 330.675
34.51000 333.398
34.52000 335.760
34.53000 337.855
34.54000 339.378
34.55000 334.639
34.56000 328.179
34.57000 322.968
34.58000 325.870
34.59000 330.231
34.60000 333.820
34.61000 334.870
34.62000 335.502
34.63000 336.239
34.64000 337.269
34.65000 338.316
34.66000 340.221
34.67000 343.749
34.68000 347.316
34.69000 349.308
34.70000 338.327
34.71000 330.709
34.72000 328.035
34.73000 329.365
34.74000 330.656
34.75000 330.213
34.76000 328.836
34.77000 327.516
34.78000 327.515
34.79000 327.964
34.80000 328.652
34.81000 331.561
34.82000 335.012
34.83000 337.955
34.84000 338.016
34.85000 337.623
34.86000 337.307
34.87000 332.413
34.88000 328.102
34.89000 324.089
34.90000 320.825
34.91000 317.597
34.92000 316.687
34.93000 319.688
34.94000 322.753
34.95000 324.367
34.96000 320.177
34.97000 317.333
34.98000 314.484
34.99000 311.634
35.00000 308.962
35.01000 312.043
35.02000 317.886
35.03000 323.435
35.04000 324.097
35.05000 323.243
35.06000 322.407
35.07000 321.714
35.08000 321.051
35.09000 320.642
35.10000 321.504
35.11000 322.539
35.12000 323.347
35.13000 322.894
35.14000 322.453
35.15000 324.602
35.16000 332.531
35.17000 340.674
35.18000 341.527
35.19000 331.440
35.20000 321.245
35.21000 316.640
35.22000 317.484
35.23000 318.300
35.24000 316.892
35.25000 314.068
35.26000 311.414
35.27000 312.907
35.28000 316.179
35.29000 319.249
35.30000 321.800
35.31000 323.989
35.32000 325.118
35.33000 318.931
35.34000 311.351
35.35000 306.095
35.36000 311.099
35.37000 317.318
35.38000 322.033
35.39000 323.561
35.40000 324.597
35.41000 324.306
35.42000 321.368
35.43000 318.357
35.44000 316.216
35.45000 315.234
35.46000 314.259
35.47000 318.117
35.48000 326.100
35.49000 333.933
35.50000 333.896
35.51000 329.399
35.52000 324.982
35.53000 322.119
35.54000 319.852
35.55000 317.751
35.56000 320.965
35.57000 325.085
35.58000 327.478
35.59000 319.465
35.60000 309.712
35.61000 302.674
35.62000 306.262
35.63000 310.924
35.64000 314.348
35.65000 312.263
35.66000 310.426
35.67000 310.980
35.68000 315.781
35.69000 320.664
35.70000 321.098
35.71000 316.301
35.72000 311.507
35.73000 309.595
35.74000 309.860
35.75000 310.080
35.76000 308.622
35.77000 306.316
35.78000 304.198
35.79000 304.993
35.80000 306.786
35.81000 308.421
35.82000 305.088
35.83000 301.123
35.84000 299.042
35.85000 306.919
35.86000 316.251
35.87000 323.171
35.88000 321.708
35.89000 319.527
35.90000 317.980
35.91000 316.657
35.92000 315.657
35.93000 313.120
35.94000 308.151
35.95000 303.151
35.96000 300.682
35.97000 300.827
35.98000 300.973
35.99000 302.245
36.00000 304.246
36.01000 306.246
36.02000 308.200
36.03000 310.133
36.04000 311.601
36.05000 307.111
36.06000 300.805
36.07000 295.140
36.08000 299.891
36.09000 305.888
36.10000 311.244
36.11000 313.613
36.12000 315.605
36.13000 315.306
36.14000 307.911
36.15000 300.010
36.16000 294.608
36.17000 297.652
36.18000 300.129
36.19000 304.295
36.20000 310.833
36.21000 317.383
36.22000 315.568
36.23000 306.167
36.24000 296.858
36.25000 292.239
36.26000 290.457
36.27000 288.941
36.28000 293.099
36.29000 299.544
36.30000 305.183
36.31000 302.171
36.32000 296.811
36.33000 292.080
36.34000 297.633
36.35000 304.001
36.36000 309.768
36.37000 313.061
36.38000 316.084
36.39000 315.821
36.40000 306.471
36.41000 296.592
36.42000 290.104
36.43000 297.835
36.44000 303.763
36.45000 307.546
36.46000 308.659
36.47000 309.748
36.48000 305.060
36.49000 295.756
36.50000 286.591
36.51000 286.349
36.52000 290.716
36.53000 295.060
36.54000 299.004
36.55000 302.804
36.56000 306.840
36.57000 313.044
36.58000 319.771
36.59000 325.596
36.60000 316.770
36.61000 307.327
36.62000 300.277
36.63000 301.997
36.64000 304.528
36.65000 306.755
36.66000 308.233
36.67000 309.676
36.68000 310.583
36.69000 298.017
36.70000 288.780
36.71000 286.615
36.72000 292.199
36.73000 297.797
36.74000 304.658
36.75000 312.414
36.76000 320.004
36.77000 319.016
36.78000 314.158
36.79000 309.248
36.80000 303.614
36.81000 297.749
36.82000 292.685
36.83000 293.916
36.84000 296.490
36.85000 298.673
36.86000 302.899
36.87000 306.672
36.88000 310.078
36.89000 312.283
36.90000 314.395
36.91000 315.575
36.92000 314.699
36.93000 313.750
36.94000 313.181
36.95000 308.850
36.96000 305.750
36.97000 303.897
36.98000 303.242
36.99000 302.587
37.00000 301.965
37.01000 301.364
37.02000 300.779
37.03000 302.321
37.04000 304.641
37.05000 306.887
37.06000 308.280
37.07000 309.430
37.08000 310.258
37.09000 308.895
37.10000 307.121
37.11000 305.650
37.12000 303.262
37.13000 301.201
37.14000 301.043
37.15000 306.420
37.16000 312.150
37.17000 313.056
37.18000 304.468
37.19000 295.628
37.20000 290.598
37.21000 296.521
37.22000 300.679
37.23000 303.189
37.24000 304.304
37.25000 305.376
37.26000 304.272
37.27000 301.950
37.28000 299.715
37.29000 304.902
37.30000 312.406
37.31000 319.198
37.32000 318.999
37.33000 317.024
37.34000 315.141
37.35000 313.803
37.36000 312.556
37.37000 311.546
37.38000 301.711
37.39000 292.992
37.40000 287.940
37.41000 292.409
37.42000 297.368
37.43000 299.710
37.44000 297.456
37.45000 295.117
37.46000 293.861
37.47000 288.248
37.48000 284.441
37.49000 286.654
37.50000 293.364
37.51000 299.829
37.52000 297.582
37.53000 290.986
37.54000 284.700
37.55000 283.671
37.56000 284.363
37.57000 285.182
37.58000 287.068
37.59000 289.195
37.60000 290.301
37.61000 286.086
37.62000 281.105
37.63000 277.178
37.64000 282.569
37.65000 287.517
37.66000 291.855
37.67000 294.774
37.68000 297.635
37.69000 299.951
37.70000 301.415
37.71000 302.869
37.72000 303.603
37.73000 293.056
37.74000 286.070
37.75000 285.733
37.76000 289.801
37.77000 293.805
37.78000 296.103
37.79000 297.641
37.80000 299.091
37.81000 297.091
37.82000 294.310
37.83000 291.873
37.84000 291.922
37.85000 292.467
37.86000 291.961
37.87000 286.622
37.88000 280.682
37.89000 276.131
37.90000 287.904
37.91000 298.098
37.92000 305.837
37.93000 308.497
37.94000 311.002
37.95000 307.453
37.96000 295.511
37.97000 283.520
37.98000 279.418
37.99000 282.366
38.00000 285.289
38.01000 286.667
38.02000 287.135
38.03000 287.710
38.04000 290.517
38.05000 294.213
38.06000 297.652
38.07000 297.109
38.08000 295.655
38.09000 294.794
38.10000 297.676
38.11000 301.212
38.12000 303.331
38.13000 299.677
38.14000 295.407
38.15000 292.235
38.16000 295.592
38.17000 298.489
38.18000 302.291
38.19000 307.767
38.20000 313.279
38.21000 313.210
38.22000 306.293
38.23000 299.371
38.24000 296.346
38.25000 296.395
38.26000 296.640
38.27000 305.034
38.28000 317.707
38.29000 329.766
38.30000 331.593
38.31000 329.785
38.32000 328.126
38.33000 330.617
38.34000 333.716
38.35000 336.109
38.36000 334.601
38.37000 332.497
38.38000 332.504
38.39000 340.153
38.40000 348.494
38.41000 354.485
38.42000 352.711
38.43000 351.085
38.44000 356.753
38.45000 374.422
38.46000 392.267
38.47000 406.061
38.48000 415.476
38.49000 424.847
38.50000 442.110
38.51000 464.642
38.52000 487.108
38.53000 507.595
38.54000 527.155
38.55000 546.610
38.56000 564.646
38.57000 582.232
38.58000 598.119
38.59000 622.893
38.60000 646.320
38.61000 670.376
38.62000 697.486
38.63000 725.003
38.64000 750.078
38.65000 767.287
38.66000 783.898
38.67000 795.404
38.68000 815.717
38.69000 831.235
38.70000 842.003
38.71000 845.822
38.72000 849.581
38.73000 850.215
38.74000 847.890
38.75000 845.584
38.76000 835.892
38.77000 821.875
38.78000 807.330
38.79000 780.593
38.80000 748.752
38.81000 718.322
38.82000 703.944
38.83000 694.098
38.84000 685.353
38.85000 663.135
38.86000 641.703
38.87000 618.675
38.88000 588.790
38.89000 558.120
38.90000 530.973
38.91000 513.952
38.92000 497.563
38.93000 486.648
38.94000 460.884
38.95000 441.533
38.96000 425.013
38.97000 412.163
38.98000 399.332
38.99000 388.643
39.00000 379.739
39.01000 370.951
39.02000 360.248
39.03000 348.800
39.04000 337.645
39.05000 331.838
39.06000 328.031
39.07000 323.935
39.08000 317.054
39.09000 309.475
39.10000 302.867
39.11000 303.919
39.12000 305.884
39.13000 306.551
39.14000 302.271
39.15000 297.507
39.16000 292.588
39.17000 287.271
39.18000 281.934
39.19000 278.528
39.20000 282.114
39.21000 284.813
39.22000 285.881
39.23000 285.085
39.24000 284.288
39.25000 283.747
39.26000 283.396
39.27000 283.051
39.28000 278.358
39.29000 271.770
39.30000 266.089
39.31000 273.898
39.32000 286.206
39.33000 296.552
39.34000 290.702
39.35000 281.250
39.36000 273.174
39.37000 271.491
39.38000 270.836
39.39000 270.571
39.40000 271.631
39.41000 272.800
39.42000 273.410
39.43000 272.739
39.44000 272.018
39.45000 271.578
39.46000 268.790
39.47000 266.779
39.48000 267.566
39.49000 271.166
39.50000 274.743
39.51000 276.230
39.52000 276.352
39.53000 276.469
39.54000 275.340
39.55000 273.740
39.56000 272.403
39.57000 274.307
39.58000 277.174
39.59000 278.862
39.60000 272.134
39.61000 263.756
39.62000 256.751
39.63000 257.375
39.64000 258.669
39.65000 261.872
39.66000 270.846
39.67000 280.213
39.68000 284.166
39.69000 277.041
39.70000 269.589
39.71000 265.272
39.72000 270.010
39.73000 273.370
39.74000 274.959
39.75000 274.987
39.76000 275.035
39.77000 276.199
39.78000 278.012
39.79000 279.762
39.80000 275.984
39.81000 270.375
39.82000 265.203
39.83000 264.572
39.84000 265.142
39.85000 266.375
39.86000 271.727
39.87000 277.788
39.88000 282.737
39.89000 274.583
39.90000 266.788
39.91000 263.556
39.92000 272.638
39.93000 282.403
39.94000 286.847
39.95000 281.579
39.96000 276.107
39.97000 273.106
39.98000 265.779
39.99000 260.743
40.00000 258.498
40.01000 258.425
40.02000 258.358
40.03000 258.504
40.04000 258.761
40.05000 259.007
40.06000 258.593
40.07000 257.993
40.08000 257.720
40.09000 260.348
40.10000 263.656
40.11000 265.315
40.12000 257.997
40.13000 249.326
40.14000 242.427
40.15000 245.948
40.16000 249.532
40.17000 253.788
40.18000 259.661
40.19000 265.606
40.20000 266.909
40.21000 260.666
40.22000 254.319
40.23000 251.043
40.24000 263.241
40.25000 271.412
40.26000 273.721
40.27000 271.986
40.28000 270.148
40.29000 265.288
40.30000 259.027
40.31000 253.104
40.32000 252.596
40.33000 253.689
40.34000 255.153
40.35000 259.448
40.36000 264.331
40.37000 266.920
40.38000 258.507
40.39000 248.653
40.40000 241.030
40.41000 245.101
40.42000 249.022
40.43000 252.578
40.44000 255.349
40.45000 258.094
40.46000 256.388
40.47000 248.255
40.48000 240.071
40.49000 240.548
40.50000 249.112
40.51000 257.534
40.52000 255.926
40.53000 248.171
40.54000 240.799
40.55000 242.073
40.56000 246.921
40.57000 251.452
40.58000 249.344
40.59000 245.752
40.60000 243.353
40.61000 248.836
40.62000 255.760
40.63000 261.988
40.64000 265.266
40.65000 268.212
40.66000 270.424
40.67000 258.107
40.68000 247.790
40.69000 242.565
40.70000 247.118
40.71000 251.914
40.72000 256.333
40.73000 260.267
40.74000 264.195
40.75000 261.295
40.76000 252.809
40.77000 244.595
40.78000 249.102
40.79000 260.552
40.80000 271.117
40.81000 265.846
40.82000 254.727
40.83000 244.476
40.84000 248.901
40.85000 256.118
40.86000 261.582
40.87000 256.930
40.88000 250.657
40.89000 245.932
40.90000 247.034
40.91000 248.696
40.92000 249.904
40.93000 256.037
40.94000 260.940
40.95000 265.104
40.96000 268.001
40.97000 270.877
40.98000 268.447
40.99000 260.027
41.00000 251.632
41.01000 249.388
41.02000 251.601
41.03000 253.772
41.04000 254.552
41.05000 254.654
41.06000 254.474
41.07000 250.196
41.08000 244.567
41.09000 239.454
41.10000 237.955
41.11000 237.331
41.12000 237.048
41.13000 238.495
41.14000 240.183
41.15000 242.255
41.16000 245.615
41.17000 249.079
41.18000 251.509
41.19000 251.538
41.20000 251.491
41.21000 250.421
41.22000 247.793
41.23000 245.148
41.24000 243.919
41.25000 244.092
41.26000 244.263
41.27000 240.339
41.28000 233.872
41.29000 227.749
41.30000 230.316
41.31000 236.662
41.32000 242.483
41.33000 241.968
41.34000 239.592
41.35000 237.469
41.36000 244.953
41.37000 253.094
41.38000 258.677
41.39000 252.802
41.40000 245.546
41.41000 240.195
41.42000 240.536
41.43000 241.258
41.44000 241.745
41.45000 244.034
41.46000 245.776
41.47000 245.630
41.48000 242.934
41.49000 240.227
41.50000 240.585
41.51000 243.609
41.52000 246.599
41.53000 248.440
41.54000 249.593
41.55000 250.759
41.56000 252.195
41.57000 253.735
41.58000 254.557
41.59000 248.069
41.60000 239.672
41.61000 232.304
41.62000 234.904
41.63000 238.593
41.64000 241.102
41.65000 238.926
41.66000 236.266
41.67000 235.041
41.68000 237.641
41.69000 240.448
41.70000 242.267
41.71000 243.499
41.72000 244.392
41.73000 242.725
41.74000 238.002
41.75000 233.294
41.76000 233.909
41.77000 238.612
41.78000 243.236
41.79000 246.740
41.80000 249.573
41.81000 252.080
41.82000 249.392
41.83000 244.902
41.84000 241.424
41.85000 246.736
41.86000 254.085
41.87000 260.408
41.88000 253.291
41.89000 245.575
41.90000 239.582
41.91000 239.675
41.92000 240.298
41.93000 239.293
41.94000 234.410
41.95000 229.361
41.96000 226.234
41.97000 229.816
41.98000 232.456
41.99000 232.136
42.00000 228.709
42.01000 225.298
42.02000 223.850
42.03000 223.740
42.04000 223.632
42.05000 225.740
42.06000 228.727
42.07000 231.959
42.08000 238.406
42.09000 245.847
42.10000 251.868
42.11000 247.253
42.12000 240.460
42.13000 234.739
42.14000 237.574
42.15000 240.860
42.16000 242.565
42.17000 239.305
42.18000 235.683
42.19000 235.866
42.20000 244.133
42.21000 252.665
42.22000 257.696
42.23000 247.504
42.24000 240.229
42.25000 235.974
42.26000 234.502
42.27000 233.088
42.28000 235.611
42.29000 240.516
42.30000 245.268
42.31000 243.193
42.32000 238.592
42.33000 234.272
42.34000 233.047
42.35000 232.673
42.36000 233.035
42.37000 238.178
42.38000 244.183
42.39000 249.126
42.40000 244.984
42.41000 240.750
42.42000 236.276
42.43000 231.127
42.44000 225.937
42.45000 223.206
42.46000 225.138
42.47000 227.181
42.48000 228.323
42.49000 232.103
42.50000 234.717
42.51000 233.797
42.52000 230.007
42.53000 226.320
42.54000 227.192
42.55000 230.524
42.56000 233.721
42.57000 235.721
42.58000 237.181
42.59000 238.370
42.60000 237.026
42.61000 235.063
42.62000 233.390
42.63000 233.375
42.64000 233.620
42.65000 233.818
42.66000 234.878
42.67000 235.803
42.68000 235.987
42.69000 234.318
42.70000 232.560
42.71000 232.136
42.72000 233.965
42.73000 235.831
42.74000 236.815
42.75000 241.445
42.76000 244.549
42.77000 241.441
42.78000 233.874
42.79000 226.549
42.80000 227.037
42.81000 231.284
42.82000 235.318
42.83000 238.301
42.84000 240.739
42.85000 242.669
42.86000 240.534
42.87000 237.520
42.88000 234.811
42.89000 233.629
42.90000 232.656
42.91000 231.896
42.92000 227.979
42.93000 224.654
42.94000 224.334
42.95000 230.731
42.96000 237.378
42.97000 239.554
42.98000 235.009
42.99000 230.398
43.00000 229.329
43.01000 231.721
43.02000 234.089
43.03000 234.580
43.04000 233.873
43.05000 233.283
43.06000 235.565
43.07000 239.082
43.08000 242.383
43.09000 241.753
43.10000 240.140
43.11000 238.394
43.12000 235.721
43.13000 232.871
43.14000 230.481
43.15000 230.129
43.16000 230.018
43.17000 229.934
43.18000 229.396
43.19000 228.950
43.20000 227.709
43.21000 224.882
43.22000 222.010
43.23000 220.612
43.24000 221.177
43.25000 221.752
43.26000 223.748
43.27000 226.957
43.28000 230.098
43.29000 229.624
43.30000 227.099
43.31000 224.776
43.32000 226.351
43.33000 229.421
43.34000 232.265
43.35000 230.610
43.36000 228.077
43.37000 226.135
43.38000 227.756
43.39000 229.976
43.40000 231.396
43.41000 229.687
43.42000 227.661
43.43000 226.171
43.44000 225.831
43.45000 225.616
43.46000 227.031
43.47000 231.349
43.48000 235.724
43.49000 237.650
43.50000 236.689
43.51000 235.725
43.52000 234.976
43.53000 234.393
43.54000 233.871
43.55000 235.603
43.56000 238.476
43.57000 240.686
43.58000 232.584
43.59000 220.951
43.60000 210.329
43.61000 213.741
43.62000 219.618
43.63000 224.705
43.64000 225.607
43.65000 225.897
43.66000 226.452
43.67000 227.931
43.68000 229.490
43.69000 230.597
43.70000 232.708
43.71000 234.346
43.72000 233.881
43.73000 230.086
43.74000 226.248
43.75000 221.391
43.76000 215.479
43.77000 209.599
43.78000 213.025
43.79000 222.580
43.80000 231.721
43.81000 229.457
43.82000 222.040
43.83000 215.262
43.84000 216.678
43.85000 220.596
43.86000 224.117
43.87000 221.706
43.88000 218.546
43.89000 216.355
43.90000 218.685
43.91000 221.588
43.92000 223.025
43.93000 219.911
43.94000 216.472
43.95000 214.119
43.96000 220.945
43.97000 226.274
43.98000 228.733
43.99000 227.156
44.00000 225.551
44.01000 225.149
44.02000 225.842
44.03000 226.527
44.04000 226.025
44.05000 224.837
44.06000 223.578
44.07000 220.774
44.08000 217.348
44.09000 214.695
44.10000 220.377
44.11000 228.325
44.12000 235.342
44.13000 230.097
44.14000 223.687
44.15000 218.548
44.16000 218.661
44.17000 219.346
44.18000 220.236
44.19000 221.696
44.20000 223.188
44.21000 224.169
44.22000 230.105
44.23000 234.558
44.24000 237.557
44.25000 238.744
44.26000 239.916
44.27000 237.950
44.28000 233.471
44.29000 229.059
44.30000 229.021
44.31000 231.244
44.32000 233.245
44.33000 231.434
44.34000 228.250
44.35000 225.434
44.36000 225.986
44.37000 227.350
44.38000 228.532
44.39000 232.303
44.40000 235.854
44.41000 237.654
44.42000 233.025
44.43000 227.801
44.44000 225.928
44.45000 232.342
44.46000 239.142
44.47000 243.420
44.48000 241.912
44.49000 240.757
44.50000 238.198
44.51000 234.098
44.52000 230.017
44.53000 228.717
44.54000 229.387
44.55000 230.043
44.56000 234.422
44.57000 240.327
44.58000 245.959
44.59000 247.792
44.60000 248.405
44.61000 248.485
44.62000 244.372
44.63000 239.364
44.64000 235.114
44.65000 243.111
44.66000 251.208
44.67000 257.219
44.68000 256.416
44.69000 255.085
44.70000 253.951
44.71000 253.255
44.72000 252.575
44.73000 252.167
44.74000 254.003
44.75000 255.322
44.76000 260.919
44.77000 270.635
44.78000 280.294
44.79000 285.462
44.80000 287.803
44.81000 290.078
44.82000 287.649
44.83000 283.447
44.84000 280.342
44.85000 290.000
44.86000 303.313
44.87000 316.178
44.88000 325.992
44.89000 335.231
44.90000 342.897
44.91000 349.247
44.92000 354.367
44.93000 360.569
44.94000 369.918
44.95000 379.469
44.96000 389.469
44.97000 400.353
44.98000 411.260
44.99000 417.470
45.00000 411.318
45.01000 407.009
45.02000 413.570
45.03000 429.335
45.04000 444.886
45.05000 449.569
45.06000 448.159
45.07000 446.801
45.08000 451.179
45.09000 457.329
45.10000 462.669
45.11000 460.040
45.12000 455.382
45.13000 450.534
45.14000 444.551
45.15000 438.379
45.16000 433.382
45.17000 416.958
45.18000 402.659
45.19000 391.208
45.20000 387.165
45.21000 383.504
45.22000 379.974
45.23000 376.674
45.24000 373.378
45.25000 371.605
45.26000 350.359
45.27000 335.854
45.28000 327.738
45.29000 324.402
45.30000 320.889
45.31000 311.037
45.32000 298.016
45.33000 285.603
45.34000 282.103
45.35000 281.653
45.36000 280.750
45.37000 276.049
45.38000 270.489
45.39000 265.564
45.40000 263.947
45.41000 262.808
45.42000 261.910
45.43000 256.438
45.44000 251.741
45.45000 246.573
45.46000 240.309
45.47000 234.001
45.48000 231.195
45.49000 233.870
45.50000 236.611
45.51000 237.996
45.52000 231.549
45.53000 227.280
45.54000 227.454
45.55000 230.576
45.56000 233.547
45.57000 232.476
45.58000 229.602
45.59000 226.893
45.60000 224.241
45.61000 221.830
45.62000 219.683
45.63000 219.463
45.64000 219.627
45.65000 220.462
45.66000 224.394
45.67000 228.712
45.68000 232.021
45.69000 225.919
45.70000 220.580
45.71000 217.734
45.72000 220.058
45.73000 222.540
45.74000 223.573
45.75000 222.591
45.76000 221.597
45.77000 221.377
45.78000 221.852
45.79000 222.286
45.80000 220.278
45.81000 216.827
45.82000 213.573
45.83000 214.395
45.84000 216.843
45.85000 219.121
45.86000 217.100
45.87000 214.232
45.88000 211.789
45.89000 212.024
45.90000 212.729
45.91000 213.125
45.92000 212.260
45.93000 211.261
45.94000 210.518
45.95000 205.464
45.96000 201.344
45.97000 198.465
45.98000 197.885
45.99000 197.356
46.00000 201.260
46.01000 210.615
46.02000 219.966
46.03000 221.878
46.04000 217.932
46.05000 213.981
46.06000 209.828
46.07000 205.570
46.08000 201.806
46.09000 206.298
46.10000 213.728
46.11000 220.546
46.12000 217.438
46.13000 212.559
46.14000 207.987
46.15000 205.117
46.16000 202.508
46.17000 200.624
46.18000 201.370
46.19000 202.354
46.20000 203.062
46.21000 207.852
46.22000 211.658
46.23000 213.142
46.24000 210.795
46.25000 208.392
46.26000 205.142
46.27000 200.977
46.28000 196.830
46.29000 196.461
46.30000 198.710
46.31000 200.853
46.32000 199.756
46.33000 197.139
46.34000 195.161
46.35000 201.939
46.36000 211.495
46.37000 220.131
46.38000 216.913
46.39000 211.886
46.40000 207.316
46.41000 204.968
46.42000 202.917
46.43000 201.151
46.44000 200.303
46.45000 199.525
46.46000 198.985
46.47000 202.408
46.48000 205.089
46.49000 205.002
46.50000 200.859
46.51000 196.681
46.52000 196.030
46.53000 198.729
46.54000 201.406
46.55000 203.152
46.56000 204.298
46.57000 205.337
46.58000 203.871
46.59000 201.356
46.60000 199.269
46.61000 202.067
46.62000 206.247
46.63000 209.960
46.64000 211.461
46.65000 212.407
46.66000 212.281
46.67000 207.539
46.68000 202.268
46.69000 199.687
46.70000 204.849
46.71000 210.496
46.72000 214.259
46.73000 210.718
46.74000 207.957
46.75000 207.191
46.76000 209.017
46.77000 210.847
46.78000 208.932
46.79000 203.891
46.80000 198.915
46.81000 197.433
46.82000 197.874
46.83000 198.433
46.84000 201.178
46.85000 204.741
46.86000 207.346
46.87000 200.701
46.88000 191.732
46.89000 183.909
46.90000 187.658
46.91000 192.475
46.92000 196.583
46.93000 197.982
46.94000 199.116
46.95000 199.236
46.96000 196.753
46.97000 194.139
46.98000 192.469
46.99000 193.295
47.00000 193.929
47.01000 195.570
47.02000 198.367
47.03000 201.136
47.04000 198.717
47.05000 192.468
47.06000 186.336
47.07000 187.404
47.08000 191.859
47.09000 196.058
47.10000 196.424
47.11000 195.510
47.12000 194.558
47.13000 193.290
47.14000 191.952
47.15000 190.808
47.16000 191.514
47.17000 192.330
47.18000 192.544
47.19000 190.709
47.20000 188.704
47.21000 188.084
47.22000 190.638
47.23000 193.318
47.24000 194.952
47.25000 190.306
47.26000 186.935
47.27000 184.306
47.28000 182.423
47.29000 180.586
47.30000 182.961
47.31000 188.096
47.32000 193.098
47.33000 193.780
47.34000 192.615
47.35000 191.705
47.36000 193.954
47.37000 197.144
47.38000 199.696
47.39000 197.688
47.40000 194.783
47.41000 192.355
47.42000 186.066
47.43000 180.450
47.44000 177.546
47.45000 182.855
47.46000 188.726
47.47000 193.293
47.48000 195.187
47.49000 197.001
47.50000 198.053
47.51000 196.162
47.52000 194.823
47.53000 193.683
47.54000 192.718
47.55000 191.774
47.56000 191.959
47.57000 192.802
47.58000 193.616
47.59000 194.251
47.60000 194.783
47.61000 195.277
47.62000 195.379
47.63000 195.378
47.64000 195.023
47.65000 192.467
47.66000 189.529
47.67000 187.131
47.68000 188.640
47.69000 190.212
47.70000 191.659
47.71000 192.767
47.72000 193.857
47.73000 194.267
47.74000 193.438
47.75000 192.582
47.76000 192.113
47.77000 188.736
47.78000 186.424
47.79000 188.463
47.80000 193.895
47.81000 199.190
47.82000 198.997
47.83000 195.952
47.84000 193.039
47.85000 193.774
47.86000 195.652
47.87000 197.261
47.88000 196.478
47.89000 195.133
47.90000 193.402
47.91000 189.562
47.92000 185.404
47.93000 182.095
47.94000 186.588
47.95000 190.770
47.96000 193.283
47.97000 191.770
47.98000 190.080
47.99000 188.343
48.00000 186.532
48.01000 184.719
48.02000 183.783
48.03000 183.956
48.04000 184.063
48.05000 183.046
48.06000 181.254
48.07000 179.602
48.08000 182.094
48.09000 186.508
48.10000 190.684
48.11000 190.479
48.12000 189.026
48.13000 187.900
48.14000 189.268
48.15000 191.155
48.16000 192.217
48.17000 189.313
48.18000 185.890
48.19000 183.240
48.20000 183.864
48.21000 184.553
48.22000 184.936
48.23000 184.659
48.24000 184.360
48.25000 183.506
48.26000 181.850
48.27000 180.188
48.28000 182.157
48.29000 187.524
48.30000 192.863
48.31000 196.181
48.32000 198.258
48.33000 200.161
48.34000 198.123
48.35000 194.454
48.36000 191.023
48.37000 185.701
48.38000 180.390
48.39000 175.540
48.40000 173.741
48.41000 172.501
48.42000 171.227
48.43000 169.804
48.44000 168.364
48.45000 167.283
48.46000 170.549
48.47000 173.309
48.48000 176.932
48.49000 182.213
48.50000 187.535
48.51000 188.561
48.52000 184.079
48.53000 179.581
48.54000 178.118
48.55000 179.151
48.56000 180.163
48.57000 180.223
48.58000 179.762
48.59000 179.408
48.60000 180.991
48.61000 183.289
48.62000 185.409
48.63000 187.004
48.64000 188.316
48.65000 189.226
48.66000 187.806
48.67000 186.012
48.68000 185.096
48.69000 187.491
48.70000 190.203
48.71000 192.175
48.72000 189.722
48.73000 187.667
48.74000 186.815
48.75000 188.029
48.76000 189.277
48.77000 189.698
48.78000 189.182
48.79000 188.667
48.80000 186.963
48.81000 184.415
48.82000 181.952
48.83000 182.361
48.84000 184.172
48.85000 185.796
48.86000 184.703
48.87000 182.713
48.88000 180.905
48.89000 180.852
48.90000 181.147
48.91000 181.586
48.92000 182.766
48.93000 184.050
48.94000 184.334
48.95000 181.265
48.96000 177.924
48.97000 175.579
48.98000 182.360
48.99000 187.757
49.00000 188.640
49.01000 182.634
49.02000 176.555
49.03000 174.116
49.04000 175.288
49.05000 176.452
49.06000 178.050
49.07000 179.899
49.08000 181.656
49.09000 181.074
49.10000 179.472
49.11000 178.100
49.12000 179.504
49.13000 181.725
49.14000 183.710
49.15000 180.848
49.16000 177.535
49.17000 175.466
49.18000 178.978
49.19000 183.164
49.20000 186.369
49.21000 186.640
49.22000 186.714
49.23000 186.765
49.24000 183.706
49.25000 181.361
49.26000 180.516
49.27000 181.699
49.28000 182.891
49.29000 182.462
49.30000 180.619
49.31000 178.797
49.32000 179.845
49.33000 182.481
49.34000 185.049
49.35000 186.286
49.36000 187.004
49.37000 187.126
49.38000 181.155
49.39000 173.590
49.40000 166.949
49.41000 171.000
49.42000 176.045
49.43000 179.751
49.44000 178.132
49.45000 175.962
49.46000 174.896
49.47000 176.778
49.48000 178.819
49.49000 180.142
49.50000 170.689
49.51000 163.608
49.52000 162.564
49.53000 168.741
49.54000 174.913
49.55000 176.132
49.56000 173.540
49.57000 170.991
49.58000 168.418
49.59000 165.918
49.60000 163.781
49.61000 167.431
49.62000 173.092
49.63000 178.188
49.64000 178.365
49.65000 177.400
49.66000 176.570
49.67000 180.441
49.68000 184.312
49.69000 186.277
49.70000 181.507
49.71000 176.147
49.72000 173.623
49.73000 177.860
49.74000 182.389
49.75000 185.195
49.76000 182.046
49.77000 179.725
49.78000 179.294
49.79000 180.853
49.80000 182.389
49.81000 181.344
49.82000 178.538
49.83000 175.798
49.84000 176.189
49.85000 177.936
49.86000 179.458
49.87000 178.031
49.88000 175.691
49.89000 173.147
49.90000 169.080
49.91000 164.701
49.92000 161.010
49.93000 168.826
49.94000 176.589
49.95000 182.593
49.96000 183.059
49.97000 183.120
49.98000 182.002
49.99000 178.376
50.00000 174.668
50.01000 172.480
50.02000 182.150
50.03000 189.040
50.04000 189.486
50.05000 183.984
50.06000 178.534
50.07000 176.536
50.08000 176.633
50.09000 176.726
50.10000 180.600
50.11000 185.729
50.12000 190.213
50.13000 187.609
50.14000 183.051
50.15000 178.766
50.16000 176.262
50.17000 174.080
50.18000 172.283
50.19000 178.769
50.20000 184.860
50.21000 187.538
50.22000 180.631
50.23000 173.151
50.24000 169.921
50.25000 174.764
50.26000 179.801
50.27000 182.618
50.28000 180.023
50.29000 178.221
50.30000 179.322
50.31000 182.782
50.32000 186.237
50.33000 189.415
50.34000 192.444
50.35000 195.352
50.36000 200.144
50.37000 205.269
50.38000 209.757
50.39000 208.295
50.40000 205.377
50.41000 202.875
50.42000 202.747
50.43000 202.996
50.44000 203.195
50.45000 205.706
50.46000 207.917
50.47000 210.940
50.48000 215.998
50.49000 221.154
50.50000 225.853
50.51000 229.779
50.52000 233.692
50.53000 235.756
50.54000 234.129
50.55000 233.061
50.56000 237.836
50.57000 246.814
50.58000 255.599
50.59000 258.085
50.60000 257.537
50.61000 257.016
50.62000 260.675
50.63000 265.313
50.64000 269.789
50.65000 272.976
50.66000 275.883
50.67000 278.261
50.68000 277.983
50.69000 277.340
50.70000 276.838
50.71000 273.438
50.72000 270.542
50.73000 269.142
50.74000 271.091
50.75000 273.166
50.76000 272.550
50.77000 267.884
50.78000 263.177
50.79000 259.537
50.80000 256.943
50.81000 254.393
50.82000 255.569
50.83000 259.125
50.84000 262.296
50.85000 256.010
50.86000 245.655
50.87000 235.933
50.88000 233.773
50.89000 233.806
50.90000 232.971
50.91000 226.112
50.92000 218.101
50.93000 211.263
50.94000 209.624
50.95000 208.602
50.96000 207.827
50.97000 199.064
50.98000 191.768
50.99000 188.911
51.00000 194.930
51.01000 201.197
51.02000 203.320
51.03000 199.910
51.04000 196.473
51.05000 192.150
51.06000 187.075
51.07000 182.085
51.08000 181.663
51.09000 183.840
51.10000 185.671
51.11000 180.829
51.12000 173.421
51.13000 166.558
51.14000 171.071
51.15000 177.776
51.16000 183.562
51.17000 183.790
51.18000 183.084
51.19000 182.170
51.20000 180.439
51.21000 178.624
51.22000 177.290
51.23000 177.830
51.24000 178.325
51.25000 176.800
51.26000 171.673
51.27000 166.476
51.28000 165.793
51.29000 170.440
51.30000 175.083
51.31000 176.137
51.32000 174.477
51.33000 172.763
51.34000 169.061
51.35000 164.351
51.36000 160.027
51.37000 161.739
51.38000 165.521
51.39000 168.974
51.40000 171.017
51.41000 172.544
51.42000 173.505
51.43000 171.466
51.44000 168.987
51.45000 167.551
51.46000 169.757
51.47000 172.275
51.48000 174.064
51.49000 170.838
51.50000 168.222
51.51000 165.061
51.52000 161.035
51.53000 156.998
51.54000 156.567
51.55000 159.878
51.56000 163.171
51.57000 164.745
51.58000 165.157
51.59000 165.558
51.60000 165.670
51.61000 165.650
51.62000 165.748
51.63000 167.370
51.64000 169.458
51.65000 171.335
51.66000 170.656
51.67000 169.608
51.68000 168.510
51.69000 167.181
51.70000 165.823
51.71000 165.797
51.72000 169.914
51.73000 174.327
51.74000 177.348
51.75000 172.683
51.76000 169.007
51.77000 166.793
51.78000 166.640
51.79000 166.502
51.80000 165.903
51.81000 164.884
51.82000 163.875
51.83000 162.577
51.84000 161.137
51.85000 159.810
51.86000 160.900
51.87000 162.968
51.88000 164.894
51.89000 165.280
51.90000 165.247
51.91000 165.218
51.92000 166.598
51.93000 168.007
51.94000 168.869
51.95000 167.466
51.96000 165.816
51.97000 164.964
51.98000 166.324
51.99000 167.813
52.00000 168.792
52.01000 171.557
52.02000 173.623
52.03000 174.965
52.04000 175.403
52.05000 175.826
52.06000 171.746
52.07000 164.055
52.08000 156.478
52.09000 155.140
52.10000 157.072
52.11000 159.093
52.12000 162.657
52.13000 166.777
52.14000 170.098
52.15000 166.090
52.16000 160.309
52.17000 155.299
52.18000 151.980
52.19000 149.379
52.20000 149.518
52.21000 159.731
52.22000 170.879
52.23000 177.152
52.24000 171.352
52.25000 164.988
52.26000 160.983
52.27000 160.999
52.28000 161.056
52.29000 160.540
52.30000 159.393
52.31000 158.281
52.32000 162.072
52.33000 169.344
52.34000 176.463
52.35000 176.821
52.36000 174.072
52.37000 171.129
52.38000 165.456
52.39000 158.904
52.40000 153.581
52.41000 157.947
52.42000 164.387
52.43000 169.853
52.44000 169.732
52.45000 168.995
52.46000 168.487
52.47000 168.731
52.48000 169.033
52.49000 168.274
52.50000 165.167
52.51000 161.975
52.52000 160.059
52.53000 163.008
52.54000 165.136
52.55000 163.992
52.56000 159.694
52.57000 155.474
52.58000 157.501
52.59000 163.469
52.60000 169.268
52.61000 168.172
52.62000 164.348
52.63000 160.948
52.64000 162.510
52.65000 165.495
52.66000 168.048
52.67000 167.653
52.68000 166.701
52.69000 165.912
52.70000 166.677
52.71000 167.459
52.72000 167.435
52.73000 165.053
52.74000 162.520
52.75000 160.485
52.76000 159.433
52.77000 158.408
52.78000 157.823
52.79000 162.112
52.80000 165.112
52.81000 164.519
52.82000 160.879
52.83000 157.323
52.84000 158.063
52.85000 161.217
52.86000 164.254
52.87000 166.049
52.88000 167.292
52.89000 168.298
52.90000 166.983
52.91000 165.075
52.92000 163.060
52.93000 160.402
52.94000 157.637
52.95000 155.398
52.96000 158.305
52.97000 161.090
52.98000 161.943
52.99000 157.764
53.00000 153.324
53.01000 152.475
53.02000 157.952
53.03000 163.547
53.04000 166.559
53.05000 166.051
53.06000 165.699
53.07000 165.036
53.08000 164.140
53.09000 163.256
53.10000 162.803
53.11000 162.568
53.12000 162.343
53.13000 161.456
53.14000 160.425
53.15000 159.299
53.16000 157.367
53.17000 155.252
53.18000 154.182
53.19000 158.580
53.20000 163.768
53.21000 167.861
53.22000 167.741
53.23000 167.360
53.24000 166.945
53.25000 166.451
53.26000 165.954
53.27000 166.054
53.28000 167.093
53.29000 168.142
53.30000 168.673
53.31000 170.293
53.32000 171.353
53.33000 169.956
53.34000 166.925
53.35000 163.873
53.36000 160.244
53.37000 156.357
53.38000 152.692
53.39000 154.714
53.40000 158.139
53.41000 161.533
53.42000 164.702
53.43000 167.827
53.44000 169.640
53.45000 165.397
53.46000 160.397
53.47000 156.564
53.48000 156.598
53.49000 156.840
53.50000 157.493
53.51000 159.004
53.52000 160.542
53.53000 159.917
53.54000 156.284
53.55000 152.632
53.56000 153.910
53.57000 159.608
53.58000 165.208
53.59000 164.773
53.60000 160.769
53.61000 156.840
53.62000 154.453
53.63000 152.683
53.64000 151.034
53.65000 150.262
53.66000 149.776
53.67000 149.755
53.68000 152.681
53.69000 156.124
53.70000 158.176
53.71000 154.536
53.72000 150.286
53.73000 147.126
53.74000 151.753
53.75000 155.697
53.76000 158.926
53.77000 160.831
53.78000 162.707
53.79000 163.326
53.80000 162.397
53.81000 161.466
53.82000 159.636
53.83000 157.107
53.84000 154.629
53.85000 154.270
53.86000 155.028
53.87000 155.930
53.88000 159.240
53.89000 163.409
53.90000 167.236
53.91000 161.665
53.92000 154.696
53.93000 149.120
53.94000 151.269
53.95000 154.604
53.96000 156.891
53.97000 155.371
53.98000 153.504
53.99000 152.162
54.00000 154.543
54.01000 156.495
54.02000 157.978
54.03000 158.687
54.04000 159.384
54.05000 158.771
54.06000 156.737
54.07000 154.711
54.08000 152.252
54.09000 149.517
54.10000 146.927
54.11000 148.759
54.12000 152.671
54.13000 156.327
54.14000 156.493
54.15000 155.548
54.16000 154.694
54.17000 152.245
54.18000 149.795
54.19000 148.186
54.20000 150.685
54.21000 153.732
54.22000 155.751
54.23000 154.444
54.24000 152.883
54.25000 151.800
54.26000 150.112
54.27000 148.825
54.28000 149.829
54.29000 154.194
54.30000 158.589
54.31000 157.864
54.32000 152.269
54.33000 146.720
54.34000 146.199
54.35000 148.763
54.36000 151.238
54.37000 151.662
54.38000 151.223
54.39000 150.883
54.40000 151.664
54.41000 152.762
54.42000 153.738
54.43000 152.596
54.44000 151.263
54.45000 150.640
54.46000 153.082
54.47000 155.876
54.48000 157.913
54.49000 157.770
54.50000 157.489
54.51000 157.302
54.52000 155.064
54.53000 153.368
54.54000 153.575
54.55000 156.258
54.56000 158.951
54.57000 161.194
54.58000 163.059
54.59000 164.900
54.60000 161.663
54.61000 155.769
54.62000 150.198
54.63000 150.575
54.64000 153.183
54.65000 155.539
54.66000 155.455
54.67000 154.756
54.68000 154.147
54.69000 155.892
54.70000 157.713
54.71000 158.970
54.72000 158.069
54.73000 156.957
54.74000 156.803
54.75000 159.117
54.76000 161.556
54.77000 163.114
54.78000 168.826
54.79000 173.038
54.80000 173.832
54.81000 170.701
54.82000 167.566
54.83000 164.624
54.84000 161.826
54.85000 159.080
54.86000 158.595
54.87000 159.204
54.88000 159.650
54.89000 157.632
54.90000 154.790
54.91000 152.571
54.92000 155.511
54.93000 159.603
54.94000 163.102
54.95000 160.642
54.96000 157.853
54.97000 156.537
54.98000 160.231
54.99000 164.340
55.00000 167.148
55.01000 166.970
55.02000 166.673
55.03000 166.492
55.04000 168.142
55.05000 169.336
55.06000 168.736
55.07000 166.326
55.08000 163.892
55.09000 159.207
55.10000 153.045
55.11000 147.041
55.12000 151.828
55.13000 160.936
55.14000 169.363
55.15000 169.346
55.16000 166.810
55.17000 164.096
55.18000 160.109
55.19000 155.870
55.20000 152.325
55.21000 154.902
55.22000 157.669
55.23000 159.738
55.24000 159.688
55.25000 159.493
55.26000 160.544
55.27000 164.152
55.28000 167.837
55.29000 169.975
55.30000 167.104
55.31000 165.070
55.32000 166.551
55.33000 171.142
55.34000 175.668
55.35000 176.404
55.36000 174.926
55.37000 173.498
55.38000 174.394
55.39000 176.103
55.40000 177.780
55.41000 179.121
55.42000 180.372
55.43000 181.604
55.44000 182.720
55.45000 183.817
55.46000 184.712
55.47000 187.915
55.48000 190.735
55.49000 193.421
55.50000 195.746
55.51000 198.049
55.52000 200.784
55.53000 204.309
55.54000 207.851
55.55000 209.795
55.56000 213.516
55.57000 216.085
55.58000 220.141
55.59000 225.358
55.60000 230.639
55.61000 238.480
55.62000 247.654
55.63000 256.431
55.64000 265.829
55.65000 274.786
55.66000 283.707
55.67000 292.315
55.68000 300.849
55.69000 309.838
55.70000 321.317
55.71000 333.173
55.72000 342.613
55.73000 361.683
55.74000 377.753
55.75000 395.283
55.76000 416.341
55.77000 437.556
55.78000 457.674
55.79000 476.003
55.80000 494.306
55.81000 503.768
55.82000 540.946
55.83000 565.958
55.84000 583.959
55.85000 597.110
55.86000 609.938
55.87000 613.246
55.88000 612.132
55.89000 611.078
55.90000 618.535
55.91000 627.854
55.92000 636.406
55.93000 639.108
55.94000 640.591
55.95000 641.916
55.96000 642.479
55.97000 642.941
55.98000 643.300
55.99000 629.075
56.00000 616.914
56.01000 604.169
56.02000 590.164
56.03000 576.115
56.04000 561.235
56.05000 545.150
56.06000 529.057
56.07000 512.390
56.08000 495.191
56.09000 478.034
56.10000 463.948
56.11000 451.749
56.12000 439.439
56.13000 424.611
56.14000 408.737
56.15000 393.896
56.16000 376.454
56.17000 359.958
56.18000 344.424
56.19000 335.268
56.20000 327.283
56.21000 317.771
56.22000 301.756
56.23000 285.005
56.24000 272.419
56.25000 262.086
56.26000 254.116
56.27000 245.409
56.28000 235.282
56.29000 225.119
56.30000 219.017
56.31000 218.131
56.32000 217.266
56.33000 212.008
56.34000 203.152
56.35000 194.392
56.36000 190.162
56.37000 188.415
56.38000 186.810
56.39000 187.774
56.40000 189.690
56.41000 191.457
56.42000 188.847
56.43000 185.534
56.44000 182.392
56.45000 180.243
56.46000 178.255
56.47000 176.225
56.48000 174.038
56.49000 171.836
56.50000 170.235
56.51000 168.833
56.52000 167.762
56.53000 167.114
56.54000 167.192
56.55000 167.283
56.56000 167.484
56.57000 167.812
56.58000 168.139
56.59000 167.768
56.60000 166.896
56.61000 165.990
56.62000 163.969
56.63000 161.403
56.64000 159.029
56.65000 159.466
56.66000 160.831
56.67000 162.072
56.68000 160.536
56.69000 158.638
56.70000 157.087
56.71000 157.308
56.72000 157.778
56.73000 158.206
56.74000 158.499
56.75000 158.780
56.76000 158.978
56.77000 148.989
56.78000 141.129
56.79000 139.720
56.80000 148.170
56.81000 156.726
56.82000 157.343
56.83000 150.066
56.84000 142.837
56.85000 143.825
56.86000 150.042
56.87000 156.017
56.88000 155.845
56.89000 152.990
56.90000 150.372
56.91000 150.615
56.92000 151.701
56.93000 152.672
56.94000 155.895
56.95000 159.085
56.96000 160.619
56.97000 154.711
56.98000 147.903
56.99000 143.191
57.00000 144.762
57.01000 146.756
57.02000 148.104
57.03000 143.686
57.04000 140.272
57.05000 139.937
57.06000 143.776
57.07000 147.636
57.08000 149.757
57.09000 150.360
57.10000 150.956
57.11000 150.027
57.12000 148.262
57.13000 146.525
57.14000 145.370
57.15000 144.441
57.16000 143.841
57.17000 146.597
57.18000 150.234
57.19000 153.427
57.20000 150.041
57.21000 146.166
57.22000 142.509
57.23000 139.722
57.24000 137.024
57.25000 136.386
57.26000 141.257
57.27000 146.428
57.28000 149.782
57.29000 151.149
57.30000 152.120
57.31000 151.007
57.32000 147.395
57.33000 143.781
57.34000 140.785
57.35000 138.266
57.36000 135.789
57.37000 135.321
57.38000 135.867
57.39000 136.630
57.40000 140.868
57.41000 146.315
57.42000 150.911
57.43000 148.079
57.44000 143.520
57.45000 139.595
57.46000 142.665
57.47000 146.150
57.48000 148.673
57.49000 147.788
57.50000 146.603
57.51000 145.416
57.52000 144.220
57.53000 143.023
57.54000 142.281
57.55000 147.165
57.56000 150.732
57.57000 152.097
57.58000 151.139
57.59000 150.177
57.60000 148.885
57.61000 147.368
57.62000 145.885
57.63000 143.377
57.64000 140.525
57.65000 138.008
57.66000 139.901
57.67000 143.162
57.68000 146.233
57.69000 147.879
57.70000 149.232
57.71000 150.373
57.72000 147.111
57.73000 143.912
57.74000 141.513
57.75000 141.638
57.76000 141.947
57.77000 140.832
57.78000 136.677
57.79000 132.421
57.80000 129.909
57.81000 131.390
57.82000 132.459
57.83000 136.284
57.84000 142.658
57.85000 148.911
57.86000 146.907
57.87000 139.888
57.88000 133.087
57.89000 133.905
57.90000 137.635
57.91000 141.251
57.92000 143.621
57.93000 145.647
57.94000 147.211
57.95000 145.757
57.96000 143.757
57.97000 142.110
57.98000 141.456
57.99000 141.009
58.00000 140.798
58.01000 141.252
58.02000 141.746
58.03000 141.567
58.04000 140.105
58.05000 138.612
58.06000 137.777
58.07000 135.275
58.08000 133.545
58.09000 134.692
58.10000 138.183
58.11000 141.577
58.12000 140.622
58.13000 137.312
58.14000 134.135
58.15000 135.397
58.16000 138.096
58.17000 140.571
58.18000 140.954
58.19000 140.824
58.20000 140.191
58.21000 136.680
58.22000 132.714
58.23000 129.527
58.24000 133.542
58.25000 137.348
58.26000 139.768
58.27000 138.707
58.28000 137.478
58.29000 138.246
58.30000 142.398
58.31000 146.606
58.32000 148.828
58.33000 143.721
58.34000 140.250
58.35000 136.912
58.36000 133.669
58.37000 130.451
58.38000 128.024
58.39000 125.979
58.40000 124.036
58.41000 129.977
58.42000 137.843
58.43000 144.557
58.44000 142.024
58.45000 137.483
58.46000 133.578
58.47000 132.871
58.48000 132.604
58.49000 132.396
58.50000 137.943
58.51000 142.735
58.52000 145.401
58.53000 143.294
58.54000 141.008
58.55000 138.999
58.56000 137.407
58.57000 135.820
58.58000 136.543
58.59000 139.532
58.60000 142.492
58.61000 142.994
58.62000 141.923
58.63000 140.847
58.64000 139.648
58.65000 138.396
58.66000 137.221
58.67000 141.556
58.68000 146.972
58.69000 151.491
58.70000 149.775
58.71000 146.865
58.72000 144.218
58.73000 142.744
58.74000 141.409
58.75000 140.396
58.76000 140.389
58.77000 140.436
58.78000 139.824
58.79000 137.893
58.80000 135.926
58.81000 132.765
58.82000 128.005
58.83000 123.240
58.84000 123.500
58.85000 128.078
58.86000 132.641
58.87000 136.389
58.88000 139.673
58.89000 142.672
58.90000 140.158
58.91000 135.523
58.92000 131.227
58.93000 132.217
58.94000 134.340
58.95000 136.142
58.96000 135.999
58.97000 135.528
58.98000 135.463
58.99000 136.988
59.00000 138.676
59.01000 139.918
59.02000 137.706
59.03000 135.851
59.04000 135.701
59.05000 138.594
59.06000 141.547
59.07000 140.979
59.08000 136.246
59.09000 131.519
59.10000 132.050
59.11000 136.553
59.12000 140.960
59.13000 141.770
59.14000 140.753
59.15000 139.758
59.16000 139.110
59.17000 138.582
59.18000 138.099
59.19000 138.474
59.20000 138.982
59.21000 139.015
59.22000 136.521
59.23000 133.656
59.24000 132.145
59.25000 135.371
59.26000 139.005
59.27000 141.589
59.28000 138.491
59.29000 135.950
59.30000 134.204
59.31000 133.722
59.32000 133.256
59.33000 132.534
59.34000 131.548
59.35000 130.567
59.36000 130.636
59.37000 131.403
59.38000 132.103
59.39000 130.925
59.40000 128.896
59.41000 127.062
59.42000 127.739
59.43000 129.186
59.44000 130.487
59.45000 131.690
59.46000 132.727
59.47000 133.694
59.48000 134.338
59.49000 134.941
59.50000 135.016
59.51000 133.449
59.52000 131.764
59.53000 130.610
59.54000 132.950
59.55000 134.787
59.56000 134.884
59.57000 132.525
59.58000 130.150
59.59000 131.660
59.60000 136.714
59.61000 141.720
59.62000 143.343
59.63000 142.947
59.64000 142.715
59.65000 146.034
59.66000 150.790
59.67000 154.574
59.68000 147.837
59.69000 138.231
59.70000 129.743
59.71000 131.647
59.72000 134.893
59.73000 136.662
59.74000 132.311
59.75000 127.290
59.76000 125.476
59.77000 132.571
59.78000 140.190
59.79000 145.202
59.80000 137.091
59.81000 130.893
59.82000 127.659
59.83000 128.132
59.84000 128.625
59.85000 132.034
59.86000 137.786
59.87000 143.453
59.88000 143.857
59.89000 141.520
59.90000 139.278
59.91000 138.674
59.92000 138.662
59.93000 138.455
59.94000 136.445
59.95000 133.998
59.96000 131.878
59.97000 135.666
59.98000 139.677
59.99000 142.379
60.00000 140.259
60.01000 137.691
60.02000 135.870
60.03000 135.904
60.04000 136.024
60.05000 136.100
60.06000 131.091
60.07000 127.407
60.08000 128.184
60.09000 133.875
60.10000 139.539
60.11000 140.910
60.12000 139.228
60.13000 137.581
60.14000 136.305
60.15000 135.249
60.16000 134.283
60.17000 134.572
60.18000 135.267
60.19000 135.662
60.20000 133.692
60.21000 131.215
60.22000 129.112
60.23000 128.672
60.24000 128.492
60.25000 129.131
60.26000 132.457
60.27000 135.993
60.28000 137.814
60.29000 135.838
60.30000 133.723
60.31000 132.453
60.32000 136.353
60.33000 139.160
60.34000 138.371
60.35000 134.108
60.36000 129.867
60.37000 127.468
60.38000 126.233
60.39000 125.033
60.40000 130.900
60.41000 139.335
60.42000 147.146
60.43000 147.680
60.44000 146.124
60.45000 144.249
60.46000 140.198
60.47000 135.737
60.48000 132.032
60.49000 130.659
60.50000 129.749
60.51000 128.967
60.52000 128.553
60.53000 128.163
60.54000 130.174
60.55000 136.932
60.56000 143.818
60.57000 147.745
60.58000 146.712
60.59000 145.973
60.60000 144.082
60.61000 141.213
60.62000 138.339
60.63000 135.228
60.64000 131.982
60.65000 128.856
60.66000 133.056
60.67000 139.616
60.68000 145.362
60.69000 143.068
60.70000 138.720
60.71000 134.796
60.72000 133.407
60.73000 132.438
60.74000 131.653
60.75000 130.397
60.76000 129.336
60.77000 128.567
60.78000 128.560
60.79000 128.593
60.80000 130.080
60.81000 134.134
60.82000 138.236
60.83000 140.446
60.84000 138.599
60.85000 137.332
60.86000 136.105
60.87000 134.908
60.88000 133.711
60.89000 132.517
60.90000 131.325
60.91000 130.188
60.92000 131.185
60.93000 132.781
60.94000 134.352
60.95000 135.714
60.96000 137.027
60.97000 137.991
60.98000 137.117
60.99000 135.977
61.00000 135.077
61.01000 134.135
61.02000 133.377
61.03000 132.591
61.04000 131.741
61.05000 130.889
61.06000 130.889
61.07000 132.228
61.08000 133.582
61.09000 134.268
61.10000 134.632
61.11000 134.845
61.12000 132.029
61.13000 127.195
61.14000 122.619
61.15000 125.012
61.16000 130.525
61.17000 135.723
61.18000 133.231
61.19000 128.817
61.20000 125.496
61.21000 130.149
61.22000 136.397
61.23000 141.187
61.24000 139.233
61.25000 136.434
61.26000 134.286
61.27000 132.402
61.28000 130.927
61.29000 130.987
61.30000 134.240
61.31000 137.593
61.32000 139.255
61.33000 138.560
61.34000 137.851
61.35000 136.250
61.36000 133.851
61.37000 131.521
61.38000 133.405
61.39000 137.785
61.40000 141.979
61.41000 142.284
61.42000 141.032
61.43000 139.867
61.44000 140.742
61.45000 142.030
61.46000 142.954
61.47000 141.574
61.48000 139.788
61.49000 140.388
61.50000 150.759
61.51000 162.180
61.52000 170.675
61.53000 179.823
61.54000 186.967
61.55000 195.333
61.56000 205.968
61.57000 216.653
61.58000 228.833
61.59000 242.857
61.60000 256.860
61.61000 267.193
61.62000 274.581
61.63000 281.800
61.64000 281.961
61.65000 278.396
61.66000 275.323
61.67000 280.530
61.68000 288.694
61.69000 296.188
61.70000 303.552
61.71000 310.092
61.72000 314.808
61.73000 309.391
61.74000 302.414
61.75000 296.253
61.76000 293.058
61.77000 290.133
61.78000 288.030
61.79000 268.096
61.80000 252.213
61.81000 235.717
61.82000 218.208
61.83000 200.683
61.84000 189.623
61.85000 185.589
61.86000 181.575
61.87000 175.841
61.88000 168.970
61.89000 162.115
61.90000 155.729
61.91000 149.563
61.92000 143.851
61.93000 144.378
61.94000 146.892
61.95000 149.165
61.96000 148.257
61.97000 146.865
61.98000 145.555
61.99000 144.644
62.00000 143.786
62.01000 141.874
62.02000 136.546
62.03000 130.957
62.04000 127.080
62.05000 129.965
62.06000 132.318
62.07000 133.028
62.08000 131.320
62.09000 129.592
62.10000 131.726
62.11000 137.540
62.12000 143.308
62.13000 144.247
62.14000 142.212
62.15000 140.255
62.16000 140.139
62.17000 140.796
62.18000 141.707
62.19000 145.521
62.20000 150.159
62.21000 154.282
62.22000 148.282
62.23000 141.437
62.24000 136.341
62.25000 138.801
62.26000 142.131
62.27000 145.001
62.28000 146.545
62.29000 148.005
62.30000 148.979
62.31000 145.326
62.32000 142.531
62.33000 141.942
62.34000 144.228
62.35000 146.527
62.36000 148.818
62.37000 151.102
62.38000 153.357
62.39000 151.867
62.40000 148.389
62.41000 145.010
62.42000 143.445
62.43000 142.561
62.44000 142.201
62.45000 146.917
62.46000 152.915
62.47000 158.148
62.48000 149.000
62.49000 139.162
62.50000 132.782
62.51000 139.651
62.52000 147.824
62.53000 152.701
62.54000 149.082
62.55000 145.031
62.56000 142.441
62.57000 143.913
62.58000 145.039
62.59000 145.065
62.60000 143.826
62.61000 142.589
62.62000 142.102
62.63000 142.170
62.64000 142.237
62.65000 146.193
62.66000 151.863
62.67000 156.987
62.68000 153.911
62.69000 148.086
62.70000 143.256
62.71000 146.698
62.72000 151.990
62.73000 156.515
62.74000 152.339
62.75000 147.772
62.76000 144.218
62.77000 144.116
62.78000 144.301
62.79000 144.667
62.80000 145.454
62.81000 146.257
62.82000 146.747
62.83000 141.367
62.84000 137.472
62.85000 138.625
62.86000 144.880
62.87000 151.079
62.88000 151.886
62.89000 149.150
62.90000 146.484
62.91000 147.480
62.92000 149.976
62.93000 152.164
62.94000 150.525
62.95000 147.742
62.96000 145.355
62.97000 145.813
62.98000 146.833
62.99000 147.686
63.00000 153.891
63.01000 159.595
63.02000 163.179
63.03000 160.321
63.04000 157.020
63.05000 152.772
63.06000 146.579
63.07000 140.328
63.08000 136.698
63.09000 142.301
63.10000 146.274
63.11000 149.042
63.12000 150.742
63.13000 152.417
63.14000 152.560
63.15000 151.808
63.16000 151.081
63.17000 149.950
63.18000 148.733
63.19000 147.812
63.20000 149.980
63.21000 152.968
63.22000 155.280
63.23000 153.359
63.24000 150.704
63.25000 148.535
63.26000 147.917
63.27000 147.546
63.28000 147.556
63.29000 148.602
63.30000 149.707
63.31000 149.652
63.32000 147.474
63.33000 145.249
63.34000 144.027
63.35000 148.806
63.36000 152.095
63.37000 152.431
63.38000 150.456
63.39000 148.537
63.40000 148.867
63.41000 150.370
63.42000 151.808
63.43000 150.919
63.44000 149.326
63.45000 147.947
63.46000 148.477
63.47000 149.457
63.48000 150.084
63.49000 148.780
63.50000 147.184
63.51000 145.912
63.52000 152.006
63.53000 157.452
63.54000 160.804
63.55000 159.083
63.56000 157.137
63.57000 154.834
63.58000 151.948
63.59000 149.055
63.60000 147.558
63.61000 147.765
63.62000 147.918
63.63000 149.650
63.64000 152.479
63.65000 155.354
63.66000 159.630
63.67000 164.558
63.68000 169.222
63.69000 165.723
63.70000 160.141
63.71000 154.920
63.72000 152.464
63.73000 150.586
63.74000 149.639
63.75000 153.183
63.76000 157.318
63.77000 160.521
63.78000 161.498
63.79000 162.142
63.80000 161.886
63.81000 159.685
63.82000 157.417
63.83000 156.155
63.84000 156.352
63.85000 156.561
63.86000 154.770
63.87000 151.102
63.88000 147.504
63.89000 149.047
63.90000 153.757
63.91000 158.261
63.92000 158.095
63.93000 155.988
63.94000 154.018
63.95000 154.237
63.96000 154.993
63.97000 155.543
63.98000 154.726
63.99000 153.657
64.00000 153.666
64.01000 158.276
64.02000 163.407
64.03000 167.264
64.04000 164.148
64.05000 161.375
64.06000 160.616
64.07000 163.743
64.08000 166.967
64.09000 166.303
64.10000 160.638
64.11000 154.959
64.12000 151.572
64.13000 150.084
64.14000 148.634
64.15000 148.946
64.16000 150.225
64.17000 151.642
64.18000 155.574
64.19000 160.438
64.20000 164.926
64.21000 167.313
64.22000 168.983
64.23000 170.203
64.24000 168.808
64.25000 166.993
64.26000 165.504
64.27000 165.249
64.28000 165.114
64.29000 165.016
64.30000 169.917
64.31000 173.880
64.32000 174.483
64.33000 169.307
64.34000 164.031
64.35000 162.561
64.36000 165.413
64.37000 168.260
64.38000 167.731
64.39000 164.758
64.40000 161.945
64.41000 164.581
64.42000 169.883
64.43000 174.716
64.44000 172.646
64.45000 168.291
64.46000 164.332
64.47000 165.336
64.48000 167.190
64.49000 168.771
64.50000 168.961
64.51000 168.956
64.52000 170.313
64.53000 176.256
64.54000 182.572
64.55000 187.009
64.56000 181.664
64.57000 177.329
64.58000 175.829
64.59000 178.668
64.60000 181.554
64.61000 179.902
64.62000 173.728
64.63000 167.596
64.64000 164.425
64.65000 163.195
64.66000 162.036
64.67000 162.702
64.68000 164.166
64.69000 165.564
64.70000 166.162
64.71000 166.523
64.72000 166.847
64.73000 170.856
64.74000 174.976
64.75000 178.578
64.76000 179.841
64.77000 180.821
64.78000 180.749
64.79000 177.520
64.80000 174.079
64.81000 171.752
64.82000 178.515
64.83000 183.749
64.84000 185.843
64.85000 183.670
64.86000 181.479
64.87000 184.557
64.88000 192.246
64.89000 199.850
64.90000 199.554
64.91000 194.809
64.92000 190.189
64.93000 188.082
64.94000 186.956
64.95000 185.813
64.96000 184.509
64.97000 183.162
64.98000 181.979
64.99000 188.898
65.00000 196.036
65.01000 202.313
65.02000 205.152
65.03000 207.635
65.04000 209.402
65.05000 209.251
65.06000 208.995
65.07000 208.828
65.08000 212.576
65.09000 215.379
65.10000 216.762
65.11000 216.437
65.12000 216.113
65.13000 216.946
65.14000 218.674
65.15000 220.373
65.16000 222.953
65.17000 225.889
65.18000 228.943
65.19000 233.906
65.20000 239.534
65.21000 245.166
65.22000 250.828
65.23000 256.498
65.24000 261.381
65.25000 262.549
65.26000 263.069
65.27000 264.523
65.28000 269.294
65.29000 274.356
65.30000 280.246
65.31000 288.116
65.32000 296.071
65.33000 301.007
65.34000 314.066
65.35000 323.541
65.36000 329.808
65.37000 332.685
65.38000 335.593
65.39000 342.291
65.40000 351.582
65.41000 360.657
65.42000 367.417
65.43000 372.869
65.44000 378.633
65.45000 388.527
65.46000 399.703
65.47000 409.913
65.48000 412.847
65.49000 414.283
65.50000 415.493
65.51000 418.220
65.52000 420.660
65.53000 424.759
65.54000 434.094
65.55000 443.814
65.56000 450.583
65.57000 451.046
65.58000 451.300
65.59000 451.450
65.60000 455.542
65.61000 458.455
65.62000 460.853
65.63000 462.774
65.64000 464.793
65.65000 473.494
65.66000 486.262
65.67000 498.633
65.68000 523.484
65.69000 551.857
65.70000 581.321
65.71000 622.858
65.72000 667.735
65.73000 714.311
65.74000 772.003
65.75000 831.713
65.76000 880.909
65.77000 938.371
65.78000 986.410
65.79000 1035.361
65.80000 1086.882
65.81000 1138.558
65.82000 1177.413
65.83000 1191.825
65.84000 1205.645
65.85000 1213.387
65.86000 1232.589
65.87000 1245.911
65.88000 1253.538
65.89000 1256.518
65.90000 1259.275
65.91000 1251.902
65.92000 1239.038
65.93000 1226.686
65.94000 1174.340
65.95000 1111.660
65.96000 1047.787
65.97000 972.722
65.98000 894.905
65.99000 819.105
66.00000 754.844
66.01000 692.415
66.02000 642.248
66.03000 581.873
66.04000 532.149
66.05000 483.910
66.06000 439.408
66.07000 395.087
66.08000 364.922
66.09000 358.810
66.10000 353.097
66.11000 350.078
66.12000 335.570
66.13000 325.731
66.14000 319.193
66.15000 315.037
66.16000 310.822
66.17000 304.693
66.18000 297.639
66.19000 290.937
66.20000 301.879
66.21000 317.320
66.22000 330.935
66.23000 329.853
66.24000 325.573
66.25000 324.063
66.26000 336.496
66.27000 350.856
66.28000 362.088
66.29000 375.504
66.30000 386.354
66.31000 397.168
66.32000 407.902
66.33000 418.632
66.34000 424.248
66.35000 422.132
66.36000 419.937
66.37000 427.572
66.38000 444.860
66.39000 462.054
66.40000 471.248
66.41000 475.313
66.42000 479.311
66.43000 481.636
66.44000 483.240
66.45000 484.746
66.46000 485.193
66.47000 485.320
66.48000 484.659
66.49000 478.517
66.50000 471.322
66.51000 461.682
66.52000 441.176
66.53000 419.374
66.54000 402.812
66.55000 391.189
66.56000 382.309
66.57000 373.398
66.58000 364.426
66.59000 355.452
66.60000 347.791
66.61000 341.888
66.62000 335.998
66.63000 334.038
66.64000 335.466
66.65000 336.836
66.66000 335.015
66.67000 331.375
66.68000 327.687
66.69000 323.066
66.70000 318.086
66.71000 313.469
66.72000 313.935
66.73000 315.539
66.74000 317.608
66.75000 322.493
66.76000 327.853
66.77000 332.532
66.78000 334.528
66.79000 336.249
66.80000 337.516
66.81000 337.938
66.82000 338.229
66.83000 339.566
66.84000 342.773
66.85000 346.017
66.86000 347.299
66.87000 346.256
66.88000 345.212
66.89000 343.614
66.90000 341.606
66.91000 339.655
66.92000 339.850
66.93000 341.136
66.94000 342.736
66.95000 349.254
66.96000 357.466
66.97000 364.969
66.98000 357.516
66.99000 347.843
67.00000 340.087
67.01000 342.541
67.02000 346.498
67.03000 351.644
67.04000 360.958
67.05000 370.632
67.06000 377.512
67.07000 377.766
67.08000 377.746
67.09000 377.855
67.10000 378.170
67.11000 378.487
67.12000 382.445
67.13000 390.199
67.14000 397.910
67.15000 398.954
67.16000 395.536
67.17000 392.049
67.18000 386.633
67.19000 380.342
67.20000 374.764
67.21000 378.430
67.22000 384.934
67.23000 390.782
67.24000 402.557
67.25000 413.927
67.26000 422.626
67.27000 418.784
67.28000 413.342
67.29000 408.054
67.30000 403.243
67.31000 398.467
67.32000 395.194
67.33000 400.690
67.34000 405.019
67.35000 411.044
67.36000 419.468
67.37000 427.907
67.38000 430.621
67.39000 428.104
67.40000 425.611
67.41000 427.829
67.42000 432.774
67.43000 437.558
67.44000 438.850
67.45000 438.727
67.46000 438.064
67.47000 431.540
67.48000 423.416
67.49000 416.236
67.50000 421.385
67.51000 427.738
67.52000 435.498
67.53000 449.111
67.54000 463.366
67.55000 472.655
67.56000 468.122
67.57000 462.776
67.58000 459.256
67.59000 465.420
67.60000 470.126
67.61000 472.146
67.62000 470.799
67.63000 469.441
67.64000 467.761
67.65000 465.822
67.66000 463.912
67.67000 469.786
67.68000 479.532
67.69000 488.947
67.70000 492.671
67.71000 494.334
67.72000 495.896
67.73000 496.535
67.74000 496.949
67.75000 497.309
67.76000 495.922
67.77000 494.507
67.78000 494.187
67.79000 497.904
67.80000 501.996
67.81000 505.430
67.82000 507.226
67.83000 508.944
67.84000 510.027
67.85000 503.577
67.86000 498.822
67.87000 498.698
67.88000 503.689
67.89000 508.691
67.90000 514.826
67.91000 521.768
67.92000 528.565
67.93000 529.795
67.94000 528.422
67.95000 527.533
67.96000 533.452
67.97000 541.572
67.98000 549.445
67.99000 555.374
68.00000 560.885
68.01000 565.566
68.02000 567.825
68.03000 569.443
68.04000 570.982
68.05000 572.257
68.06000 573.510
68.07000 575.081
68.08000 577.353
68.09000 579.651
68.10000 581.032
68.11000 581.195
68.12000 581.303
68.13000 584.988
68.14000 592.137
68.15000 599.254
68.16000 603.786
68.17000 606.681
68.18000 609.495
68.19000 615.742
68.20000 623.069
68.21000 630.336
68.22000 636.898
68.23000 643.256
68.24000 649.134
68.25000 651.711
68.26000 653.663
68.27000 655.285
68.28000 661.798
68.29000 667.659
68.30000 672.084
68.31000 672.300
68.32000 672.245
68.33000 678.157
68.34000 695.894
68.35000 713.952
68.36000 724.258
68.37000 720.005
68.38000 717.000
68.39000 720.130
68.40000 728.484
68.41000 736.739
68.42000 739.815
68.43000 739.974
68.44000 740.126
68.45000 757.170
68.46000 779.222
68.47000 800.317
68.48000 811.945
68.49000 821.150
68.50000 830.075
68.51000 837.318
68.52000 844.281
68.53000 849.925
68.54000 887.710
68.55000 921.122
68.56000 951.171
68.57000 972.428
68.58000 993.227
68.59000 1017.768
68.60000 1048.924
68.61000 1080.205
68.62000 1097.075
68.63000 1161.147
68.64000 1205.038
68.65000 1253.067
68.66000 1304.208
68.67000 1355.678
68.68000 1419.112
68.69000 1488.560
68.70000 1554.791
68.71000 1621.861
68.72000 1684.355
68.73000 1746.979
68.74000 1810.707
68.75000 1874.685
68.76000 1936.352
68.77000 1985.881
68.78000 2033.648
68.79000 2071.363
68.80000 2152.229
68.81000 2220.058
68.82000 2298.484
68.83000 2401.649
68.84000 2505.829
68.85000 2611.597
68.86000 2719.863
68.87000 2828.159
68.88000 2883.040
68.89000 3305.786
68.90000 3591.897
68.91000 4184.774
68.92000 4982.286
68.93000 5816.132
68.94000 7635.125
68.95000 9896.056
68.96000 12028.105
68.97000 16233.560
68.98000 20662.031
68.99000 25271.994
69.00000 31207.750
69.01000 37409.281
69.02000 43481.813
69.03000 48956.664
69.04000 54356.449
69.05000 58500.121
69.06000 62350.953
69.07000 65377.762
69.08000 67715.609
69.09000 68617.391
69.10000 69474.430
69.11000 70003.625
69.12000 70074.938
69.13000 70143.141
69.14000 70688.016
69.15000 71661.453
69.16000 72630.789
69.17000 73344.898
69.18000 73907.602
69.19000 74407.633
69.20000 73588.625
69.21000 72241.164
69.22000 70986.414
69.23000 67440.313
69.24000 63674.926
69.25000 59927.645
69.26000 56295.387
69.27000 52683.406
69.28000 49206.207
69.29000 46281.918
69.30000 43417.234
69.31000 41285.633
69.32000 39341.465
69.33000 37837.309
69.34000 36613.496
69.35000 35911.059
69.36000 35220.344
69.37000 34316.457
69.38000 33149.086
69.39000 31983.082
69.40000 30042.785
69.41000 27499.117
69.42000 24947.861
69.43000 22076.219
69.44000 19035.170
69.45000 16024.780
69.46000 13530.803
69.47000 11221.548
69.48000 9101.013
69.49000 7383.662
69.50000 5937.657
69.51000 4601.554
69.52000 3876.939
69.53000 3246.649
69.54000 2697.182
69.55000 2442.200
69.56000 2214.173
69.57000 2050.061
69.58000 1899.654
69.59000 1784.971
69.60000 1691.093
69.61000 1631.692
69.62000 1572.810
69.63000 1506.988
69.64000 1433.608
69.65000 1360.544
69.66000 1308.735
69.67000 1272.260
69.68000 1235.730
69.69000 1197.502
69.70000 1158.473
69.71000 1120.952
69.72000 1104.238
69.73000 1094.163
69.74000 1085.053
69.75000 1051.885
69.76000 1018.209
69.77000 989.042
69.78000 981.959
69.79000 977.835
69.80000 969.328
69.81000 946.600
69.82000 922.781
69.83000 906.246
69.84000 878.262
69.85000 856.875
69.86000 842.374
69.87000 838.018
69.88000 833.752
69.89000 823.426
69.90000 807.312
69.91000 791.328
69.92000 783.369
69.93000 780.477
69.94000 777.354
69.95000 768.795
69.96000 757.947
69.97000 747.959
69.98000 747.873
69.99000 750.602
70.00000 753.028
