20.00000 569.223
20.01000 574.070
20.02000 579.610
20.03000 582.662
20.04000 576.018
20.05000 568.398
20.06000 562.807
20.07000 567.439
20.08000 571.433
20.09000 574.009
20.10000 574.074
20.11000 574.090
20.12000 573.091
20.13000 570.901
20.14000 568.716
20.15000 571.035
20.16000 576.711
20.17000 582.326
20.18000 585.673
20.19000 587.877
20.20000 589.647
20.21000 584.705
20.22000 577.476
20.23000 570.880
20.24000 567.278
20.25000 564.687
20.26000 562.082
20.27000 559.403
20.28000 556.713
20.29000 556.273
20.30000 563.637
20.31000 571.664
20.32000 577.354
20.33000 564.107
20.34000 553.439
20.35000 551.916
20.36000 564.808
20.37000 577.877
20.38000 583.984
20.39000 582.920
20.40000 581.861
20.41000 575.689
20.42000 566.226
20.43000 557.028
20.44000 555.049
20.45000 556.314
20.46000 557.807
20.47000 562.208
20.48000 567.492
20.49000 572.237
20.50000 573.020
20.51000 573.008
20.52000 572.711
20.53000 571.084
20.54000 569.289
20.55000 566.911
20.56000 562.733
20.57000 558.427
20.58000 555.486
20.59000 570.076
20.60000 581.400
20.61000 586.526
20.62000 582.973
20.63000 579.362
20.64000 578.753
20.65000 580.853
20.66000 582.933
20.67000 578.492
20.68000 570.351
20.69000 562.194
20.70000 553.714
20.71000 545.105
20.72000 537.494
20.73000 540.557
20.74000 546.506
20.75000 551.755
20.76000 547.364
20.77000 542.106
20.78000 538.241
20.79000 540.103
20.80000 542.585
20.81000 545.972
20.82000 551.855
20.83000 557.882
20.84000 561.835
20.85000 570.379
20.86000 576.738
20.87000 575.838
20.88000 565.944
20.89000 556.045
20.90000 552.465
20.91000 553.918
20.92000 555.348
20.93000 557.106
20.94000 558.979
20.95000 560.753
20.96000 560.850
20.97000 560.345
20.98000 559.539
20.99000 556.003
21.00000 551.812
21.01000 548.184
21.02000 552.216
21.03000 556.653
21.04000 560.205
21.05000 560.531
21.06000 560.559
21.07000 559.936
21.08000 557.709
21.09000 555.409
21.10000 553.965
21.11000 558.452
21.12000 561.761
21.13000 562.550
21.14000 560.590
21.15000 558.635
21.16000 557.669
21.17000 557.401
21.18000 557.139
21.19000 552.579
21.20000 546.250
21.21000 540.577
21.22000 543.975
21.23000 550.274
21.24000 556.408
21.25000 561.242
21.26000 565.801
21.27000 569.666
21.28000 570.619
21.29000 571.090
21.30000 570.716
21.31000 567.594
21.32000 564.259
21.33000 559.706
21.34000 552.473
21.35000 545.144
21.36000 540.758
21.37000 551.646
21.38000 559.471
21.39000 560.595
21.40000 555.306
21.41000 550.114
21.42000 552.473
21.43000 559.562
21.44000 566.446
21.45000 567.785
21.46000 566.833
21.47000 565.293
21.48000 556.976
21.49000 546.729
21.50000 538.204
21.51000 541.353
21.52000 546.689
21.53000 551.111
21.54000 553.687
21.55000 555.637
21.56000 555.751
21.57000 550.545
21.58000 545.001
21.59000 544.314
21.60000 553.152
21.61000 562.241
21.62000 567.404
21.63000 562.608
21.64000 559.253
21.65000 564.286
21.66000 576.382
21.67000 588.073
21.68000 579.467
21.69000 559.540
21.70000 540.361
21.71000 560.189
21.72000 592.594
21.73000 621.206
21.74000 612.809
21.75000 595.040
21.76000 581.280
21.77000 591.232
21.78000 605.078
21.79000 616.278
21.80000 625.166
21.81000 632.212
21.82000 640.595
21.83000 652.439
21.84000 664.460
21.85000 677.087
21.86000 690.774
21.87000 704.480
21.88000 711.833
21.89000 735.418
21.90000 751.542
21.91000 769.021
21.92000 787.508
21.93000 805.743
21.94000 815.081
21.95000 819.992
21.96000 824.672
21.97000 831.248
21.98000 837.935
21.99000 845.041
22.00000 855.649
22.01000 867.043
22.02000 876.712
22.03000 877.421
22.04000 876.846
22.05000 876.394
22.06000 865.235
22.07000 855.576
22.08000 848.616
22.09000 847.892
22.10000 847.418
22.11000 844.437
22.12000 837.555
22.13000 830.627
22.14000 827.137
22.15000 808.008
22.16000 795.169
22.17000 777.169
22.18000 755.762
22.19000 734.616
22.20000 720.360
22.21000 709.164
22.22000 698.618
22.23000 692.477
22.24000 688.066
22.25000 681.233
22.26000 656.923
22.27000 629.147
22.28000 605.988
22.29000 603.981
22.30000 604.596
22.31000 605.066
22.32000 584.996
22.33000 568.034
22.34000 556.680
22.35000 556.901
22.36000 557.474
22.37000 560.208
22.38000 565.932
22.39000 571.671
22.40000 568.783
22.41000 558.222
22.42000 547.833
22.43000 547.745
22.44000 553.707
22.45000 559.409
22.46000 559.759
22.47000 557.985
22.48000 556.336
22.49000 547.843
22.50000 538.524
22.51000 531.765
22.52000 541.088
22.53000 553.214
22.54000 562.224
22.55000 558.584
22.56000 553.599
22.57000 549.901
22.58000 534.365
22.59000 521.775
22.60000 517.028
22.61000 526.718
22.62000 536.723
22.63000 543.288
22.64000 545.647
22.65000 547.992
22.66000 546.784
22.67000 542.805
22.68000 538.917
22.69000 538.784
22.70000 540.617
22.71000 542.169
22.72000 539.080
22.73000 534.349
22.74000 530.010
22.75000 527.269
22.76000 525.164
22.77000 524.149
22.78000 529.126
22.79000 535.017
22.80000 538.914
22.81000 535.624
22.82000 531.685
22.83000 528.859
22.84000 523.576
22.85000 519.452
22.86000 520.459
22.87000 529.880
22.88000 539.422
22.89000 543.111
22.90000 540.499
22.91000 537.896
22.92000 536.416
22.93000 535.727
22.94000 535.009
22.95000 533.439
22.96000 531.472
22.97000 529.008
22.98000 519.812
22.99000 508.488
23.00000 498.264
23.01000 497.538
23.02000 498.650
23.03000 501.885
23.04000 515.405
23.05000 530.286
23.06000 539.229
23.07000 529.108
23.08000 517.550
23.09000 509.553
23.10000 510.455
23.11000 511.365
23.12000 514.291
23.13000 520.156
23.14000 526.044
23.15000 527.362
23.16000 524.367
23.17000 521.397
23.18000 521.576
23.19000 523.664
23.20000 525.397
23.21000 518.974
23.22000 509.148
23.23000 501.236
23.24000 515.003
23.25000 534.868
23.26000 552.502
23.27000 549.272
23.28000 543.133
23.29000 534.445
23.30000 514.843
23.31000 493.997
23.32000 479.332
23.33000 482.365
23.34000 486.496
23.35000 489.244
23.36000 507.621
23.37000 521.508
23.38000 526.570
23.39000 520.230
23.40000 513.851
23.41000 510.645
23.42000 510.075
23.43000 509.512
23.44000 505.956
23.45000 500.894
23.46000 496.364
23.47000 501.528
23.48000 510.302
23.49000 518.182
23.50000 517.472
23.51000 514.616
23.52000 512.127
23.53000 515.203
23.54000 518.600
23.55000 521.746
23.56000 523.936
23.57000 526.032
23.58000 526.473
23.59000 522.681
23.60000 518.678
23.61000 516.127
23.62000 525.163
23.63000 531.880
23.64000 528.815
23.65000 514.595
23.66000 500.420
23.67000 496.180
23.68000 499.236
23.69000 502.233
23.70000 500.610
23.71000 496.860
23.72000 493.500
23.73000 495.926
23.74000 500.274
23.75000 503.840
23.76000 500.980
23.77000 496.696
23.78000 493.038
23.79000 492.706
23.80000 492.823
23.81000 494.263
23.82000 500.179
23.83000 506.462
23.84000 510.248
23.85000 508.334
23.86000 506.197
23.87000 504.897
23.88000 514.625
23.89000 521.660
23.90000 521.856
23.91000 515.207
23.92000 508.589
23.93000 504.835
23.94000 502.946
23.95000 501.107
23.96000 500.711
23.97000 500.937
23.98000 500.844
23.99000 496.837
24.00000 491.670
24.01000 487.733
24.02000 492.528
24.03000 499.032
24.04000 504.465
24.05000 500.304
24.06000 495.880
24.07000 492.599
24.08000 492.765
24.09000 493.164
24.10000 492.790
24.11000 490.841
24.12000 488.845
24.13000 487.691
24.14000 498.330
24.15000 505.832
24.16000 509.146
24.17000 508.782
24.18000 508.314
24.19000 501.889
24.20000 492.009
24.21000 482.470
24.22000 482.183
24.23000 485.328
24.24000 488.566
24.25000 492.766
24.26000 497.221
24.27000 501.075
24.28000 501.214
24.29000 500.715
24.30000 500.308
24.31000 490.466
24.32000 481.612
24.33000 478.033
24.34000 488.639
24.35000 500.028
24.36000 506.228
24.37000 502.992
24.38000 499.559
24.39000 497.680
24.40000 508.367
24.41000 515.699
24.42000 514.957
24.43000 507.952
24.44000 501.054
24.45000 498.363
24.46000 497.846
24.47000 497.352
24.48000 494.843
24.49000 491.852
24.50000 490.675
24.51000 505.453
24.52000 523.964
24.53000 536.747
24.54000 518.464
24.55000 495.517
24.56000 477.277
24.57000 483.376
24.58000 490.025
24.59000 494.626
24.60000 494.310
24.61000 493.778
24.62000 493.902
24.63000 495.087
24.64000 496.287
24.65000 496.905
24.66000 485.585
24.67000 478.044
24.68000 480.403
24.69000 489.564
24.70000 498.428
24.71000 498.658
24.72000 494.904
24.73000 491.354
24.74000 492.212
24.75000 494.264
24.76000 495.586
24.77000 491.380
24.78000 486.030
24.79000 482.819
24.80000 489.824
24.81000 498.161
24.82000 504.605
24.83000 501.130
24.84000 497.792
24.85000 492.250
24.86000 481.984
24.87000 471.560
24.88000 469.131
24.89000 478.207
24.90000 487.373
24.91000 492.375
24.92000 493.499
24.93000 494.645
24.94000 497.287
24.95000 500.842
24.96000 503.928
24.97000 496.538
24.98000 484.830
24.99000 473.893
25.00000 476.334
25.01000 481.921
25.02000 486.233
25.03000 482.160
25.04000 476.560
25.05000 473.823
25.06000 483.196
25.07000 493.926
25.08000 501.973
25.09000 498.262
25.10000 494.805
25.11000 491.771
25.12000 489.544
25.13000 487.337
25.14000 486.327
25.15000 486.843
25.16000 487.363
25.17000 490.132
25.18000 494.726
25.19000 499.198
25.20000 498.051
25.21000 493.847
25.22000 489.566
25.23000 483.924
25.24000 477.779
25.25000 472.117
25.26000 472.140
25.27000 473.417
25.28000 474.749
25.29000 476.399
25.30000 478.100
25.31000 478.500
25.32000 474.021
25.33000 469.076
25.34000 465.487
25.35000 471.974
25.36000 477.338
25.37000 480.025
25.38000 478.147
25.39000 476.191
25.40000 476.869
25.41000 480.509
25.42000 484.139
25.43000 483.074
25.44000 478.646
25.45000 474.272
25.46000 471.712
25.47000 470.032
25.48000 468.452
25.49000 468.297
25.50000 468.610
25.51000 468.894
25.52000 467.666
25.53000 466.289
25.54000 465.875
25.55000 470.321
25.56000 475.443
25.57000 481.867
25.58000 492.640
25.59000 503.763
25.60000 511.556
25.61000 498.386
25.62000 487.824
25.63000 480.117
25.64000 476.744
25.65000 473.416
25.66000 468.201
25.67000 461.123
25.68000 454.096
25.69000 457.302
25.70000 466.941
25.71000 476.383
25.72000 480.904
25.73000 483.292
25.74000 485.267
25.75000 482.267
25.76000 477.812
25.77000 473.833
25.78000 482.134
25.79000 491.426
25.80000 497.043
25.81000 486.260
25.82000 473.510
25.83000 463.892
25.84000 463.599
25.85000 463.925
25.86000 464.145
25.87000 467.154
25.88000 469.451
25.89000 474.160
25.90000 482.116
25.91000 490.080
25.92000 490.251
25.93000 483.666
25.94000 477.157
25.95000 472.981
25.96000 470.209
25.97000 467.934
25.98000 475.397
25.99000 486.630
26.00000 496.398
26.01000 491.334
26.02000 482.409
26.03000 474.581
26.04000 474.102
26.05000 474.759
26.06000 473.466
26.07000 464.458
26.08000 454.657
26.09000 450.774
26.10000 462.612
26.11000 475.297
26.12000 483.503
26.13000 473.610
26.14000 466.108
26.15000 463.231
26.16000 465.855
26.17000 468.484
26.18000 469.916
26.19000 470.431
26.20000 470.938
26.21000 472.459
26.22000 474.431
26.23000 476.146
26.24000 473.801
26.25000 470.054
26.26000 466.774
26.27000 467.536
26.28000 469.231
26.29000 470.689
26.30000 468.802
26.31000 466.785
26.32000 465.463
26.33000 466.581
26.34000 467.912
26.35000 467.778
26.36000 464.172
26.37000 460.419
26.38000 458.098
26.39000 466.789
26.40000 473.137
26.41000 474.943
26.42000 471.992
26.43000 469.016
26.44000 463.260
26.45000 455.619
26.46000 448.161
26.47000 452.259
26.48000 461.219
26.49000 469.315
26.50000 466.159
26.51000 459.536
26.52000 453.419
26.53000 451.081
26.54000 449.514
26.55000 448.194
26.56000 459.491
26.57000 470.264
26.58000 478.597
26.59000 479.283
26.60000 479.416
26.61000 476.850
26.62000 468.567
26.63000 460.098
26.64000 455.113
26.65000 459.690
26.66000 462.967
26.67000 461.190
26.68000 454.776
26.69000 448.470
26.70000 449.345
26.71000 454.551
26.72000 459.592
26.73000 463.244
26.74000 466.162
26.75000 468.629
26.76000 466.164
26.77000 462.346
26.78000 458.559
26.79000 454.966
26.80000 451.408
26.81000 448.481
26.82000 458.924
26.83000 468.719
26.84000 473.358
26.85000 463.591
26.86000 452.971
26.87000 447.027
26.88000 449.922
26.89000 453.027
26.90000 454.759
26.91000 450.985
26.92000 448.367
26.93000 448.136
26.94000 449.835
26.95000 451.581
26.96000 455.451
26.97000 460.462
26.98000 465.270
26.99000 465.399
27.00000 463.929
27.01000 462.273
27.02000 458.897
27.03000 455.102
27.04000 452.984
27.05000 460.381
27.06000 469.273
27.07000 476.405
27.08000 461.575
27.09000 447.900
27.10000 439.031
27.11000 442.152
27.12000 445.842
27.13000 451.681
27.14000 461.139
27.15000 470.656
27.16000 475.662
27.17000 478.231
27.18000 479.931
27.19000 475.556
27.20000 466.834
27.21000 458.213
27.22000 452.838
27.23000 449.020
27.24000 445.394
27.25000 443.315
27.26000 441.860
27.27000 440.659
27.28000 441.486
27.29000 442.751
27.30000 443.354
27.31000 440.656
27.32000 437.507
27.33000 435.049
27.34000 433.076
27.35000 431.532
27.36000 431.604
27.37000 435.275
27.38000 439.079
27.39000 443.851
27.40000 450.076
27.41000 456.314
27.42000 454.250
27.43000 444.111
27.44000 434.038
27.45000 429.372
27.46000 428.142
27.47000 427.151
27.48000 431.996
27.49000 439.338
27.50000 446.228
27.51000 445.672
27.52000 443.205
27.53000 441.436
27.54000 444.478
27.55000 448.436
27.56000 449.733
27.57000 439.316
27.58000 427.516
27.59000 418.572
27.60000 427.745
27.61000 435.873
27.62000 442.098
27.63000 444.542
27.64000 446.881
27.65000 450.299
27.66000 455.149
27.67000 460.002
27.68000 456.770
27.69000 446.646
27.70000 436.750
27.71000 438.780
27.72000 447.557
27.73000 455.780
27.74000 453.402
27.75000 446.971
27.76000 441.016
27.77000 442.741
27.78000 446.068
27.79000 448.157
27.80000 442.805
27.81000 436.211
27.82000 432.063
27.83000 437.464
27.84000 443.829
27.85000 448.503
27.86000 443.644
27.87000 439.501
27.88000 438.025
27.89000 441.281
27.90000 444.627
27.91000 445.942
27.92000 444.870
27.93000 443.797
27.94000 438.006
27.95000 428.715
27.96000 419.790
27.97000 424.312
27.98000 435.619
27.99000 446.140
28.00000 444.516
28.01000 438.747
28.02000 433.482
28.03000 436.419
28.04000 440.684
28.05000 443.993
28.06000 442.264
28.07000 439.802
28.08000 436.975
28.09000 432.882
28.10000 428.681
28.11000 425.702
28.12000 434.951
28.13000 442.372
28.14000 443.809
28.15000 435.795
28.16000 427.664
28.17000 425.996
28.18000 430.999
28.19000 435.974
28.20000 432.969
28.21000 424.728
28.22000 416.965
28.23000 422.244
28.24000 433.397
28.25000 443.615
28.26000 441.891
28.27000 436.533
28.28000 431.720
28.29000 430.590
28.30000 430.249
28.31000 429.553
28.32000 427.207
28.33000 424.652
28.34000 423.510
28.35000 426.743
28.36000 430.285
28.37000 432.706
28.38000 433.916
28.39000 434.792
28.40000 434.819
28.41000 433.653
28.42000 432.483
28.43000 437.361
28.44000 447.714
28.45000 457.964
28.46000 457.301
28.47000 450.287
28.48000 443.260
28.49000 435.950
28.50000 428.527
28.51000 421.620
28.52000 420.241
28.53000 420.358
28.54000 420.462
28.55000 426.928
28.56000 433.478
28.57000 437.461
28.58000 430.873
28.59000 423.138
28.60000 415.873
28.61000 409.904
28.62000 404.011
28.63000 400.143
28.64000 410.759
28.65000 418.812
28.66000 424.342
28.67000 426.740
28.68000 429.123
28.69000 429.536
28.70000 428.379
28.71000 427.238
28.72000 428.627
28.73000 431.276
28.74000 433.872
28.75000 435.578
28.76000 436.963
28.77000 437.997
28.78000 435.832
28.79000 432.898
28.80000 430.357
28.81000 425.468
28.82000 421.000
28.83000 417.937
28.84000 420.012
28.85000 422.559
28.86000 425.278
28.87000 428.418
28.88000 431.577
28.89000 433.562
28.90000 430.745
28.91000 428.655
28.92000 429.084
28.93000 432.270
28.94000 435.426
28.95000 434.280
28.96000 430.095
28.97000 426.000
28.98000 424.382
28.99000 423.955
29.00000 423.676
29.01000 425.453
29.02000 427.889
29.03000 429.902
29.04000 428.600
29.05000 426.592
29.06000 424.889
29.07000 424.118
29.08000 423.576
29.09000 422.609
29.10000 420.256
29.11000 417.796
29.12000 417.018
29.13000 419.940
29.14000 422.994
29.15000 424.823
29.16000 423.558
29.17000 422.640
29.18000 422.636
29.19000 423.508
29.20000 424.405
29.21000 427.210
29.22000 431.213
29.23000 435.101
29.24000 429.127
29.25000 419.494
29.26000 410.537
29.27000 409.396
29.28000 410.486
29.29000 411.459
29.30000 411.634
29.31000 411.659
29.32000 411.680
29.33000 415.144
29.34000 418.336
29.35000 420.209
29.36000 418.252
29.37000 416.052
29.38000 416.468
29.39000 422.024
29.40000 427.716
29.41000 430.952
29.42000 427.149
29.43000 424.478
29.44000 422.038
29.45000 419.793
29.46000 417.587
29.47000 417.344
29.48000 418.198
29.49000 419.020
29.50000 423.518
29.51000 429.042
29.52000 433.532
29.53000 427.907
29.54000 419.716
29.55000 413.323
29.56000 417.579
29.57000 423.589
29.58000 428.452
29.59000 428.126
29.60000 427.442
29.61000 427.904
29.62000 431.335
29.63000 434.918
29.64000 434.590
29.65000 427.408
29.66000 420.100
29.67000 416.176
29.68000 420.236
29.69000 423.002
29.70000 423.055
29.71000 421.087
29.72000 419.139
29.73000 417.890
29.74000 416.990
29.75000 416.132
29.76000 418.897
29.77000 422.593
29.78000 426.144
29.79000 428.472
29.80000 430.525
29.81000 432.663
29.82000 435.236
29.83000 437.873
29.84000 439.950
29.85000 438.100
29.86000 436.353
29.87000 436.062
29.88000 439.140
29.89000 442.354
29.90000 441.310
29.91000 433.624
29.92000 425.860
29.93000 421.945
29.94000 448.158
29.95000 465.600
29.96000 474.859
29.97000 478.708
29.98000 482.315
29.99000 479.502
30.00000 473.833
30.01000 468.491
30.02000 465.270
30.03000 462.905
30.04000 460.241
30.05000 455.416
30.06000 450.163
30.07000 446.096
30.08000 447.480
30.09000 449.541
30.10000 451.119
30.11000 453.088
30.12000 454.663
30.13000 454.897
30.14000 452.358
30.15000 449.734
30.16000 451.085
30.17000 457.940
30.18000 464.827
30.19000 464.149
30.20000 456.728
30.21000 449.350
30.22000 444.542
30.23000 441.247
30.24000 438.031
30.25000 436.463
30.26000 435.550
30.27000 434.701
30.28000 435.556
30.29000 436.741
30.30000 438.611
30.31000 444.793
30.32000 451.728
30.33000 457.350
30.34000 457.634
30.35000 457.349
30.36000 457.138
30.37000 454.725
30.38000 452.753
30.39000 450.225
30.40000 446.671
30.41000 443.095
30.42000 440.477
30.43000 439.034
30.44000 437.596
30.45000 438.294
30.46000 440.661
30.47000 442.942
30.48000 441.645
30.49000 438.471
30.50000 435.569
30.51000 437.164
30.52000 440.353
30.53000 443.279
30.54000 441.135
30.55000 438.152
30.56000 436.870
30.57000 444.956
30.58000 454.473
30.59000 461.533
30.60000 459.718
30.61000 457.101
30.62000 455.222
30.63000 461.671
30.64000 466.890
30.65000 468.775
30.66000 465.182
30.67000 461.510
30.68000 462.834
30.69000 469.548
30.70000 476.233
30.71000 476.970
30.72000 473.596
30.73000 470.208
30.74000 466.403
30.75000 462.403
30.76000 458.704
30.77000 459.108
30.78000 460.809
30.79000 462.346
30.80000 467.269
30.81000 472.222
30.82000 476.651
30.83000 478.536
30.84000 480.084
30.85000 480.807
30.86000 478.875
30.87000 476.743
30.88000 475.266
30.89000 509.166
30.90000 535.596
30.91000 548.726
30.92000 542.433
30.93000 535.975
30.94000 541.572
30.95000 558.567
30.96000 575.421
30.97000 584.362
30.98000 588.327
30.99000 592.821
31.00000 609.520
31.01000 631.318
31.02000 652.964
31.03000 672.881
31.04000 692.311
31.05000 709.564
31.06000 745.035
31.07000 778.708
31.08000 816.324
31.09000 870.854
31.10000 927.318
31.11000 986.162
31.12000 1051.837
31.13000 1117.938
31.14000 1161.933
31.15000 1312.592
31.16000 1426.085
31.17000 1539.905
31.18000 1654.149
31.19000 1768.422
31.20000 1895.970
31.21000 2034.564
31.22000 2171.334
31.23000 2333.487
31.24000 2504.901
31.25000 2674.839
31.26000 2817.844
31.27000 2950.801
31.28000 3084.630
31.29000 3226.854
31.30000 3371.181
31.31000 3496.980
31.32000 3615.538
31.33000 3715.863
31.34000 3798.485
31.35000 3813.714
31.36000 3822.376
31.37000 3825.542
31.38000 3814.631
31.39000 3803.015
31.40000 3795.606
31.41000 3693.134
31.42000 3617.387
31.43000 3525.250
31.44000 3414.390
31.45000 3303.349
31.46000 3164.002
31.47000 3003.829
31.48000 2846.719
31.49000 2680.788
31.50000 2516.740
31.51000 2353.748
31.52000 2206.400
31.53000 2064.262
31.54000 1921.225
31.55000 1770.782
31.56000 1618.695
31.57000 1488.784
31.58000 1365.771
31.59000 1262.962
31.60000 1161.784
31.61000 1066.128
31.62000 970.925
31.63000 889.459
31.64000 839.404
31.65000 790.580
31.66000 760.852
31.67000 721.669
31.68000 693.602
31.69000 663.839
31.70000 632.375
31.71000 601.022
31.72000 579.962
31.73000 565.622
31.74000 551.657
31.75000 537.624
31.76000 524.221
31.77000 511.378
31.78000 505.431
31.79000 501.530
31.80000 496.405
31.81000 482.571
31.82000 467.030
31.83000 454.043
31.84000 467.078
31.85000 480.540
31.86000 488.039
31.87000 477.541
31.88000 465.818
31.89000 458.851
31.90000 461.592
31.91000 464.620
31.92000 466.373
31.93000 457.939
31.94000 451.984
31.95000 446.884
31.96000 442.535
31.97000 438.167
31.98000 432.629
31.99000 426.411
32.00000 420.407
32.01000 424.966
32.02000 433.167
32.03000 440.433
32.04000 438.023
32.05000 433.059
32.06000 428.953
32.07000 430.164
32.08000 432.291
32.09000 434.027
32.10000 436.029
32.11000 437.689
32.12000 437.502
32.13000 432.341
32.14000 426.905
32.15000 424.324
32.16000 426.944
32.17000 429.673
32.18000 431.168
32.19000 432.687
32.20000 433.727
32.21000 433.757
32.22000 433.002
32.23000 432.031
32.24000 422.485
32.25000 408.498
32.26000 395.122
32.27000 390.330
32.28000 388.668
32.29000 387.109
32.30000 386.465
32.31000 386.035
32.32000 386.206
32.33000 389.649
32.34000 393.584
32.35000 396.713
32.36000 399.451
32.37000 401.629
32.38000 402.516
32.39000 400.300
32.40000 397.948
32.41000 395.090
32.42000 391.413
32.43000 387.725
32.44000 385.823
32.45000 389.245
32.46000 391.554
32.47000 394.328
32.48000 397.423
32.49000 400.439
32.50000 401.163
32.51000 400.829
32.52000 400.513
32.53000 399.546
32.54000 398.470
32.55000 396.814
32.56000 390.758
32.57000 383.790
32.58000 378.320
32.59000 380.021
32.60000 382.659
32.61000 384.698
32.62000 381.986
32.63000 379.555
32.64000 379.595
32.65000 384.945
32.66000 390.473
32.67000 392.157
32.68000 388.300
32.69000 384.398
32.70000 381.981
32.71000 380.948
32.72000 379.955
32.73000 381.763
32.74000 385.285
32.75000 388.719
32.76000 390.166
32.77000 390.794
32.78000 391.380
32.79000 385.070
32.80000 377.603
32.81000 371.243
32.82000 372.179
32.83000 374.445
32.84000 377.675
32.85000 384.981
32.86000 392.746
32.87000 398.572
32.88000 407.368
32.89000 414.381
32.90000 420.846
32.91000 426.262
32.92000 431.651
32.93000 438.896
32.94000 448.510
32.95000 458.121
32.96000 464.221
32.97000 467.429
32.98000 470.589
32.99000 471.492
33.00000 471.167
33.01000 471.252
33.02000 478.666
33.03000 488.782
33.04000 498.107
33.05000 494.003
33.06000 487.357
33.07000 480.477
33.08000 472.253
33.09000 463.815
33.10000 456.076
33.11000 450.964
33.12000 446.103
33.13000 442.573
33.14000 430.449
33.15000 420.803
33.16000 411.660
33.17000 403.377
33.18000 395.108
33.19000 384.857
33.20000 372.373
33.21000 359.932
33.22000 357.149
33.23000 361.344
33.24000 365.432
33.25000 365.983
33.26000 364.814
33.27000 363.677
33.28000 363.001
33.29000 362.477
33.30000 362.001
33.31000 355.809
33.32000 349.235
33.33000 344.319
33.34000 347.801
33.35000 352.453
33.36000 354.997
33.37000 350.492
33.38000 345.421
33.39000 341.866
33.40000 338.906
33.41000 336.684
33.42000 337.630
33.43000 343.392
33.44000 349.204
33.45000 348.499
33.46000 341.351
33.47000 334.253
33.48000 335.176
33.49000 341.173
33.50000 347.223
33.51000 354.591
33.52000 362.532
33.53000 369.155
33.54000 359.911
33.55000 346.015
33.56000 333.603
33.57000 337.451
33.58000 343.541
33.59000 348.581
33.60000 348.926
33.61000 348.706
33.62000 350.797
33.63000 359.778
33.64000 369.218
33.65000 375.587
33.66000 363.261
33.67000 353.691
33.68000 348.725
33.69000 349.967
33.70000 351.244
33.71000 353.138
33.72000 355.569
33.73000 357.973
33.74000 353.711
33.75000 345.817
33.76000 338.263
33.77000 337.381
33.78000 339.086
33.79000 340.887
33.80000 343.655
33.81000 346.675
33.82000 349.325
33.83000 351.655
33.84000 353.611
33.85000 353.486
33.86000 345.115
33.87000 335.896
33.88000 330.271
33.89000 334.209
33.90000 338.664
33.91000 341.548
33.92000 347.385
33.93000 351.699
33.94000 353.817
33.95000 353.317
33.96000 352.820
33.97000 354.348
33.98000 357.429
33.99000 360.457
34.00000 358.442
34.01000 354.000
34.02000 349.662
34.03000 346.987
34.04000 344.887
34.05000 342.457
34.06000 337.170
34.07000 331.221
34.08000 326.104
34.09000 331.924
34.10000 338.223
34.11000 343.275
34.12000 343.932
34.13000 344.208
34.14000 343.801
34.15000 341.777
34.16000 339.683
34.17000 338.388
34.18000 335.662
34.19000 333.690
34.20000 332.368
34.21000 331.730
34.22000 331.070
34.23000 327.916
34.24000 323.067
34.25000 318.333
34.26000 318.930
34.27000 321.829
34.28000 324.703
34.29000 327.239
34.30000 329.670
34.31000 333.005
34.32000 343.091
34.33000 354.558
34.34000 364.214
34.35000 356.138
34.36000 347.499
34.37000 341.276
34.38000 342.632
34.39000 344.539
34.40000 344.743
34.41000 341.337
34.42000 337.812
34.43000 335.736
34.44000 341.018
34.45000 344.783
34.46000 345.478
34.47000 343.352
34.48000 341.230
34.49000 339.331
34.50000 337.567
34.51000 335.859
34.52000 333.055
34.53000 329.981
34.54000 327.362
34.55000 329.731
34.56000 333.470
34.57000 336.845
34.58000 337.862
34.59000 338.454
34.60000 338.941
34.61000 332.720
34.62000 326.996
34.63000 324.858
34.64000 332.758
34.65000 341.255
34.66000 346.766
34.67000 346.623
34.68000 346.345
34.69000 346.190
34.70000 339.349
34.71000 334.607
34.72000 332.974
34.73000 333.861
34.74000 334.736
34.75000 335.050
34.76000 335.062
34.77000 335.074
34.78000 333.390
34.79000 331.238
34.80000 329.220
34.81000 328.438
34.82000 327.959
34.83000 327.665
34.84000 328.422
34.85000 329.345
34.86000 330.085
34.87000 324.518
34.88000 319.529
34.89000 318.032
34.90000 325.263
34.91000 332.910
34.92000 334.858
34.93000 327.190
34.94000 319.367
34.95000 315.248
34.96000 313.862
34.97000 312.949
34.98000 315.864
34.99000 321.523
35.00000 327.081
35.01000 329.413
35.02000 330.195
35.03000 330.938
35.04000 326.980
35.05000 321.915
35.06000 317.838
35.07000 321.632
35.08000 327.127
35.09000 331.022
35.10000 326.925
35.11000 321.732
35.12000 317.677
35.13000 314.514
35.14000 312.047
35.15000 311.331
35.16000 314.523
35.17000 317.860
35.18000 319.517
35.19000 318.653
35.20000 317.764
35.21000 316.419
35.22000 314.631
35.23000 312.856
35.24000 312.213
35.25000 312.290
35.26000 312.373
35.27000 312.576
35.28000 312.831
35.29000 313.069
35.30000 308.801
35.31000 303.722
35.32000 300.639
35.33000 311.342
35.34000 324.673
35.35000 334.118
35.36000 326.415
35.37000 316.684
35.38000 309.304
35.39000 311.464
35.40000 313.648
35.41000 314.477
35.42000 312.605
35.43000 310.658
35.44000 310.866
35.45000 313.942
35.46000 317.030
35.47000 316.328
35.48000 312.388
35.49000 308.493
35.50000 306.961
35.51000 306.767
35.52000 306.740
35.53000 309.930
35.54000 314.352
35.55000 318.448
35.56000 318.904
35.57000 318.472
35.58000 317.158
35.59000 310.533
35.60000 303.019
35.61000 297.894
35.62000 302.110
35.63000 307.271
35.64000 311.062
35.65000 312.456
35.66000 313.436
35.67000 315.182
35.68000 318.290
35.69000 321.424
35.70000 318.269
35.71000 307.716
35.72000 297.179
35.73000 297.998
35.74000 307.347
35.75000 316.430
35.76000 315.697
35.77000 310.002
35.78000 304.911
35.79000 309.166
35.80000 316.618
35.81000 323.420
35.82000 326.442
35.83000 328.359
35.84000 329.575
35.85000 327.093
35.86000 324.071
35.87000 321.218
35.88000 318.951
35.89000 316.735
35.90000 315.162
35.91000 305.056
35.92000 297.097
35.93000 293.718
35.94000 297.582
35.95000 301.537
35.96000 307.762
35.97000 316.334
35.98000 324.858
35.99000 320.631
36.00000 308.016
36.01000 295.773
36.02000 293.744
36.03000 296.321
36.04000 298.753
36.05000 299.316
36.06000 299.308
36.07000 299.302
36.08000 300.954
36.09000 302.693
36.10000 304.161
36.11000 304.369
36.12000 304.419
36.13000 306.194
36.14000 313.318
36.15000 320.822
36.16000 325.953
36.17000 312.729
36.18000 302.399
36.19000 293.974
36.20000 288.225
36.21000 282.498
36.22000 281.234
36.23000 284.017
36.24000 286.773
36.25000 288.534
36.26000 289.676
36.27000 290.848
36.28000 292.632
36.29000 294.664
36.30000 296.887
36.31000 301.168
36.32000 306.008
36.33000 310.280
36.34000 311.024
36.35000 311.126
36.36000 310.981
36.37000 309.814
36.38000 308.537
36.39000 306.462
36.40000 302.179
36.41000 297.768
36.42000 294.871
36.43000 303.552
36.44000 310.135
36.45000 312.434
36.46000 309.407
36.47000 306.365
36.48000 303.569
36.49000 300.968
36.50000 298.406
36.51000 298.537
36.52000 300.054
36.53000 301.396
36.54000 299.751
36.55000 297.032
36.56000 294.839
36.57000 297.443
36.58000 301.202
36.59000 304.459
36.60000 303.797
36.61000 302.716
36.62000 302.156
36.63000 303.506
36.64000 305.031
36.65000 305.827
36.66000 304.822
36.67000 303.734
36.68000 303.050
36.69000 301.313
36.70000 300.045
36.71000 301.775
36.72000 306.789
36.73000 311.762
36.74000 310.736
36.75000 305.465
36.76000 300.307
36.77000 300.519
36.78000 303.169
36.79000 306.003
36.80000 311.408
36.81000 317.637
36.82000 322.360
36.83000 315.263
36.84000 305.646
36.85000 297.487
36.86000 300.102
36.87000 303.515
36.88000 306.911
36.89000 310.253
36.90000 313.591
36.91000 313.719
36.92000 306.767
36.93000 299.562
36.94000 295.244
36.95000 296.420
36.96000 297.291
36.97000 303.185
36.98000 313.905
36.99000 324.491
37.00000 324.548
37.01000 317.988
37.02000 311.615
37.03000 310.823
37.04000 312.316
37.05000 313.455
37.06000 310.494
37.07000 306.360
37.08000 303.200
37.09000 306.674
37.10000 311.395
37.11000 315.310
37.12000 312.120
37.13000 308.801
37.14000 306.718
37.15000 308.232
37.16000 309.975
37.17000 310.084
37.18000 306.976
37.19000 303.783
37.20000 301.966
37.21000 293.312
37.22000 287.269
37.23000 286.735
37.24000 290.856
37.25000 294.890
37.26000 294.575
37.27000 291.825
37.28000 289.177
37.29000 288.019
37.30000 287.460
37.31000 287.249
37.32000 290.447
37.33000 294.510
37.34000 297.583
37.35000 294.768
37.36000 290.983
37.37000 287.919
37.38000 297.693
37.39000 306.688
37.40000 313.154
37.41000 313.055
37.42000 312.618
37.43000 312.317
37.44000 312.255
37.45000 312.198
37.46000 312.168
37.47000 307.766
37.48000 304.771
37.49000 305.086
37.50000 307.873
37.51000 310.444
37.52000 305.287
37.53000 296.273
37.54000 287.682
37.55000 291.660
37.56000 299.283
37.57000 306.370
37.58000 308.962
37.59000 310.542
37.60000 311.216
37.61000 307.170
37.62000 302.446
37.63000 298.721
37.64000 294.520
37.65000 291.119
37.66000 290.993
37.67000 298.460
37.68000 306.234
37.69000 307.772
37.70000 299.571
37.71000 291.255
37.72000 287.056
37.73000 292.077
37.74000 295.441
37.75000 299.289
37.76000 303.458
37.77000 307.381
37.78000 304.728
37.79000 299.144
37.80000 293.883
37.81000 297.663
37.82000 303.616
37.83000 308.190
37.84000 302.779
37.85000 295.382
37.86000 289.236
37.87000 288.844
37.88000 289.168
37.89000 289.416
37.90000 293.391
37.91000 296.735
37.92000 301.022
37.93000 307.263
37.94000 313.564
37.95000 315.336
37.96000 310.828
37.97000 306.281
37.98000 303.886
37.99000 303.417
38.00000 302.919
38.01000 300.717
38.02000 297.511
38.03000 294.214
38.04000 289.031
38.05000 283.099
38.06000 277.579
38.07000 283.359
38.08000 291.318
38.09000 298.566
38.10000 301.342
38.11000 303.336
38.12000 305.102
38.13000 305.944
38.14000 306.687
38.15000 307.238
38.16000 311.910
38.17000 315.722
38.18000 320.189
38.19000 325.863
38.20000 331.564
38.21000 329.210
38.22000 316.973
38.23000 304.734
38.24000 301.437
38.25000 305.175
38.26000 308.804
38.27000 307.915
38.28000 304.653
38.29000 302.010
38.30000 309.658
38.31000 320.962
38.32000 331.334
38.33000 330.769
38.34000 327.947
38.35000 326.451
38.36000 332.279
38.37000 339.228
38.38000 345.903
38.39000 351.589
38.40000 357.184
38.41000 361.203
38.42000 372.666
38.43000 381.692
38.44000 389.855
38.45000 396.600
38.46000 403.323
38.47000 414.721
38.48000 431.171
38.49000 447.548
38.50000 459.058
38.51000 467.082
38.52000 475.183
38.53000 485.626
38.54000 497.168
38.55000 509.072
38.56000 525.912
38.57000 544.317
38.58000 560.944
38.59000 590.785
38.60000 619.469
38.61000 645.431
38.62000 658.155
38.63000 669.120
38.64000 682.118
38.65000 701.666
38.66000 721.711
38.67000 735.596
38.68000 734.366
38.69000 733.045
38.70000 734.266
38.71000 739.208
38.72000 744.180
38.73000 741.051
38.74000 730.248
38.75000 719.534
38.76000 713.999
38.77000 711.720
38.78000 708.743
38.79000 689.597
38.80000 663.683
38.81000 638.219
38.82000 617.868
38.83000 598.961
38.84000 582.167
38.85000 566.613
38.86000 553.326
38.87000 538.305
38.88000 515.832
38.89000 492.507
38.90000 470.761
38.91000 453.553
38.92000 436.628
38.93000 425.356
38.94000 404.056
38.95000 388.101
38.96000 377.703
38.97000 374.509
38.98000 371.330
38.99000 361.333
39.00000 345.651
39.01000 330.175
39.02000 323.235
39.03000 321.073
39.04000 318.659
39.05000 311.634
39.06000 302.886
39.07000 295.410
39.08000 300.199
39.09000 308.064
39.10000 314.921
39.11000 311.888
39.12000 307.920
39.13000 303.626
39.14000 298.087
39.15000 292.427
39.16000 289.545
39.17000 293.789
39.18000 298.392
39.19000 301.330
39.20000 295.893
39.21000 291.829
39.22000 287.949
39.23000 284.278
39.24000 280.638
39.25000 282.298
39.26000 287.865
39.27000 293.326
39.28000 288.274
39.29000 278.411
39.30000 269.413
39.31000 273.286
39.32000 281.451
39.33000 288.927
39.34000 290.711
39.35000 291.230
39.36000 291.673
39.37000 285.190
39.38000 278.900
39.39000 274.557
39.40000 276.820
39.41000 279.627
39.42000 280.655
39.43000 277.611
39.44000 274.407
39.45000 272.455
39.46000 279.802
39.47000 285.126
39.48000 289.095
39.49000 291.702
39.50000 294.239
39.51000 290.335
39.52000 282.217
39.53000 274.311
39.54000 270.830
39.55000 269.368
39.56000 268.037
39.57000 268.326
39.58000 269.097
39.59000 269.494
39.60000 267.229
39.61000 264.442
39.62000 262.112
39.63000 270.136
39.64000 277.852
39.65000 282.182
39.66000 276.273
39.67000 269.664
39.68000 268.049
39.69000 276.645
39.70000 285.544
39.71000 290.699
39.72000 281.285
39.73000 274.624
39.74000 271.206
39.75000 270.650
39.76000 270.088
39.77000 269.197
39.78000 268.113
39.79000 267.067
39.80000 270.807
39.81000 276.104
39.82000 280.454
39.83000 274.985
39.84000 266.919
39.85000 260.280
39.86000 262.502
39.87000 266.254
39.88000 269.316
39.89000 269.491
39.90000 269.386
39.91000 270.107
39.92000 273.056
39.93000 276.128
39.94000 276.209
39.95000 270.832
39.96000 265.339
39.97000 262.327
39.98000 260.572
39.99000 259.374
40.00000 260.147
40.01000 262.454
40.02000 264.727
40.03000 265.652
40.04000 265.879
40.05000 266.095
40.06000 262.658
40.07000 258.264
40.08000 254.935
40.09000 261.010
40.10000 269.292
40.11000 275.593
40.12000 271.104
40.13000 264.989
40.14000 260.125
40.15000 270.343
40.16000 279.659
40.17000 283.147
40.18000 272.595
40.19000 261.424
40.20000 255.854
40.21000 259.388
40.22000 263.048
40.23000 264.937
40.24000 270.935
40.25000 274.925
40.26000 272.582
40.27000 265.874
40.28000 259.365
40.29000 258.715
40.30000 260.777
40.31000 262.727
40.32000 262.651
40.33000 261.996
40.34000 260.878
40.35000 256.233
40.36000 250.856
40.37000 246.769
40.38000 248.872
40.39000 251.785
40.40000 254.038
40.41000 255.410
40.42000 256.447
40.43000 257.686
40.44000 259.360
40.45000 261.049
40.46000 260.946
40.47000 258.256
40.48000 255.545
40.49000 256.155
40.50000 259.866
40.51000 263.519
40.52000 263.121
40.53000 260.241
40.54000 257.500
40.55000 257.887
40.56000 259.569
40.57000 261.140
40.58000 259.660
40.59000 257.545
40.60000 255.903
40.61000 257.384
40.62000 259.436
40.63000 261.982
40.64000 266.629
40.65000 271.512
40.66000 275.178
40.67000 259.210
40.68000 245.796
40.69000 237.564
40.70000 239.283
40.71000 241.249
40.72000 243.892
40.73000 247.402
40.74000 250.910
40.75000 251.627
40.76000 250.053
40.77000 248.504
40.78000 248.126
40.79000 248.387
40.80000 248.611
40.81000 248.170
40.82000 247.484
40.83000 246.851
40.84000 249.443
40.85000 252.479
40.86000 254.720
40.87000 252.370
40.88000 249.285
40.89000 246.933
40.90000 247.341
40.91000 248.014
40.92000 248.504
40.93000 245.044
40.94000 242.235
40.95000 241.773
40.96000 245.332
40.97000 248.958
40.98000 250.620
40.99000 250.062
41.00000 249.505
41.01000 250.033
41.02000 251.339
41.03000 252.536
41.04000 250.075
41.05000 245.833
41.06000 241.922
41.07000 242.845
41.08000 245.361
41.09000 247.645
41.10000 251.498
41.11000 255.205
41.12000 257.533
41.13000 252.866
41.14000 247.223
41.15000 242.614
41.16000 241.472
41.17000 240.610
41.18000 240.005
41.19000 243.686
41.20000 246.596
41.21000 247.843
41.22000 246.558
41.23000 245.246
41.24000 246.094
41.25000 249.083
41.26000 252.052
41.27000 252.153
41.28000 250.430
41.29000 248.714
41.30000 247.211
41.31000 245.800
41.32000 244.465
41.33000 244.045
41.34000 243.895
41.35000 243.761
41.36000 243.103
41.37000 242.441
41.38000 242.126
41.39000 243.358
41.40000 244.776
41.41000 244.888
41.42000 241.097
41.43000 237.044
41.44000 234.309
41.45000 240.566
41.46000 245.415
41.47000 247.392
41.48000 245.486
41.49000 243.560
41.50000 241.615
41.51000 239.655
41.52000 237.717
41.53000 238.685
41.54000 241.261
41.55000 243.828
41.56000 246.213
41.57000 248.527
41.58000 250.929
41.59000 254.235
41.60000 257.776
41.61000 260.883
41.62000 256.273
41.63000 251.186
41.64000 246.550
41.65000 243.707
41.66000 241.049
41.67000 239.076
41.68000 238.929
41.69000 238.881
41.70000 238.850
41.71000 246.347
41.72000 251.945
41.73000 257.101
41.74000 261.729
41.75000 266.331
41.76000 264.847
41.77000 258.689
41.78000 252.634
41.79000 246.930
41.80000 241.588
41.81000 236.867
41.82000 242.034
41.83000 250.629
41.84000 258.267
41.85000 257.589
41.86000 254.985
41.87000 252.745
41.88000 246.342
41.89000 240.397
41.90000 236.426
41.91000 239.420
41.92000 243.022
41.93000 244.422
41.94000 240.580
41.95000 236.514
41.96000 233.996
41.97000 233.126
41.98000 232.516
41.99000 233.651
42.00000 236.620
42.01000 239.582
42.02000 241.748
42.03000 243.372
42.04000 244.958
42.05000 248.138
42.06000 251.878
42.07000 254.950
42.08000 249.268
42.09000 240.878
42.10000 234.339
42.11000 241.655
42.12000 251.808
42.13000 260.361
42.14000 253.545
42.15000 246.204
42.16000 239.309
42.17000 233.811
42.18000 228.415
42.19000 227.850
42.20000 237.553
42.21000 247.592
42.22000 253.511
42.23000 251.198
42.24000 249.521
42.25000 245.500
42.26000 239.321
42.27000 233.195
42.28000 230.649
42.29000 230.270
42.30000 229.902
42.31000 231.201
42.32000 233.073
42.33000 234.601
42.34000 232.342
42.35000 229.041
42.36000 227.254
42.37000 235.315
42.38000 245.151
42.39000 253.247
42.40000 250.422
42.41000 247.105
42.42000 243.881
42.43000 240.919
42.44000 237.971
42.45000 234.663
42.46000 230.667
42.47000 226.656
42.48000 224.414
42.49000 227.069
42.50000 228.920
42.51000 231.097
42.52000 233.539
42.53000 235.898
42.54000 234.566
42.55000 231.244
42.56000 228.056
42.57000 229.605
42.58000 232.668
42.59000 235.276
42.60000 233.641
42.61000 230.968
42.62000 229.001
42.63000 231.046
42.64000 233.724
42.65000 235.873
42.66000 234.526
42.67000 233.168
42.68000 231.672
42.69000 229.832
42.70000 227.974
42.71000 228.391
42.72000 232.653
42.73000 236.977
42.74000 239.256
42.75000 237.533
42.76000 236.368
42.77000 236.050
42.78000 236.340
42.79000 236.513
42.80000 232.901
42.81000 227.469
42.82000 222.311
42.83000 224.264
42.84000 228.206
42.85000 231.845
42.86000 233.074
42.87000 233.781
42.88000 234.786
42.89000 237.278
42.90000 239.975
42.91000 242.081
42.92000 238.050
42.93000 234.447
42.94000 231.801
42.95000 231.297
42.96000 230.873
42.97000 231.462
42.98000 233.574
42.99000 235.701
43.00000 235.452
43.01000 232.883
43.02000 230.353
43.03000 231.085
43.04000 233.896
43.05000 236.540
43.06000 235.099
43.07000 231.903
43.08000 228.904
43.09000 232.994
43.10000 238.598
43.11000 242.783
43.12000 237.159
43.13000 229.661
43.14000 224.662
43.15000 230.713
43.16000 238.074
43.17000 243.658
43.18000 239.760
43.19000 236.210
43.20000 232.823
43.21000 229.760
43.22000 226.706
43.23000 226.379
43.24000 229.690
43.25000 233.016
43.26000 232.573
43.27000 228.902
43.28000 225.253
43.29000 222.756
43.30000 220.912
43.31000 219.219
43.32000 220.446
43.33000 222.792
43.34000 224.966
43.35000 222.662
43.36000 219.550
43.37000 217.380
43.38000 220.894
43.39000 225.361
43.40000 229.526
43.41000 232.509
43.42000 235.372
43.43000 237.476
43.44000 230.818
43.45000 225.311
43.46000 221.765
43.47000 221.710
43.48000 221.724
43.49000 225.701
43.50000 234.350
43.51000 242.983
43.52000 243.401
43.53000 237.631
43.54000 231.968
43.55000 230.272
43.56000 230.585
43.57000 230.854
43.58000 230.433
43.59000 229.777
43.60000 229.178
43.61000 227.508
43.62000 225.809
43.63000 224.552
43.64000 225.638
43.65000 227.067
43.66000 227.748
43.67000 225.823
43.68000 223.676
43.69000 222.151
43.70000 224.804
43.71000 226.955
43.72000 226.700
43.73000 222.632
43.74000 218.516
43.75000 217.616
43.76000 220.047
43.77000 222.464
43.78000 226.168
43.79000 230.678
43.80000 234.939
43.81000 232.367
43.82000 226.708
43.83000 221.703
43.84000 225.102
43.85000 231.067
43.86000 236.428
43.87000 233.675
43.88000 229.831
43.89000 226.828
43.90000 227.753
43.91000 229.176
43.92000 229.834
43.93000 228.117
43.94000 226.230
43.95000 224.940
43.96000 227.391
43.97000 229.315
43.98000 230.340
43.99000 230.100
44.00000 229.850
44.01000 228.347
44.02000 225.704
44.03000 223.087
44.04000 222.320
44.05000 222.652
44.06000 223.068
44.07000 225.307
44.08000 228.282
44.09000 230.825
44.10000 228.728
44.11000 225.369
44.12000 222.404
44.13000 224.094
44.14000 226.268
44.15000 226.709
44.16000 219.985
44.17000 212.481
44.18000 208.785
44.19000 215.636
44.20000 223.103
44.21000 228.009
44.22000 222.469
44.23000 218.214
44.24000 217.667
44.25000 221.737
44.26000 225.810
44.27000 226.481
44.28000 224.427
44.29000 222.404
44.30000 224.859
44.31000 229.556
44.32000 234.029
44.33000 234.692
44.34000 233.982
44.35000 233.461
44.36000 234.663
44.37000 236.281
44.38000 237.683
44.39000 238.082
44.40000 238.288
44.41000 238.239
44.42000 237.249
44.43000 236.172
44.44000 236.822
44.45000 241.744
44.46000 246.865
44.47000 250.086
44.48000 241.097
44.49000 234.458
44.50000 232.686
44.51000 236.256
44.52000 239.785
44.53000 237.075
44.54000 229.942
44.55000 222.960
44.56000 222.683
44.57000 225.476
44.58000 228.511
44.59000 234.914
44.60000 242.399
44.61000 249.597
44.62000 254.543
44.63000 259.008
44.64000 262.797
44.65000 261.195
44.66000 259.240
44.67000 257.671
44.68000 257.365
44.69000 257.156
44.70000 258.940
44.71000 265.123
44.72000 271.464
44.73000 275.267
44.74000 277.540
44.75000 279.144
44.76000 280.881
44.77000 282.747
44.78000 284.696
44.79000 293.189
44.80000 305.803
44.81000 318.057
44.82000 326.655
44.83000 333.349
44.84000 339.992
44.85000 346.046
44.86000 351.931
44.87000 358.956
44.88000 373.747
44.89000 390.001
44.90000 403.487
44.91000 420.346
44.92000 434.603
44.93000 449.042
44.94000 464.010
44.95000 479.013
44.96000 490.842
44.97000 496.415
44.98000 501.820
44.99000 504.898
45.00000 512.737
45.01000 518.212
45.02000 521.106
45.03000 521.816
45.04000 522.539
45.05000 523.887
45.06000 525.586
45.07000 527.221
45.08000 527.194
45.09000 526.576
45.10000 524.925
45.11000 513.113
45.12000 498.714
45.13000 485.649
45.14000 480.517
45.15000 476.696
45.16000 473.603
45.17000 457.456
45.18000 443.250
45.19000 429.230
45.20000 415.693
45.21000 402.181
45.22000 389.023
45.23000 376.485
45.24000 363.960
45.25000 357.222
45.26000 338.471
45.27000 325.686
45.28000 320.749
45.29000 321.684
45.30000 322.531
45.31000 320.179
45.32000 316.229
45.33000 312.464
45.34000 305.227
45.35000 297.427
45.36000 289.657
45.37000 282.128
45.38000 274.654
45.39000 267.650
45.40000 263.102
45.41000 258.908
45.42000 255.600
45.43000 255.327
45.44000 255.313
45.45000 254.794
45.46000 253.100
45.47000 251.359
45.48000 248.523
45.49000 243.972
45.50000 239.401
45.51000 237.092
45.52000 242.988
45.53000 246.897
45.54000 247.152
45.55000 244.983
45.56000 242.810
45.57000 240.524
45.58000 238.188
45.59000 235.986
45.60000 235.843
45.61000 236.281
45.62000 236.735
45.63000 237.301
45.64000 237.891
45.65000 237.058
45.66000 229.672
45.67000 221.469
45.68000 215.182
45.69000 220.314
45.70000 224.997
45.71000 227.889
45.72000 227.064
45.73000 226.124
45.74000 224.520
45.75000 221.992
45.76000 219.460
45.77000 219.478
45.78000 221.778
45.79000 224.014
45.80000 222.266
45.81000 218.169
45.82000 214.102
45.83000 210.682
45.84000 207.520
45.85000 204.577
45.86000 211.344
45.87000 219.815
45.88000 226.812
45.89000 224.503
45.90000 220.563
45.91000 217.457
45.92000 217.760
45.93000 218.428
45.94000 218.924
45.95000 218.297
45.96000 217.759
45.97000 217.298
45.98000 216.978
45.99000 216.661
46.00000 215.953
46.01000 214.764
46.02000 213.576
46.03000 213.723
46.04000 214.917
46.05000 216.044
46.06000 214.353
46.07000 211.180
46.08000 208.091
46.09000 206.385
46.10000 205.172
46.11000 204.059
46.12000 204.220
46.13000 204.634
46.14000 205.379
46.15000 207.950
46.16000 210.802
46.17000 213.184
46.18000 213.865
46.19000 214.391
46.20000 214.769
46.21000 214.587
46.22000 214.429
46.23000 213.480
46.24000 211.230
46.25000 208.959
46.26000 209.142
46.27000 211.981
46.28000 214.808
46.29000 214.152
46.30000 211.093
46.31000 208.085
46.32000 206.646
46.33000 205.944
46.34000 205.601
46.35000 210.170
46.36000 216.299
46.37000 221.836
46.38000 216.538
46.39000 209.869
46.40000 204.768
46.41000 207.306
46.42000 210.861
46.43000 213.112
46.44000 211.151
46.45000 208.869
46.46000 207.288
46.47000 206.238
46.48000 205.460
46.49000 206.440
46.50000 209.993
46.51000 213.569
46.52000 213.652
46.53000 210.421
46.54000 207.216
46.55000 205.127
46.56000 203.756
46.57000 202.450
46.58000 202.672
46.59000 203.533
46.60000 204.402
46.61000 205.352
46.62000 206.326
46.63000 207.191
46.64000 205.542
46.65000 203.707
46.66000 203.359
46.67000 209.419
46.68000 216.214
46.69000 219.430
46.70000 212.348
46.71000 204.622
46.72000 199.473
46.73000 198.959
46.74000 198.668
46.75000 201.365
46.76000 207.944
46.77000 214.528
46.78000 215.815
46.79000 212.678
46.80000 209.581
46.81000 206.623
46.82000 203.818
46.83000 201.116
46.84000 200.282
46.85000 200.148
46.86000 199.614
46.87000 195.224
46.88000 189.865
46.89000 185.191
46.90000 191.403
46.91000 198.232
46.92000 203.333
46.93000 201.838
46.94000 199.698
46.95000 198.353
46.96000 199.053
46.97000 199.857
46.98000 200.370
46.99000 199.795
47.00000 199.363
47.01000 198.130
47.02000 195.980
47.03000 193.844
47.04000 194.398
47.05000 196.937
47.06000 199.428
47.07000 197.116
47.08000 192.601
47.09000 188.565
47.10000 191.652
47.11000 197.120
47.12000 201.693
47.13000 198.867
47.14000 194.393
47.15000 190.569
47.16000 194.599
47.17000 198.936
47.18000 201.350
47.19000 197.234
47.20000 192.578
47.21000 190.321
47.22000 193.564
47.23000 197.025
47.24000 199.135
47.25000 203.438
47.26000 206.531
47.27000 204.729
47.28000 197.998
47.29000 191.322
47.30000 189.846
47.31000 191.777
47.32000 193.658
47.33000 196.516
47.34000 199.652
47.35000 202.124
47.36000 196.399
47.37000 188.233
47.38000 181.949
47.39000 189.125
47.40000 198.949
47.41000 207.163
47.42000 199.953
47.43000 192.391
47.44000 187.587
47.45000 191.134
47.46000 195.252
47.47000 197.630
47.48000 196.443
47.49000 195.149
47.50000 194.399
47.51000 194.307
47.52000 194.245
47.53000 193.444
47.54000 191.992
47.55000 190.536
47.56000 188.854
47.57000 187.039
47.58000 185.286
47.59000 190.329
47.60000 197.603
47.61000 203.963
47.62000 200.816
47.63000 195.149
47.64000 190.131
47.65000 189.144
47.66000 188.854
47.67000 188.617
47.68000 185.025
47.69000 181.796
47.70000 179.920
47.71000 181.699
47.72000 183.682
47.73000 183.659
47.74000 179.971
47.75000 176.205
47.76000 174.139
47.77000 181.158
47.78000 185.990
47.79000 187.932
47.80000 187.619
47.81000 187.361
47.82000 189.271
47.83000 192.308
47.84000 195.213
47.85000 194.899
47.86000 193.553
47.87000 192.087
47.88000 189.561
47.89000 186.786
47.90000 184.537
47.91000 185.165
47.92000 186.227
47.93000 187.072
47.94000 188.366
47.95000 189.441
47.96000 189.232
47.97000 185.924
47.98000 182.480
47.99000 180.967
48.00000 182.600
48.01000 184.276
48.02000 185.142
48.03000 188.864
48.04000 191.375
48.05000 194.293
48.06000 197.491
48.07000 200.503
48.08000 198.066
48.09000 193.101
48.10000 188.403
48.11000 185.387
48.12000 183.099
48.13000 181.410
48.14000 184.287
48.15000 188.114
48.16000 191.191
48.17000 190.663
48.18000 189.662
48.19000 188.888
48.20000 189.630
48.21000 190.309
48.22000 190.998
48.23000 191.709
48.24000 192.420
48.25000 192.507
48.26000 191.692
48.27000 190.869
48.28000 190.147
48.29000 189.519
48.30000 188.866
48.31000 186.459
48.32000 182.976
48.33000 179.795
48.34000 183.452
48.35000 189.940
48.36000 196.005
48.37000 196.422
48.38000 195.368
48.39000 194.524
48.40000 195.061
48.41000 195.851
48.42000 196.010
48.43000 193.487
48.44000 190.661
48.45000 188.538
48.46000 188.935
48.47000 189.365
48.48000 189.833
48.49000 190.374
48.50000 190.918
48.51000 189.693
48.52000 186.202
48.53000 182.706
48.54000 180.004
48.55000 177.961
48.56000 175.989
48.57000 177.331
48.58000 180.486
48.59000 183.645
48.60000 186.878
48.61000 190.139
48.62000 193.145
48.63000 190.870
48.64000 187.658
48.65000 184.825
48.66000 184.185
48.67000 183.896
48.68000 183.665
48.69000 183.649
48.70000 183.655
48.71000 183.659
48.72000 184.624
48.73000 185.403
48.74000 185.168
48.75000 183.192
48.76000 181.187
48.77000 177.850
48.78000 173.007
48.79000 168.180
48.80000 166.606
48.81000 167.396
48.82000 168.219
48.83000 170.152
48.84000 172.627
48.85000 175.293
48.86000 180.749
48.87000 187.125
48.88000 192.918
48.89000 189.344
48.90000 184.367
48.91000 179.414
48.92000 174.591
48.93000 169.786
48.94000 166.947
48.95000 170.704
48.96000 174.995
48.97000 178.007
48.98000 181.764
48.99000 184.630
49.00000 186.070
49.01000 185.334
49.02000 184.575
49.03000 185.849
49.04000 189.140
49.05000 192.409
49.06000 188.878
49.07000 181.069
49.08000 173.502
49.09000 172.063
49.10000 173.292
49.11000 174.814
49.12000 179.889
49.13000 186.009
49.14000 191.478
49.15000 189.683
49.16000 186.891
49.17000 184.030
49.18000 180.861
49.19000 177.654
49.20000 176.486
49.21000 181.416
49.22000 186.754
49.23000 190.360
49.24000 186.850
49.25000 184.084
49.26000 182.838
49.27000 183.649
49.28000 184.470
49.29000 183.739
49.30000 181.655
49.31000 179.594
49.32000 178.710
49.33000 178.507
49.34000 178.399
49.35000 180.175
49.36000 182.684
49.37000 184.999
49.38000 185.343
49.39000 185.171
49.40000 185.020
49.41000 180.137
49.42000 175.248
49.43000 171.833
49.44000 174.284
49.45000 177.341
49.46000 180.081
49.47000 181.974
49.48000 183.822
49.49000 185.019
49.50000 182.876
49.51000 181.258
49.52000 181.133
49.53000 182.794
49.54000 184.447
49.55000 183.225
49.56000 179.791
49.57000 176.415
49.58000 175.582
49.59000 176.038
49.60000 176.428
49.61000 175.762
49.62000 174.730
49.63000 173.754
49.64000 173.266
49.65000 172.891
49.66000 172.568
49.67000 173.274
49.68000 174.001
49.69000 175.851
49.70000 181.670
49.71000 187.837
49.72000 190.301
49.73000 183.940
49.74000 177.199
49.75000 173.023
49.76000 177.154
49.77000 180.206
49.78000 181.292
49.79000 180.308
49.80000 179.319
49.81000 177.685
49.82000 175.613
49.83000 173.589
49.84000 175.717
49.85000 179.574
49.86000 183.232
49.87000 184.267
49.88000 184.489
49.89000 184.026
49.90000 178.419
49.91000 171.757
49.92000 166.143
49.93000 172.505
49.94000 179.106
49.95000 182.734
49.96000 177.004
49.97000 170.591
49.98000 166.461
49.99000 167.191
50.00000 168.081
50.01000 168.606
50.02000 172.404
50.03000 175.103
50.04000 177.173
50.05000 178.662
50.06000 180.150
50.07000 181.601
50.08000 183.029
50.09000 184.412
50.10000 186.929
50.11000 189.750
50.12000 192.104
50.13000 189.322
50.14000 185.124
50.15000 181.566
50.16000 182.185
50.17000 183.559
50.18000 184.691
50.19000 185.661
50.20000 186.444
50.21000 187.939
50.22000 191.435
50.23000 195.052
50.24000 197.637
50.25000 198.265
50.26000 198.845
50.27000 199.170
50.28000 194.695
50.29000 191.591
50.30000 191.417
50.31000 193.623
50.32000 195.846
50.33000 198.789
50.34000 202.121
50.35000 205.320
50.36000 203.217
50.37000 199.440
50.38000 196.077
50.39000 196.574
50.40000 198.018
50.41000 200.029
50.42000 205.283
50.43000 211.048
50.44000 215.678
50.45000 216.940
50.46000 217.705
50.47000 219.500
50.48000 223.877
50.49000 228.378
50.50000 233.115
50.51000 238.251
50.52000 243.394
50.53000 246.107
50.54000 255.597
50.55000 262.029
50.56000 266.364
50.57000 269.190
50.58000 271.980
50.59000 273.572
50.60000 274.585
50.61000 275.548
50.62000 283.350
50.63000 292.614
50.64000 300.619
50.65000 298.531
50.66000 294.256
50.67000 289.721
50.68000 283.888
50.69000 277.876
50.70000 273.178
50.71000 281.119
50.72000 288.256
50.73000 293.285
50.74000 293.594
50.75000 293.727
50.76000 290.628
50.77000 282.661
50.78000 274.645
50.79000 269.040
50.80000 265.794
50.81000 262.539
50.82000 258.588
50.83000 254.190
50.84000 249.680
50.85000 242.390
50.86000 233.904
50.87000 225.938
50.88000 215.116
50.89000 204.493
50.90000 195.932
50.91000 201.672
50.92000 210.149
50.93000 215.907
50.94000 209.630
50.95000 201.923
50.96000 196.074
50.97000 196.997
50.98000 198.071
50.99000 198.211
51.00000 196.484
51.01000 194.705
51.02000 194.982
51.03000 198.006
51.04000 201.041
51.05000 197.148
51.06000 187.317
51.07000 177.610
51.08000 174.507
51.09000 175.159
51.10000 175.816
51.11000 176.557
51.12000 177.332
51.13000 178.050
51.14000 176.097
51.15000 173.720
51.16000 171.875
51.17000 173.257
51.18000 175.181
51.19000 176.347
51.20000 174.536
51.21000 172.422
51.22000 170.868
51.23000 167.273
51.24000 164.409
51.25000 162.924
51.26000 163.899
51.27000 164.921
51.28000 165.479
51.29000 165.487
51.30000 165.493
51.31000 164.456
51.32000 162.637
51.33000 160.883
51.34000 161.584
51.35000 163.530
51.36000 165.477
51.37000 167.442
51.38000 169.414
51.39000 171.214
51.40000 173.649
51.41000 175.939
51.42000 177.723
51.43000 176.819
51.44000 175.521
51.45000 173.961
51.46000 171.488
51.47000 168.936
51.48000 167.122
51.49000 169.275
51.50000 171.040
51.51000 173.236
51.52000 176.116
51.53000 179.004
51.54000 177.342
51.55000 170.955
51.56000 164.604
51.57000 164.355
51.58000 168.167
51.59000 171.827
51.60000 171.280
51.61000 168.829
51.62000 166.462
51.63000 165.179
51.64000 164.229
51.65000 163.374
51.66000 165.826
51.67000 168.558
51.68000 170.833
51.69000 170.968
51.70000 170.831
51.71000 170.235
51.72000 168.215
51.73000 166.092
51.74000 164.639
51.75000 168.210
51.76000 171.004
51.77000 172.231
51.78000 171.249
51.79000 170.251
51.80000 170.375
51.81000 171.518
51.82000 172.650
51.83000 171.628
51.84000 169.364
51.85000 167.301
51.86000 169.535
51.87000 173.507
51.88000 176.899
51.89000 174.027
51.90000 169.451
51.91000 165.409
51.92000 170.649
51.93000 176.600
51.94000 181.130
51.95000 179.768
51.96000 177.764
51.97000 175.447
51.98000 172.264
51.99000 169.030
52.00000 166.904
52.01000 166.259
52.02000 165.809
52.03000 166.200
52.04000 167.640
52.05000 169.073
52.06000 167.328
52.07000 163.032
52.08000 158.799
52.09000 156.595
52.10000 155.506
52.11000 154.550
52.12000 155.854
52.13000 157.975
52.14000 159.791
52.15000 158.821
52.16000 157.177
52.17000 155.752
52.18000 156.968
52.19000 158.353
52.20000 160.083
52.21000 163.085
52.22000 166.205
52.23000 167.483
52.24000 164.196
52.25000 160.697
52.26000 158.494
52.27000 158.987
52.28000 159.374
52.29000 159.170
52.30000 158.317
52.31000 157.465
52.32000 156.861
52.33000 156.432
52.34000 156.012
52.35000 158.152
52.36000 161.379
52.37000 164.278
52.38000 162.602
52.39000 159.453
52.40000 156.961
52.41000 159.657
52.42000 163.462
52.43000 166.692
52.44000 165.801
52.45000 164.585
52.46000 163.637
52.47000 163.566
52.48000 163.562
52.49000 164.522
52.50000 167.612
52.51000 170.779
52.52000 172.679
52.53000 164.213
52.54000 158.129
52.55000 156.341
52.56000 158.697
52.57000 161.030
52.58000 161.533
52.59000 160.882
52.60000 160.248
52.61000 159.896
52.62000 159.675
52.63000 159.448
52.64000 159.167
52.65000 158.869
52.66000 158.716
52.67000 159.555
52.68000 160.580
52.69000 161.431
52.70000 165.967
52.71000 170.072
52.72000 172.267
52.73000 168.887
52.74000 165.149
52.75000 162.432
52.76000 161.728
52.77000 161.079
52.78000 160.709
52.79000 162.429
52.80000 163.634
52.81000 164.180
52.82000 164.169
52.83000 164.124
52.84000 162.362
52.85000 159.637
52.86000 157.012
52.87000 156.324
52.88000 156.370
52.89000 156.395
52.90000 156.222
52.91000 155.999
52.92000 155.920
52.93000 156.697
52.94000 157.614
52.95000 158.358
52.96000 155.456
52.97000 152.796
52.98000 151.940
52.99000 155.781
53.00000 159.865
53.01000 162.200
53.02000 161.451
53.03000 160.645
53.04000 160.211
53.05000 165.449
53.06000 169.020
53.07000 169.473
53.08000 167.590
53.09000 165.779
53.10000 166.588
53.11000 168.711
53.12000 170.734
53.13000 168.127
53.14000 164.253
53.15000 160.597
53.16000 158.767
53.17000 157.351
53.18000 156.296
53.19000 157.132
53.20000 158.241
53.21000 159.115
53.22000 160.191
53.23000 161.067
53.24000 162.393
53.25000 164.765
53.26000 167.180
53.27000 167.070
53.28000 163.002
53.29000 158.887
53.30000 156.805
53.31000 155.702
53.32000 155.001
53.33000 158.039
53.34000 163.564
53.35000 168.966
53.36000 171.080
53.37000 171.724
53.38000 172.331
53.39000 169.271
53.40000 165.455
53.41000 162.389
53.42000 164.781
53.43000 168.264
53.44000 171.008
53.45000 170.344
53.46000 169.254
53.47000 168.419
53.48000 162.274
53.49000 157.127
53.50000 155.068
53.51000 159.425
53.52000 163.980
53.53000 165.676
53.54000 163.395
53.55000 161.088
53.56000 161.132
53.57000 163.283
53.58000 165.352
53.59000 162.392
53.60000 156.459
53.61000 150.863
53.62000 152.322
53.63000 156.598
53.64000 160.578
53.65000 158.173
53.66000 154.447
53.67000 151.604
53.68000 154.341
53.69000 158.060
53.70000 161.384
53.71000 163.101
53.72000 164.645
53.73000 165.793
53.74000 164.433
53.75000 163.264
53.76000 160.952
53.77000 156.522
53.78000 152.044
53.79000 152.069
53.80000 157.640
53.81000 163.216
53.82000 163.219
53.83000 158.833
53.84000 154.455
53.85000 150.474
53.86000 146.702
53.87000 143.427
53.88000 148.471
53.89000 156.481
53.90000 163.834
53.91000 163.451
53.92000 161.463
53.93000 159.461
53.94000 157.382
53.95000 155.291
53.96000 153.732
53.97000 154.109
53.98000 154.661
53.99000 155.058
54.00000 156.564
54.01000 157.754
54.02000 158.410
54.03000 158.182
54.04000 157.942
54.05000 156.612
54.06000 154.101
54.07000 151.600
54.08000 152.440
54.09000 155.588
54.10000 158.679
54.11000 160.042
54.12000 160.593
54.13000 160.801
54.14000 156.297
54.15000 150.296
54.16000 144.872
54.17000 146.816
54.18000 149.896
54.19000 153.004
54.20000 156.253
54.21000 159.521
54.22000 162.097
54.23000 162.437
54.24000 162.606
54.25000 162.723
54.26000 155.853
54.27000 150.495
54.28000 149.513
54.29000 154.958
54.30000 160.458
54.31000 161.876
54.32000 159.411
54.33000 156.967
54.34000 154.671
54.35000 152.509
54.36000 150.576
54.37000 153.994
54.38000 159.660
54.39000 164.877
54.40000 164.959
54.41000 163.587
54.42000 162.367
54.43000 159.053
54.44000 155.839
54.45000 153.474
54.46000 154.774
54.47000 156.496
54.48000 157.554
54.49000 156.701
54.50000 155.728
54.51000 155.080
54.52000 153.606
54.53000 152.498
54.54000 152.713
54.55000 154.649
54.56000 156.589
54.57000 157.493
54.58000 157.528
54.59000 157.562
54.60000 159.536
54.61000 162.503
54.62000 165.337
54.63000 165.710
54.64000 165.160
54.65000 164.802
54.66000 166.310
54.67000 168.287
54.68000 170.012
54.69000 163.058
54.70000 155.898
54.71000 150.167
54.72000 149.903
54.73000 150.175
54.74000 150.889
54.75000 152.738
54.76000 154.645
54.77000 155.864
54.78000 159.477
54.79000 162.138
54.80000 163.671
54.81000 163.910
54.82000 164.163
54.83000 167.211
54.84000 172.328
54.85000 177.348
54.86000 174.951
54.87000 169.104
54.88000 163.335
54.89000 158.723
54.90000 154.497
54.91000 150.962
54.92000 153.141
54.93000 156.596
54.94000 159.550
54.95000 165.630
54.96000 171.129
54.97000 173.840
54.98000 167.060
54.99000 159.495
55.00000 155.327
55.01000 158.966
55.02000 162.914
55.03000 165.323
55.04000 161.341
55.05000 158.441
55.06000 157.113
55.07000 157.368
55.08000 157.622
55.09000 157.745
55.10000 157.780
55.11000 157.815
55.12000 154.539
55.13000 150.021
55.14000 146.208
55.15000 151.122
55.16000 158.639
55.17000 165.590
55.18000 168.478
55.19000 170.566
55.20000 172.313
55.21000 175.566
55.22000 178.422
55.23000 179.232
55.24000 173.837
55.25000 168.015
55.26000 164.170
55.27000 164.381
55.28000 164.713
55.29000 164.906
55.30000 171.522
55.31000 176.190
55.32000 177.775
55.33000 176.631
55.34000 175.531
55.35000 176.997
55.36000 179.960
55.37000 182.823
55.38000 183.542
55.39000 183.421
55.40000 183.092
55.41000 180.582
55.42000 177.494
55.43000 175.847
55.44000 183.191
55.45000 192.093
55.46000 199.364
55.47000 198.708
55.48000 197.487
55.49000 198.472
55.50000 205.430
55.51000 212.722
55.52000 217.247
55.53000 216.703
55.54000 216.051
55.55000 215.694
55.56000 222.989
55.57000 228.011
55.58000 229.847
55.59000 229.195
55.60000 228.840
55.61000 240.430
55.62000 258.238
55.63000 275.277
55.64000 290.027
55.65000 303.014
55.66000 315.526
55.67000 323.816
55.68000 331.111
55.69000 339.312
55.70000 352.462
55.71000 366.362
55.72000 377.429
55.73000 411.064
55.74000 439.811
55.75000 465.778
55.76000 485.028
55.77000 503.979
55.78000 520.393
55.79000 532.669
55.80000 544.887
55.81000 551.202
55.82000 575.256
55.83000 591.417
55.84000 600.394
55.85000 604.401
55.86000 608.616
55.87000 619.002
55.88000 632.254
55.89000 644.796
55.90000 646.968
55.91000 645.970
55.92000 645.164
55.93000 645.834
55.94000 646.811
55.95000 645.741
55.96000 634.821
55.97000 622.606
55.98000 613.147
55.99000 610.918
56.00000 609.578
56.01000 602.649
56.02000 583.657
56.03000 564.254
56.04000 544.585
56.05000 524.532
56.06000 504.478
56.07000 485.142
56.08000 466.487
56.09000 447.837
56.10000 429.536
56.11000 411.450
56.12000 393.637
56.13000 382.017
56.14000 372.966
56.15000 364.504
56.16000 352.276
56.17000 340.218
56.18000 328.479
56.19000 318.862
56.20000 309.635
56.21000 298.969
56.22000 282.181
56.23000 264.700
56.24000 251.565
56.25000 250.036
56.26000 249.398
56.27000 246.162
56.28000 237.922
56.29000 229.556
56.30000 222.701
56.31000 217.786
56.32000 212.884
56.33000 208.540
56.34000 204.667
56.35000 200.770
56.36000 195.728
56.37000 190.059
56.38000 184.498
56.39000 180.887
56.40000 177.997
56.41000 175.332
56.42000 177.744
56.43000 181.035
56.44000 184.023
56.45000 185.256
56.46000 186.206
56.47000 186.590
56.48000 184.838
56.49000 182.879
56.50000 181.454
56.51000 170.066
56.52000 160.924
56.53000 156.667
56.54000 160.798
56.55000 165.074
56.56000 165.195
56.57000 160.609
56.58000 156.035
56.59000 155.699
56.60000 158.434
56.61000 161.051
56.62000 159.683
56.63000 156.368
56.64000 153.149
56.65000 151.331
56.66000 149.976
56.67000 148.745
56.68000 151.966
56.69000 155.680
56.70000 158.926
56.71000 159.788
56.72000 160.315
56.73000 160.381
56.74000 158.895
56.75000 157.283
56.76000 156.152
56.77000 155.300
56.78000 154.663
56.79000 154.825
56.80000 156.207
56.81000 157.602
56.82000 158.932
56.83000 160.196
56.84000 161.452
56.85000 158.728
56.86000 153.505
56.87000 148.414
56.88000 146.679
56.89000 146.409
56.90000 146.378
56.91000 149.247
56.92000 152.972
56.93000 156.301
56.94000 149.350
56.95000 141.549
56.96000 136.172
56.97000 141.690
56.98000 148.527
56.99000 153.379
57.00000 152.278
57.01000 150.778
57.02000 149.764
57.03000 147.071
57.04000 145.029
57.05000 143.900
57.06000 144.009
57.07000 144.123
57.08000 143.005
57.09000 140.812
57.10000 138.642
57.11000 139.318
57.12000 141.580
57.13000 143.762
57.14000 144.362
57.15000 144.346
57.16000 144.535
57.17000 146.821
57.18000 149.657
57.19000 152.147
57.20000 151.275
57.21000 150.032
57.22000 148.536
57.23000 146.028
57.24000 143.416
57.25000 143.016
57.26000 148.535
57.27000 154.377
57.28000 158.166
57.29000 161.476
57.30000 163.892
57.31000 163.025
57.32000 158.221
57.33000 153.421
57.34000 151.710
57.35000 152.379
57.36000 153.037
57.37000 152.860
57.38000 152.275
57.39000 151.581
57.40000 149.127
57.41000 146.061
57.42000 143.660
57.43000 147.064
57.44000 151.818
57.45000 155.910
57.46000 154.193
57.47000 152.004
57.48000 149.976
57.49000 148.517
57.50000 147.108
57.51000 145.981
57.52000 145.529
57.53000 145.106
57.54000 144.844
57.55000 147.877
57.56000 150.091
57.57000 147.663
57.58000 140.339
57.59000 133.074
57.60000 132.664
57.61000 136.938
57.62000 141.112
57.63000 139.501
57.64000 135.418
57.65000 131.906
57.66000 135.924
57.67000 142.277
57.68000 147.734
57.69000 146.451
57.70000 143.783
57.71000 141.534
57.72000 143.902
57.73000 146.376
57.74000 148.214
57.75000 148.042
57.76000 147.724
57.77000 147.113
57.78000 145.879
57.79000 144.624
57.80000 143.883
57.81000 149.994
57.82000 154.347
57.83000 154.719
57.84000 151.412
57.85000 148.132
57.86000 146.731
57.87000 146.471
57.88000 146.219
57.89000 144.496
57.90000 142.295
57.91000 140.141
57.92000 138.510
57.93000 137.024
57.94000 135.832
57.95000 136.556
57.96000 137.627
57.97000 138.509
57.98000 139.645
57.99000 140.604
58.00000 141.087
58.01000 140.235
58.02000 139.302
58.03000 139.208
58.04000 140.711
58.05000 142.252
58.06000 143.115
58.07000 141.784
58.08000 140.861
58.09000 141.507
58.10000 143.431
58.11000 145.362
58.12000 147.596
58.13000 149.995
58.14000 152.298
58.15000 149.790
58.16000 145.797
58.17000 142.505
58.18000 145.767
58.19000 150.638
58.20000 154.137
58.21000 149.802
58.22000 144.226
58.23000 139.746
58.24000 139.583
58.25000 139.781
58.26000 139.560
58.27000 138.286
58.28000 136.961
58.29000 136.755
58.30000 138.449
58.31000 140.174
58.32000 141.084
58.33000 140.380
58.34000 139.902
58.35000 139.603
58.36000 139.432
58.37000 139.223
58.38000 137.791
58.39000 135.768
58.40000 133.847
58.41000 137.659
58.42000 142.910
58.43000 147.416
58.44000 145.942
58.45000 143.168
58.46000 140.457
58.47000 138.063
58.48000 135.712
58.49000 133.874
58.50000 140.810
58.51000 146.903
58.52000 149.374
58.53000 143.718
58.54000 137.759
58.55000 136.362
58.56000 141.848
58.57000 147.404
58.58000 147.790
58.59000 143.110
58.60000 138.458
58.61000 136.151
58.62000 135.344
58.63000 134.630
58.64000 136.220
58.65000 138.803
58.66000 141.229
58.67000 140.157
58.68000 138.252
58.69000 136.772
58.70000 138.246
58.71000 140.286
58.72000 141.312
58.73000 137.837
58.74000 133.825
58.75000 130.779
58.76000 134.535
58.77000 137.838
58.78000 139.927
58.79000 139.584
58.80000 139.174
58.81000 138.726
58.82000 138.228
58.83000 137.730
58.84000 137.864
58.85000 138.543
58.86000 139.206
58.87000 139.012
58.88000 138.330
58.89000 137.668
58.90000 137.366
58.91000 137.205
58.92000 137.054
58.93000 136.880
58.94000 136.718
58.95000 136.726
58.96000 137.765
58.97000 138.977
58.98000 140.266
58.99000 141.859
59.00000 143.483
59.01000 144.677
59.02000 137.463
59.03000 131.535
59.04000 129.158
59.05000 133.124
59.06000 137.215
59.07000 138.989
59.08000 138.024
59.09000 137.057
59.10000 137.186
59.11000 138.142
59.12000 139.062
59.13000 138.660
59.14000 137.586
59.15000 136.509
59.16000 135.385
59.17000 134.246
59.18000 133.205
59.19000 138.090
59.20000 143.635
59.21000 147.565
59.22000 142.910
59.23000 136.994
59.24000 132.436
59.25000 132.625
59.26000 133.222
59.27000 133.647
59.28000 129.649
59.29000 126.463
59.30000 127.238
59.31000 134.312
59.32000 141.466
59.33000 144.635
59.34000 143.659
59.35000 142.688
59.36000 139.266
59.37000 134.256
59.38000 129.454
59.39000 130.458
59.40000 134.094
59.41000 137.530
59.42000 138.381
59.43000 138.440
59.44000 138.492
59.45000 139.182
59.46000 139.900
59.47000 140.102
59.48000 137.893
59.49000 135.377
59.50000 133.396
59.51000 133.084
59.52000 132.892
59.53000 132.760
59.54000 136.330
59.55000 139.093
59.56000 139.650
59.57000 137.092
59.58000 134.513
59.59000 134.286
59.60000 136.202
59.61000 138.101
59.62000 138.590
59.63000 138.242
59.64000 137.880
59.65000 137.249
59.66000 136.507
59.67000 135.828
59.68000 135.824
59.69000 136.004
59.70000 136.163
59.71000 132.251
59.72000 128.244
59.73000 125.996
59.74000 131.037
59.75000 136.876
59.76000 140.450
59.77000 137.729
59.78000 134.640
59.79000 132.607
59.80000 131.446
59.81000 130.605
59.82000 128.562
59.83000 125.016
59.84000 121.478
59.85000 122.496
59.86000 127.175
59.87000 131.785
59.88000 134.179
59.89000 135.353
59.90000 136.464
59.91000 136.492
59.92000 136.129
59.93000 136.014
59.94000 138.185
59.95000 140.910
59.96000 143.272
59.97000 138.733
59.98000 133.952
59.99000 130.155
60.00000 129.984
60.01000 130.151
60.02000 131.652
60.03000 136.461
60.04000 141.425
60.05000 144.552
60.06000 141.852
60.07000 139.831
60.08000 136.316
60.09000 131.153
60.10000 126.013
60.11000 124.186
60.12000 124.715
60.13000 125.233
60.14000 127.011
60.15000 129.295
60.16000 131.427
60.17000 131.420
60.18000 130.723
60.19000 130.149
60.20000 130.545
60.21000 131.150
60.22000 131.663
60.23000 132.871
60.24000 133.965
60.25000 134.326
60.26000 132.285
60.27000 130.057
60.28000 129.540
60.29000 132.812
60.30000 136.221
60.31000 138.269
60.32000 139.273
60.33000 139.980
60.34000 139.304
60.35000 137.293
60.36000 135.313
60.37000 135.872
60.38000 138.036
60.39000 140.139
60.40000 141.422
60.41000 142.310
60.42000 142.881
60.43000 139.747
60.44000 135.548
60.45000 131.700
60.46000 130.252
60.47000 129.256
60.48000 128.430
60.49000 126.223
60.50000 124.264
60.51000 122.872
60.52000 123.138
60.53000 123.512
60.54000 124.502
60.55000 126.712
60.56000 128.955
60.57000 130.234
60.58000 134.649
60.59000 137.738
60.60000 140.620
60.61000 143.326
60.62000 145.960
60.63000 144.855
60.64000 141.647
60.65000 138.558
60.66000 138.966
60.67000 140.598
60.68000 141.847
60.69000 139.305
60.70000 135.794
60.71000 132.531
60.72000 130.747
60.73000 129.209
60.74000 127.962
60.75000 132.147
60.76000 135.999
60.77000 138.663
60.78000 138.229
60.79000 137.634
60.80000 138.693
60.81000 142.668
60.82000 146.699
60.83000 148.871
60.84000 137.568
60.85000 129.844
60.86000 125.724
60.87000 124.308
60.88000 123.011
60.89000 126.023
60.90000 131.197
60.91000 136.130
60.92000 138.427
60.93000 139.728
60.94000 141.165
60.95000 143.758
60.96000 146.613
60.97000 147.468
60.98000 137.834
60.99000 126.682
61.00000 117.881
61.01000 130.468
61.02000 142.016
61.03000 149.922
61.04000 149.342
61.05000 148.415
61.06000 146.705
61.07000 143.767
61.08000 140.814
61.09000 139.319
61.10000 141.628
61.11000 143.171
61.12000 144.520
61.13000 145.739
61.14000 146.731
61.15000 141.574
61.16000 133.664
61.17000 126.206
61.18000 127.080
61.19000 130.190
61.20000 133.082
61.21000 134.377
61.22000 135.353
61.23000 135.826
61.24000 133.970
61.25000 131.823
61.26000 130.176
61.27000 130.754
61.28000 131.333
61.29000 132.981
61.30000 136.852
61.31000 140.791
61.32000 142.297
61.33000 140.408
61.34000 138.498
61.35000 138.137
61.36000 139.168
61.37000 140.199
61.38000 141.189
61.39000 142.155
61.40000 143.051
61.41000 142.491
61.42000 141.348
61.43000 140.285
61.44000 140.683
61.45000 141.399
61.46000 142.821
61.47000 148.726
61.48000 155.420
61.49000 160.802
61.50000 160.815
61.51000 160.250
61.52000 159.830
61.53000 170.346
61.54000 179.014
61.55000 190.575
61.56000 207.509
61.57000 224.562
61.58000 241.281
61.59000 257.587
61.60000 273.862
61.61000 285.283
61.62000 292.820
61.63000 300.424
61.64000 310.823
61.65000 322.696
61.66000 333.805
61.67000 332.079
61.68000 325.768
61.69000 319.975
61.70000 320.633
61.71000 322.596
61.72000 323.835
61.73000 321.052
61.74000 317.651
61.75000 313.603
61.76000 307.201
61.77000 300.584
61.78000 295.824
61.79000 275.294
61.80000 259.026
61.81000 243.473
61.82000 229.105
61.83000 214.754
61.84000 201.463
61.85000 189.322
61.86000 177.236
61.87000 166.690
61.88000 157.327
61.89000 148.231
61.90000 147.351
61.91000 150.341
61.92000 152.992
61.93000 150.976
61.94000 147.474
61.95000 144.308
61.96000 143.068
61.97000 142.337
61.98000 141.751
61.99000 141.878
62.00000 142.100
62.01000 142.396
62.02000 142.932
62.03000 143.486
62.04000 143.871
62.05000 139.183
62.06000 135.518
62.07000 137.064
62.08000 146.273
62.09000 155.549
62.10000 156.323
62.11000 148.996
62.12000 141.728
62.13000 139.753
62.14000 141.056
62.15000 142.423
62.16000 145.301
62.17000 148.813
62.18000 151.895
62.19000 150.039
62.20000 146.781
62.21000 143.885
62.22000 141.809
62.23000 140.141
62.24000 139.376
62.25000 142.519
62.26000 146.113
62.27000 147.456
62.28000 142.298
62.29000 136.730
62.30000 133.015
62.31000 139.827
62.32000 145.075
62.33000 147.385
62.34000 145.865
62.35000 144.335
62.36000 145.951
62.37000 150.205
62.38000 154.404
62.39000 151.664
62.40000 145.242
62.41000 139.094
62.42000 137.997
62.43000 138.798
62.44000 139.514
62.45000 139.406
62.46000 139.089
62.47000 138.813
62.48000 145.082
62.49000 151.361
62.50000 156.088
62.51000 154.867
62.52000 153.062
62.53000 150.915
62.54000 147.888
62.55000 144.816
62.56000 142.851
62.57000 150.151
62.58000 155.587
62.59000 154.025
62.60000 144.409
62.61000 134.830
62.62000 133.984
62.63000 139.609
62.64000 145.129
62.65000 147.608
62.66000 148.546
62.67000 149.328
62.68000 147.793
62.69000 145.481
62.70000 143.401
62.71000 143.260
62.72000 143.552
62.73000 143.802
62.74000 140.935
62.75000 138.142
62.76000 136.515
62.77000 138.861
62.78000 141.536
62.79000 144.025
62.80000 146.084
62.81000 148.127
62.82000 149.375
62.83000 144.220
62.84000 140.482
62.85000 139.123
62.86000 140.170
62.87000 141.229
62.88000 143.376
62.89000 146.239
62.90000 149.028
62.91000 146.348
62.92000 141.485
62.93000 136.719
62.94000 133.154
62.95000 129.948
62.96000 128.137
62.97000 136.334
62.98000 146.506
62.99000 155.018
63.00000 154.767
63.01000 153.660
63.02000 152.431
63.03000 150.828
63.04000 149.199
63.05000 147.528
63.06000 145.770
63.07000 144.009
63.08000 142.987
63.09000 143.752
63.10000 144.296
63.11000 143.161
63.12000 140.536
63.13000 137.971
63.14000 138.901
63.15000 141.874
63.16000 144.746
63.17000 145.408
63.18000 145.207
63.19000 144.820
63.20000 142.480
63.21000 139.620
63.22000 137.794
63.23000 142.429
63.24000 148.184
63.25000 152.888
63.26000 148.156
63.27000 143.465
63.28000 141.309
63.29000 146.026
63.30000 151.127
63.31000 152.868
63.32000 148.446
63.33000 143.891
63.34000 141.387
63.35000 153.127
63.36000 161.211
63.37000 163.377
63.38000 160.911
63.39000 158.446
63.40000 156.018
63.41000 153.609
63.42000 151.303
63.43000 151.067
63.44000 151.526
63.45000 152.094
63.46000 153.628
63.47000 155.391
63.48000 156.163
63.49000 151.509
63.50000 146.033
63.51000 141.672
63.52000 149.019
63.53000 155.792
63.54000 159.433
63.55000 155.493
63.56000 151.216
63.57000 147.997
63.58000 146.506
63.59000 145.041
63.60000 144.282
63.61000 144.916
63.62000 145.336
63.63000 144.800
63.64000 143.601
63.65000 142.485
63.66000 143.818
63.67000 146.291
63.68000 148.631
63.69000 151.926
63.70000 155.233
63.71000 158.129
63.72000 157.873
63.73000 156.960
63.74000 155.827
63.75000 153.636
63.76000 151.305
63.77000 149.500
63.78000 150.045
63.79000 150.618
63.80000 152.321
63.81000 156.468
63.82000 160.699
63.83000 161.289
63.84000 156.591
63.85000 151.851
63.86000 153.045
63.87000 159.814
63.88000 166.463
63.89000 164.456
63.90000 157.118
63.91000 149.990
63.92000 147.666
63.93000 147.337
63.94000 147.029
63.95000 147.666
63.96000 148.484
63.97000 149.606
63.98000 152.752
63.99000 156.269
64.00000 159.239
64.01000 159.873
64.02000 160.242
64.03000 160.519
64.04000 161.760
64.05000 162.776
64.06000 163.635
64.07000 164.190
64.08000 164.738
64.09000 164.132
64.10000 162.041
64.11000 159.948
64.12000 159.828
64.13000 161.336
64.14000 162.839
64.15000 164.112
64.16000 165.259
64.17000 166.241
64.18000 164.248
64.19000 161.151
64.20000 158.294
64.21000 158.380
64.22000 159.113
64.23000 159.763
64.24000 159.932
64.25000 160.022
64.26000 159.904
64.27000 158.995
64.28000 158.010
64.29000 157.293
64.30000 156.169
64.31000 155.289
64.32000 154.197
64.33000 152.741
64.34000 151.280
64.35000 155.142
64.36000 165.049
64.37000 174.929
64.38000 180.173
64.39000 182.011
64.40000 183.753
64.41000 182.219
64.42000 179.083
64.43000 175.971
64.44000 173.222
64.45000 170.592
64.46000 168.203
64.47000 167.431
64.48000 167.064
64.49000 166.624
64.50000 165.812
64.51000 164.949
64.52000 163.006
64.53000 157.429
64.54000 151.556
64.55000 147.430
64.56000 164.177
64.57000 177.471
64.58000 183.101
64.59000 176.997
64.60000 170.767
64.61000 167.297
64.62000 166.577
64.63000 165.862
64.64000 168.835
64.65000 174.120
64.66000 179.195
64.67000 178.925
64.68000 176.318
64.69000 174.050
64.70000 175.911
64.71000 178.990
64.72000 181.744
64.73000 181.027
64.74000 179.814
64.75000 178.714
64.76000 178.128
64.77000 177.604
64.78000 178.567
64.79000 183.990
64.80000 189.713
64.81000 193.585
64.82000 191.290
64.83000 189.448
64.84000 188.444
64.85000 188.580
64.86000 188.726
64.87000 191.621
64.88000 196.923
64.89000 202.165
64.90000 199.718
64.91000 192.989
64.92000 186.744
64.93000 190.142
64.94000 197.304
64.95000 203.794
64.96000 203.399
64.97000 201.195
64.98000 199.260
64.99000 197.593
65.00000 196.199
65.01000 194.913
65.02000 194.058
65.03000 193.247
65.04000 193.877
65.05000 198.369
65.06000 203.072
65.07000 206.125
65.08000 217.701
65.09000 226.308
65.10000 231.093
65.11000 231.291
65.12000 231.477
65.13000 231.241
65.14000 230.680
65.15000 230.128
65.16000 233.012
65.17000 237.515
65.18000 241.874
65.19000 243.936
65.20000 245.197
65.21000 247.324
65.22000 257.031
65.23000 268.504
65.24000 278.385
65.25000 284.564
65.26000 289.331
65.27000 293.217
65.28000 293.978
65.29000 294.464
65.30000 295.873
65.31000 299.490
65.32000 303.202
65.33000 305.505
65.34000 319.873
65.35000 330.328
65.36000 341.219
65.37000 352.570
65.38000 363.881
65.39000 370.578
65.40000 374.117
65.41000 377.573
65.42000 382.853
65.43000 388.708
65.44000 394.540
65.45000 400.051
65.46000 405.463
65.47000 411.583
65.48000 423.038
65.49000 435.592
65.50000 446.176
65.51000 458.303
65.52000 468.597
65.53000 475.260
65.54000 470.453
65.55000 464.804
65.56000 461.764
65.57000 464.300
65.58000 467.020
65.59000 468.628
65.60000 459.284
65.61000 452.628
65.62000 458.848
65.63000 476.998
65.64000 495.156
65.65000 513.823
65.66000 532.801
65.67000 551.191
65.68000 571.196
65.69000 590.759
65.70000 613.099
65.71000 666.118
65.72000 727.626
65.73000 786.639
65.74000 829.320
65.75000 869.040
65.76000 901.766
65.77000 984.571
65.78000 1057.300
65.79000 1124.082
65.80000 1174.108
65.81000 1223.124
65.82000 1262.997
65.83000 1285.439
65.84000 1307.459
65.85000 1319.795
65.86000 1323.320
65.87000 1325.721
65.88000 1319.660
65.89000 1306.694
65.90000 1293.612
65.91000 1275.255
65.92000 1254.039
65.93000 1233.668
65.94000 1194.665
65.95000 1151.793
65.96000 1105.577
65.97000 1028.002
65.98000 942.720
65.99000 858.786
66.00000 782.572
66.01000 707.584
66.02000 647.323
66.03000 581.899
66.04000 528.470
66.05000 480.418
66.06000 445.890
66.07000 412.016
66.08000 385.833
66.09000 372.720
66.10000 359.823
66.11000 353.009
66.12000 336.337
66.13000 325.054
66.14000 320.882
66.15000 321.844
66.16000 322.740
66.17000 321.450
66.18000 319.102
66.19000 316.872
66.20000 319.058
66.21000 322.413
66.22000 325.715
66.23000 328.587
66.24000 331.365
66.25000 335.423
66.26000 345.919
66.27000 357.305
66.28000 366.211
66.29000 376.597
66.30000 384.984
66.31000 396.309
66.32000 414.234
66.33000 432.407
66.34000 445.862
66.35000 452.184
66.36000 458.434
66.37000 466.810
66.38000 477.276
66.39000 487.715
66.40000 495.839
66.41000 502.480
66.42000 509.149
66.43000 516.509
66.44000 524.168
66.45000 531.361
66.46000 530.534
66.47000 527.647
66.48000 523.311
66.49000 508.879
66.50000 492.508
66.51000 476.480
66.52000 461.975
66.53000 447.652
66.54000 436.772
66.55000 415.221
66.56000 397.727
66.57000 383.439
66.58000 375.583
66.59000 367.908
66.60000 362.892
66.61000 361.440
66.62000 360.007
66.63000 354.221
66.64000 344.696
66.65000 335.326
66.66000 334.317
66.67000 338.078
66.68000 341.579
66.69000 340.029
66.70000 336.531
66.71000 333.289
66.72000 335.729
66.73000 339.251
66.74000 341.276
66.75000 334.210
66.76000 325.610
66.77000 320.617
66.78000 329.837
66.79000 340.508
66.80000 348.361
66.81000 354.082
66.82000 358.420
66.83000 358.173
66.84000 349.723
66.85000 341.109
66.86000 337.808
66.87000 340.799
66.88000 343.795
66.89000 346.629
66.90000 349.325
66.91000 351.962
66.92000 352.391
66.93000 351.696
66.94000 351.202
66.95000 353.870
66.96000 357.627
66.97000 361.059
66.98000 365.683
66.99000 370.034
67.00000 374.145
67.01000 376.978
67.02000 379.624
67.03000 380.708
67.04000 376.319
67.05000 371.458
67.06000 368.000
67.07000 379.396
67.08000 388.550
67.09000 395.558
67.10000 399.144
67.11000 402.687
67.12000 405.925
67.13000 408.846
67.14000 411.751
67.15000 408.453
67.16000 401.059
67.17000 393.997
67.18000 396.233
67.19000 402.690
67.20000 408.537
67.21000 406.474
67.22000 401.984
67.23000 397.946
67.24000 388.519
67.25000 379.302
67.26000 373.724
67.27000 385.228
67.28000 398.912
67.29000 410.243
67.30000 414.237
67.31000 417.702
67.32000 420.077
67.33000 416.988
67.34000 414.543
67.35000 413.085
67.36000 413.024
67.37000 412.977
67.38000 419.079
67.39000 430.801
67.40000 442.412
67.41000 442.521
67.42000 435.860
67.43000 429.859
67.44000 438.120
67.45000 452.164
67.46000 465.002
67.47000 464.747
67.48000 460.915
67.49000 457.528
67.50000 456.179
67.51000 455.328
67.52000 454.804
67.53000 455.638
67.54000 456.621
67.55000 459.655
67.56000 468.399
67.57000 477.479
67.58000 483.457
67.59000 475.349
67.60000 469.134
67.61000 467.908
67.62000 472.932
67.63000 477.965
67.64000 479.112
67.65000 477.132
67.66000 475.181
67.67000 482.131
67.68000 493.502
67.69000 504.491
67.70000 508.891
67.71000 510.904
67.72000 512.112
67.73000 505.890
67.74000 497.865
67.75000 490.907
67.76000 493.264
67.77000 496.514
67.78000 499.558
67.79000 501.847
67.80000 504.066
67.81000 509.390
67.82000 522.431
67.83000 535.836
67.84000 544.284
67.85000 535.951
67.86000 529.726
67.87000 532.160
67.88000 544.153
67.89000 556.123
67.90000 563.794
67.91000 568.400
67.92000 572.910
67.93000 574.245
67.94000 574.071
67.95000 574.359
67.96000 581.160
67.97000 590.065
67.98000 597.320
67.99000 591.504
68.00000 582.881
68.01000 575.557
68.02000 587.050
68.03000 598.845
68.04000 607.045
68.05000 603.439
68.06000 598.909
68.07000 596.106
68.08000 597.136
68.09000 598.306
68.10000 599.009
68.11000 604.268
68.12000 608.037
68.13000 614.531
68.14000 623.665
68.15000 632.708
68.16000 634.430
68.17000 631.520
68.18000 628.692
68.19000 638.137
68.20000 652.087
68.21000 665.374
68.22000 670.904
68.23000 674.200
68.24000 677.040
68.25000 676.749
68.26000 675.865
68.27000 675.131
68.28000 681.755
68.29000 687.948
68.30000 695.771
68.31000 708.371
68.32000 721.280
68.33000 729.618
68.34000 728.901
68.35000 727.938
68.36000 727.388
68.37000 744.674
68.38000 756.790
68.39000 766.923
68.40000 775.367
68.41000 783.775
68.42000 790.317
68.43000 795.807
68.44000 801.096
68.45000 805.026
68.46000 808.232
68.47000 812.769
68.48000 830.491
68.49000 851.588
68.50000 871.563
68.51000 884.827
68.52000 896.975
68.53000 906.823
68.54000 915.581
68.55000 922.628
68.56000 941.522
68.57000 991.382
68.58000 1042.858
68.59000 1088.420
68.60000 1123.534
68.61000 1158.449
68.62000 1177.279
68.63000 1239.920
68.64000 1282.891
68.65000 1342.741
68.66000 1415.286
68.67000 1487.744
68.68000 1556.998
68.69000 1624.643
68.70000 1689.156
68.71000 1762.875
68.72000 1834.178
68.73000 1903.195
68.74000 1952.861
68.75000 1998.136
68.76000 2049.346
68.77000 2131.729
68.78000 2218.634
68.79000 2287.249
68.80000 2356.905
68.81000 2412.875
68.82000 2482.087
68.83000 2582.211
68.84000 2683.604
68.85000 2809.973
68.86000 2975.627
68.87000 3141.760
68.88000 3225.950
68.89000 3879.073
68.90000 4320.179
68.91000 5140.749
68.92000 6214.447
68.93000 7328.249
68.94000 9529.404
68.95000 12218.350
68.96000 14754.014
68.97000 19671.801
68.98000 24838.580
68.99000 30126.221
69.00000 36296.719
69.01000 42644.199
69.02000 48862.648
69.03000 54483.277
69.04000 60028.824
69.05000 64284.352
69.06000 68356.305
69.07000 71563.938
69.08000 74004.648
69.09000 74846.766
69.10000 75639.070
69.11000 76197.320
69.12000 76428.664
69.13000 76657.734
69.14000 77297.609
69.15000 78306.672
69.16000 79308.898
69.17000 79885.422
69.18000 80209.391
69.19000 80459.820
69.20000 79162.523
69.21000 77245.148
69.22000 75459.703
69.23000 71617.234
69.24000 67641.047
69.25000 63702.840
69.26000 60005.977
69.27000 56351.664
69.28000 52825.402
69.29000 49824.445
69.30000 46880.117
69.31000 44689.254
69.32000 42716.715
69.33000 41191.875
69.34000 39857.891
69.35000 38878.871
69.36000 37907.832
69.37000 36744.945
69.38000 35344.918
69.39000 33946.754
69.40000 31756.061
69.41000 28948.725
69.42000 26135.250
69.43000 23062.545
69.44000 19852.771
69.45000 16677.725
69.46000 14087.575
69.47000 11706.647
69.48000 9520.296
69.49000 7739.960
69.50000 6238.366
69.51000 4854.836
69.52000 4128.203
69.53000 3502.898
69.54000 2945.397
69.55000 2634.941
69.56000 2347.100
69.57000 2139.938
69.58000 1989.869
69.59000 1876.968
69.60000 1775.149
69.61000 1691.692
69.62000 1608.512
69.63000 1540.918
69.64000 1490.298
69.65000 1439.905
69.66000 1398.754
69.67000 1364.463
69.68000 1330.122
69.69000 1294.248
69.70000 1257.651
69.71000 1220.680
69.72000 1178.546
69.73000 1134.764
69.74000 1095.175
69.75000 1071.841
69.76000 1054.340
69.77000 1036.936
69.78000 1020.010
69.79000 1003.148
69.80000 987.073
69.81000 973.554
69.82000 960.230
69.83000 950.981
69.84000 920.490
69.85000 896.953
69.86000 883.643
69.87000 885.400
69.88000 887.290
69.89000 880.226
69.90000 864.611
69.91000 849.122
69.92000 838.464
69.93000 830.961
69.94000 823.507
69.95000 817.204
69.96000 811.386
69.97000 804.883
69.98000 790.493
69.99000 773.860
70.00000 759.072
