20.00000 464.588
20.01000 462.163
20.02000 459.392
20.03000 457.430
20.04000 458.660
20.05000 460.217
20.06000 461.366
20.07000 478.490
20.08000 492.438
20.09000 499.430
20.10000 493.696
20.11000 487.690
20.12000 482.578
20.13000 478.563
20.14000 474.559
20.15000 472.083
20.16000 470.835
20.17000 469.530
20.18000 465.728
20.19000 460.583
20.20000 455.922
20.21000 459.813
20.22000 466.845
20.23000 473.332
20.24000 471.366
20.25000 467.716
20.26000 465.594
20.27000 472.458
20.28000 480.790
20.29000 486.378
20.30000 481.340
20.31000 475.241
20.32000 470.760
20.33000 465.193
20.34000 460.844
20.35000 460.350
20.36000 466.787
20.37000 473.364
20.38000 473.230
20.39000 465.010
20.40000 456.788
20.41000 456.233
20.42000 461.662
20.43000 467.059
20.44000 471.116
20.45000 474.466
20.46000 477.698
20.47000 478.917
20.48000 479.410
20.49000 479.863
20.50000 471.043
20.51000 461.126
20.52000 453.297
20.53000 457.505
20.54000 463.640
20.55000 468.556
20.56000 468.839
20.57000 468.671
20.58000 468.548
20.59000 475.645
20.60000 481.404
20.61000 482.399
20.62000 474.975
20.63000 467.392
20.64000 463.618
20.65000 464.350
20.66000 465.089
20.67000 470.153
20.68000 478.497
20.69000 486.709
20.70000 489.650
20.71000 489.856
20.72000 489.462
20.73000 479.126
20.74000 465.260
20.75000 452.523
20.76000 457.326
20.77000 465.372
20.78000 472.402
20.79000 473.687
20.80000 474.071
20.81000 473.511
20.82000 469.418
20.83000 464.990
20.84000 461.770
20.85000 467.104
20.86000 471.533
20.87000 474.918
20.88000 476.490
20.89000 478.030
20.90000 477.851
20.91000 475.678
20.92000 473.508
20.93000 473.115
20.94000 474.059
20.95000 474.949
20.96000 473.830
20.97000 471.685
20.98000 469.785
20.99000 471.813
21.00000 475.210
21.01000 478.325
21.02000 488.867
21.03000 499.817
21.04000 507.704
21.05000 498.620
21.06000 486.930
21.07000 478.002
21.08000 479.210
21.09000 481.356
21.10000 482.909
21.11000 475.462
21.12000 469.416
21.13000 469.158
21.14000 478.776
21.15000 488.559
21.16000 491.907
21.17000 487.931
21.18000 483.959
21.19000 475.932
21.20000 464.982
21.21000 454.321
21.22000 454.126
21.23000 459.178
21.24000 463.820
21.25000 462.069
21.26000 458.126
21.27000 454.520
21.28000 459.757
21.29000 466.232
21.30000 471.589
21.31000 470.866
21.32000 469.229
21.33000 467.503
21.34000 465.457
21.35000 463.383
21.36000 461.890
21.37000 482.087
21.38000 498.316
21.39000 503.799
21.40000 491.265
21.41000 478.448
21.42000 474.169
21.43000 479.425
21.44000 484.670
21.45000 487.918
21.46000 489.697
21.47000 491.326
21.48000 487.764
21.49000 481.645
21.50000 475.971
21.51000 477.021
21.52000 480.337
21.53000 483.363
21.54000 483.824
21.55000 483.715
21.56000 484.373
21.57000 489.112
21.58000 494.453
21.59000 499.502
21.60000 503.520
21.61000 507.447
21.62000 510.259
21.63000 514.010
21.64000 516.907
21.65000 517.961
21.66000 515.980
21.67000 513.955
21.68000 519.465
21.69000 533.227
21.70000 546.939
21.71000 555.358
21.72000 559.949
21.73000 564.501
21.74000 567.785
21.75000 570.454
21.76000 574.424
21.77000 597.499
21.78000 626.901
21.79000 653.666
21.80000 661.250
21.81000 664.174
21.82000 670.225
21.83000 692.620
21.84000 717.372
21.85000 738.480
21.86000 746.910
21.87000 754.255
21.88000 759.486
21.89000 776.498
21.90000 789.844
21.91000 799.522
21.92000 803.264
21.93000 806.925
21.94000 809.380
21.95000 810.540
21.96000 811.694
21.97000 815.889
21.98000 822.154
21.99000 828.205
22.00000 827.521
22.01000 823.631
22.02000 820.218
22.03000 823.616
22.04000 829.232
22.05000 834.333
22.06000 811.130
22.07000 785.159
22.08000 762.334
22.09000 755.634
22.10000 751.211
22.11000 743.900
22.12000 726.712
22.13000 708.700
22.14000 695.941
22.15000 678.397
22.16000 664.911
22.17000 651.573
22.18000 638.469
22.19000 625.369
22.20000 610.824
22.21000 594.760
22.22000 578.774
22.23000 569.640
22.24000 565.280
22.25000 561.005
22.26000 559.239
22.27000 558.648
22.28000 557.775
22.29000 552.974
22.30000 546.918
22.31000 541.431
22.32000 527.884
22.33000 514.415
22.34000 502.439
22.35000 497.966
22.36000 494.530
22.37000 492.354
22.38000 494.414
22.39000 496.818
22.40000 498.511
22.41000 485.529
22.42000 475.246
22.43000 467.164
22.44000 462.521
22.45000 457.918
22.46000 458.020
22.47000 462.976
22.48000 467.906
22.49000 464.360
22.50000 455.191
22.51000 446.359
22.52000 447.288
22.53000 452.706
22.54000 457.724
22.55000 457.344
22.56000 455.268
22.57000 453.391
22.58000 449.144
22.59000 444.969
22.60000 442.228
22.61000 446.565
22.62000 451.859
22.63000 455.512
22.64000 453.750
22.65000 451.560
22.66000 450.026
22.67000 442.619
22.68000 436.847
22.69000 435.544
22.70000 441.095
22.71000 446.721
22.72000 446.902
22.73000 441.576
22.74000 436.280
22.75000 435.428
22.76000 437.503
22.77000 439.483
22.78000 438.834
22.79000 436.996
22.80000 435.011
22.81000 431.114
22.82000 426.626
22.83000 422.580
22.84000 424.019
22.85000 426.279
22.86000 429.219
22.87000 435.454
22.88000 442.125
22.89000 446.918
22.90000 445.618
22.91000 443.851
22.92000 442.619
22.93000 439.425
22.94000 436.962
22.95000 434.557
22.96000 432.241
22.97000 429.926
22.98000 432.648
22.99000 440.365
23.00000 448.031
23.01000 449.931
23.02000 448.090
23.03000 446.216
23.04000 443.448
23.05000 440.285
23.06000 437.367
23.07000 437.589
23.08000 438.765
23.09000 439.821
23.10000 442.726
23.11000 445.599
23.12000 447.807
23.13000 446.859
23.14000 445.503
23.15000 444.655
23.16000 445.424
23.17000 446.314
23.18000 446.931
23.19000 441.043
23.20000 436.441
23.21000 432.242
23.22000 428.637
23.23000 425.039
23.24000 424.578
23.25000 427.167
23.26000 429.737
23.27000 434.774
23.28000 441.288
23.29000 447.639
23.30000 449.805
23.31000 450.142
23.32000 449.780
23.33000 440.756
23.34000 429.146
23.35000 418.733
23.36000 419.069
23.37000 421.236
23.38000 421.856
23.39000 415.265
23.40000 407.761
23.41000 404.549
23.42000 414.783
23.43000 425.993
23.44000 433.714
23.45000 429.020
23.46000 425.184
23.47000 421.482
23.48000 417.975
23.49000 414.471
23.50000 417.112
23.51000 425.608
23.52000 434.039
23.53000 432.707
23.54000 425.345
23.55000 418.238
23.56000 417.355
23.57000 419.146
23.58000 421.098
23.59000 424.979
23.60000 429.426
23.61000 433.405
23.62000 433.637
23.63000 433.200
23.64000 432.186
23.65000 428.531
23.66000 424.551
23.67000 420.538
23.68000 416.427
23.69000 412.309
23.70000 409.489
23.71000 407.093
23.72000 405.309
23.73000 411.953
23.74000 430.631
23.75000 449.395
23.76000 449.934
23.77000 433.449
23.78000 417.102
23.79000 414.214
23.80000 419.565
23.81000 424.612
23.82000 422.470
23.83000 417.292
23.84000 412.622
23.85000 413.906
23.86000 416.904
23.87000 419.580
23.88000 420.243
23.89000 420.484
23.90000 420.458
23.91000 419.235
23.92000 417.867
23.93000 417.762
23.94000 421.478
23.95000 425.457
23.96000 428.165
23.97000 418.802
23.98000 411.533
23.99000 406.844
24.00000 405.776
24.01000 404.734
24.02000 408.521
24.03000 416.732
24.04000 424.869
24.05000 426.500
24.06000 424.217
24.07000 421.844
24.08000 417.439
24.09000 412.190
24.10000 407.297
24.11000 406.476
24.12000 406.807
24.13000 407.102
24.14000 413.227
24.15000 419.500
24.16000 423.059
24.17000 414.648
24.18000 404.822
24.19000 400.010
24.20000 410.117
24.21000 421.215
24.22000 428.725
24.23000 420.977
24.24000 414.872
24.25000 412.013
24.26000 413.621
24.27000 415.256
24.28000 415.645
24.29000 414.914
24.30000 414.190
24.31000 413.014
24.32000 411.597
24.33000 409.973
24.34000 403.788
24.35000 395.742
24.36000 388.920
24.37000 395.721
24.38000 406.311
24.39000 415.711
24.40000 412.035
24.41000 406.757
24.42000 403.224
24.43000 407.249
24.44000 412.146
24.45000 418.127
24.46000 427.275
24.47000 436.627
24.48000 442.918
24.49000 419.619
24.50000 401.690
24.51000 397.165
24.52000 410.758
24.53000 424.442
24.54000 430.195
24.55000 428.960
24.56000 427.738
24.57000 419.736
24.58000 408.013
24.59000 396.821
24.60000 396.829
24.61000 401.329
24.62000 405.413
24.63000 404.967
24.64000 403.284
24.65000 401.795
24.66000 400.802
24.67000 400.021
24.68000 400.273
24.69000 404.917
24.70000 410.057
24.71000 413.004
24.72000 409.653
24.73000 405.909
24.74000 403.406
24.75000 409.561
24.76000 414.294
24.77000 417.660
24.78000 419.212
24.79000 420.745
24.80000 414.515
24.81000 401.576
24.82000 388.780
24.83000 391.098
24.84000 401.884
24.85000 412.084
24.86000 410.346
24.87000 403.901
24.88000 398.811
24.89000 408.071
24.90000 421.181
24.91000 432.754
24.92000 421.739
24.93000 408.773
24.94000 398.507
24.95000 399.506
24.96000 401.747
24.97000 403.588
24.98000 404.297
24.99000 404.938
25.00000 405.364
25.01000 397.368
25.02000 391.299
25.03000 389.723
25.04000 394.001
25.05000 398.301
25.06000 401.069
25.07000 402.539
25.08000 403.991
25.09000 399.669
25.10000 392.258
25.11000 385.533
25.12000 392.306
25.13000 404.312
25.14000 415.328
25.15000 416.139
25.16000 414.260
25.17000 412.606
25.18000 406.362
25.19000 400.297
25.20000 395.890
25.21000 398.277
25.22000 401.395
25.23000 402.114
25.24000 396.170
25.25000 389.836
25.26000 385.652
25.27000 387.920
25.28000 389.706
25.29000 391.396
25.30000 392.964
25.31000 394.531
25.32000 396.170
25.33000 397.869
25.34000 399.546
25.35000 399.117
25.36000 397.555
25.37000 396.164
25.38000 398.035
25.39000 401.147
25.40000 403.747
25.41000 401.177
25.42000 397.269
25.43000 393.838
25.44000 393.497
25.45000 393.658
25.46000 393.954
25.47000 394.797
25.48000 395.697
25.49000 395.774
25.50000 393.603
25.51000 391.303
25.52000 389.795
25.53000 386.066
25.54000 383.285
25.55000 384.582
25.56000 390.995
25.57000 397.410
25.58000 398.053
25.59000 393.983
25.60000 389.968
25.61000 391.843
25.62000 396.805
25.63000 401.415
25.64000 399.542
25.65000 395.241
25.66000 391.255
25.67000 390.363
25.68000 390.259
25.69000 390.167
25.70000 390.948
25.71000 391.743
25.72000 392.604
25.73000 393.726
25.74000 394.874
25.75000 394.475
25.76000 389.924
25.77000 385.144
25.78000 382.027
25.79000 388.891
25.80000 394.084
25.81000 393.322
25.82000 385.224
25.83000 377.128
25.84000 375.693
25.85000 379.594
25.86000 383.439
25.87000 389.548
25.88000 396.663
25.89000 403.155
25.90000 398.547
25.91000 389.851
25.92000 381.497
25.93000 376.415
25.94000 372.149
25.95000 368.426
25.96000 375.731
25.97000 383.526
25.98000 389.332
25.99000 387.419
26.00000 384.733
26.01000 384.087
26.02000 388.818
26.03000 393.836
26.04000 397.086
26.05000 392.654
26.06000 389.298
26.07000 389.436
26.08000 393.801
26.09000 398.170
26.10000 401.244
26.11000 403.301
26.12000 405.326
26.13000 398.604
26.14000 387.597
26.15000 377.112
26.16000 375.622
26.17000 377.389
26.18000 379.376
26.19000 383.431
26.20000 387.993
26.21000 391.963
26.22000 389.660
26.23000 386.833
26.24000 383.854
26.25000 380.290
26.26000 376.670
26.27000 374.053
26.28000 374.034
26.29000 374.148
26.30000 374.222
26.31000 379.887
26.32000 384.100
26.33000 389.608
26.34000 396.652
26.35000 403.667
26.36000 402.908
26.37000 396.149
26.38000 389.499
26.39000 386.641
26.40000 385.785
26.41000 385.014
26.42000 385.662
26.43000 386.814
26.44000 387.901
26.45000 388.390
26.46000 388.736
26.47000 389.035
26.48000 389.351
26.49000 389.623
26.50000 389.840
26.51000 389.856
26.52000 389.853
26.53000 387.844
26.54000 380.724
26.55000 373.351
26.56000 368.637
26.57000 376.879
26.58000 383.048
26.59000 385.479
26.60000 383.559
26.61000 381.638
26.62000 381.019
26.63000 381.386
26.64000 381.747
26.65000 379.667
26.66000 376.448
26.67000 373.550
26.68000 375.832
26.69000 379.925
26.70000 383.492
26.71000 382.365
26.72000 380.129
26.73000 378.194
26.74000 384.623
26.75000 391.183
26.76000 394.404
26.77000 385.337
26.78000 375.129
26.79000 368.879
26.80000 372.545
26.81000 376.684
26.82000 379.313
26.83000 381.130
26.84000 382.439
26.85000 382.922
26.86000 382.464
26.87000 382.014
26.88000 383.304
26.89000 385.888
26.90000 388.425
26.91000 388.292
26.92000 386.867
26.93000 385.420
26.94000 383.627
26.95000 381.715
26.96000 380.422
26.97000 384.527
26.98000 389.887
26.99000 394.509
27.00000 398.745
27.01000 402.289
27.02000 401.362
27.03000 384.276
27.04000 365.729
27.05000 357.329
27.06000 373.919
27.07000 391.664
27.08000 402.854
27.09000 391.264
27.10000 382.610
27.11000 376.026
27.12000 371.758
27.13000 367.512
27.14000 366.724
27.15000 368.460
27.16000 370.163
27.17000 373.624
27.18000 377.796
27.19000 381.564
27.20000 379.199
27.21000 374.761
27.22000 371.188
27.23000 374.970
27.24000 380.430
27.25000 385.123
27.26000 384.615
27.27000 383.534
27.28000 382.800
27.29000 383.301
27.30000 383.910
27.31000 383.952
27.32000 382.623
27.33000 381.232
27.34000 380.360
27.35000 376.490
27.36000 373.663
27.37000 369.544
27.38000 364.005
27.39000 358.526
27.40000 362.130
27.41000 372.247
27.42000 382.162
27.43000 379.771
27.44000 371.720
27.45000 364.579
27.46000 370.852
27.47000 381.580
27.48000 390.745
27.49000 386.900
27.50000 380.144
27.51000 374.353
27.52000 374.076
27.53000 374.515
27.54000 374.759
27.55000 374.319
27.56000 373.820
27.57000 371.804
27.58000 366.177
27.59000 360.395
27.60000 356.799
27.61000 358.035
27.62000 358.973
27.63000 360.459
27.64000 362.537
27.65000 364.625
27.66000 367.982
27.67000 372.233
27.68000 376.396
27.69000 374.841
27.70000 370.725
27.71000 366.753
27.72000 364.829
27.73000 363.573
27.74000 363.224
27.75000 370.245
27.76000 378.885
27.77000 386.268
27.78000 384.143
27.79000 381.219
27.80000 378.209
27.81000 374.903
27.82000 371.572
27.83000 370.343
27.84000 374.030
27.85000 377.920
27.86000 380.322
27.87000 377.900
27.88000 376.116
27.89000 368.737
27.90000 355.454
27.91000 342.311
27.92000 346.614
27.93000 362.980
27.94000 378.987
27.95000 374.074
27.96000 359.948
27.97000 347.482
27.98000 358.106
27.99000 376.137
28.00000 391.659
28.01000 387.228
28.02000 378.494
28.03000 371.056
28.04000 373.104
28.05000 375.932
28.06000 379.365
28.07000 384.835
28.08000 390.472
28.09000 393.029
28.10000 388.504
28.11000 383.698
28.12000 380.751
28.13000 373.990
28.14000 369.114
28.15000 370.610
28.16000 378.700
28.17000 386.708
28.18000 385.425
28.19000 377.833
28.20000 370.416
28.21000 365.978
28.22000 363.044
28.23000 360.275
28.24000 359.751
28.25000 359.934
28.26000 360.747
28.27000 366.459
28.28000 373.207
28.29000 378.936
28.30000 373.160
28.31000 367.005
28.32000 361.065
28.33000 355.833
28.34000 350.656
28.35000 348.706
28.36000 354.048
28.37000 359.669
28.38000 363.089
28.39000 375.323
28.40000 384.130
28.41000 382.055
28.42000 368.938
28.43000 355.951
28.44000 356.376
28.45000 365.746
28.46000 374.889
28.47000 376.885
28.48000 375.694
28.49000 374.440
28.50000 372.346
28.51000 369.991
28.52000 367.538
28.53000 364.335
28.54000 360.977
28.55000 358.135
28.56000 358.897
28.57000 359.935
28.58000 361.488
28.59000 364.718
28.60000 368.077
28.61000 369.368
28.62000 366.063
28.63000 362.589
28.64000 360.491
28.65000 351.534
28.66000 345.104
28.67000 348.997
28.68000 363.154
28.69000 377.220
28.70000 382.640
28.71000 382.397
28.72000 382.159
28.73000 381.394
28.74000 380.438
28.75000 379.362
28.76000 376.753
28.77000 373.677
28.78000 370.391
28.79000 365.538
28.80000 360.366
28.81000 356.004
28.82000 364.680
28.83000 373.339
28.84000 378.905
28.85000 374.587
28.86000 369.528
28.87000 367.967
28.88000 374.048
28.89000 380.397
28.90000 384.205
28.91000 376.622
28.92000 371.161
28.93000 366.350
28.94000 362.173
28.95000 358.018
28.96000 355.722
28.97000 354.624
28.98000 353.555
28.99000 350.195
29.00000 346.038
29.01000 342.285
29.02000 343.562
29.03000 346.344
29.04000 349.057
29.05000 351.261
29.06000 353.364
29.07000 355.132
29.08000 353.300
29.09000 351.393
29.10000 350.933
29.11000 355.019
29.12000 359.435
29.13000 361.583
29.14000 358.863
29.15000 355.978
29.16000 354.261
29.17000 357.659
29.18000 360.096
29.19000 361.595
29.20000 362.196
29.21000 362.708
29.22000 356.008
29.23000 344.747
29.24000 333.797
29.25000 339.831
29.26000 352.528
29.27000 364.222
29.28000 363.794
29.29000 359.803
29.30000 355.798
29.31000 351.692
29.32000 347.567
29.33000 344.111
29.34000 350.809
29.35000 357.427
29.36000 362.712
29.37000 363.882
29.38000 364.761
29.39000 364.705
29.40000 362.679
29.41000 360.589
29.42000 359.354
29.43000 360.135
29.44000 360.697
29.45000 362.063
29.46000 364.181
29.47000 366.251
29.48000 364.734
29.49000 360.991
29.50000 357.355
29.51000 360.458
29.52000 366.114
29.53000 371.258
29.54000 370.357
29.55000 367.711
29.56000 365.086
29.57000 362.607
29.58000 360.158
29.59000 358.113
29.60000 361.101
29.61000 364.087
29.62000 368.487
29.63000 377.177
29.64000 386.162
29.65000 391.931
29.66000 391.031
29.67000 389.926
29.68000 389.278
29.69000 385.516
29.70000 382.852
29.71000 383.704
29.72000 387.784
29.73000 391.943
29.74000 401.531
29.75000 414.433
29.76000 426.948
29.77000 430.688
29.78000 430.773
29.79000 430.666
29.80000 428.369
29.81000 425.450
29.82000 424.844
29.83000 440.044
29.84000 458.227
29.85000 473.352
29.86000 475.880
29.87000 476.735
29.88000 478.952
29.89000 485.228
29.90000 491.776
29.91000 497.151
29.92000 500.138
29.93000 503.054
29.94000 504.749
29.95000 503.807
29.96000 503.137
29.97000 506.921
29.98000 514.716
29.99000 522.333
30.00000 518.330
30.01000 507.362
30.02000 496.736
30.03000 491.942
30.04000 489.664
30.05000 487.674
30.06000 488.902
30.07000 491.027
30.08000 492.187
30.09000 486.891
30.10000 480.400
30.11000 475.020
30.12000 467.626
30.13000 461.326
30.14000 454.853
30.15000 447.872
30.16000 440.858
30.17000 436.441
30.18000 437.229
30.19000 438.163
30.20000 438.701
30.21000 434.038
30.22000 430.750
30.23000 425.751
30.24000 419.238
30.25000 412.759
30.26000 408.259
30.27000 404.925
30.28000 401.699
30.29000 398.424
30.30000 395.310
30.31000 392.380
30.32000 391.446
30.33000 391.058
30.34000 390.670
30.35000 390.279
30.36000 389.887
30.37000 389.564
30.38000 396.559
30.39000 403.005
30.40000 410.001
30.41000 418.575
30.42000 427.249
30.43000 427.831
30.44000 412.469
30.45000 396.681
30.46000 387.648
30.47000 401.048
30.48000 410.472
30.49000 411.988
30.50000 406.650
30.51000 401.394
30.52000 400.841
30.53000 403.010
30.54000 405.105
30.55000 402.490
30.56000 398.267
30.57000 394.401
30.58000 394.324
30.59000 395.266
30.60000 397.114
30.61000 404.772
30.62000 413.465
30.63000 420.619
30.64000 415.394
30.65000 409.971
30.66000 407.551
30.67000 413.633
30.68000 420.232
30.69000 425.831
30.70000 429.495
30.71000 433.109
30.72000 435.159
30.73000 438.302
30.74000 440.492
30.75000 442.535
30.76000 444.452
30.77000 446.390
30.78000 449.454
30.79000 453.159
30.80000 456.734
30.81000 464.924
30.82000 474.321
30.83000 483.448
30.84000 489.777
30.85000 495.367
30.86000 501.747
30.87000 513.103
30.88000 525.327
30.89000 535.350
30.90000 550.300
30.91000 563.001
30.92000 581.678
30.93000 616.986
30.94000 653.274
30.95000 687.067
30.96000 716.109
30.97000 745.036
30.98000 761.316
30.99000 825.879
31.00000 870.843
31.01000 924.846
31.02000 986.389
31.03000 1048.088
31.04000 1117.668
31.05000 1191.654
31.06000 1262.941
31.07000 1359.532
31.08000 1459.366
31.09000 1559.290
31.10000 1660.136
31.11000 1761.221
31.12000 1867.388
31.13000 2004.853
31.14000 2147.672
31.15000 2264.340
31.16000 2425.071
31.17000 2560.434
31.18000 2693.155
31.19000 2818.642
31.20000 2943.718
31.21000 3068.210
31.22000 3191.613
31.23000 3314.990
31.24000 3383.839
31.25000 3488.315
31.26000 3560.691
31.27000 3627.147
31.28000 3688.757
31.29000 3750.102
31.30000 3798.831
31.31000 3840.628
31.32000 3880.843
31.33000 3843.983
31.34000 3782.270
31.35000 3719.846
31.36000 3650.423
31.37000 3579.216
31.38000 3507.366
31.39000 3431.642
31.40000 3355.269
31.41000 3293.114
31.42000 3144.882
31.43000 3016.589
31.44000 2894.584
31.45000 2789.488
31.46000 2685.325
31.47000 2565.703
31.48000 2417.657
31.49000 2268.995
31.50000 2186.742
31.51000 2028.016
31.52000 1918.334
31.53000 1806.371
31.54000 1692.574
31.55000 1579.177
31.56000 1483.802
31.57000 1398.157
31.58000 1315.875
31.59000 1237.661
31.60000 1165.849
31.61000 1095.256
31.62000 1036.375
31.63000 980.427
31.64000 925.178
31.65000 874.068
31.66000 823.638
31.67000 782.752
31.68000 741.976
31.69000 708.761
31.70000 676.587
31.71000 647.165
31.72000 617.891
31.73000 594.095
31.74000 580.198
31.75000 566.504
31.76000 558.992
31.77000 521.479
31.78000 495.660
31.79000 480.382
31.80000 473.414
31.81000 466.249
31.82000 450.622
31.83000 430.507
31.84000 411.209
31.85000 402.609
31.86000 398.200
31.87000 393.533
31.88000 386.440
31.89000 378.750
31.90000 371.982
31.91000 370.556
31.92000 369.991
31.93000 369.534
31.94000 367.464
31.95000 365.653
31.96000 363.448
31.97000 360.224
31.98000 356.947
31.99000 357.134
32.00000 363.474
32.01000 369.932
32.02000 373.444
32.03000 377.256
32.04000 379.824
32.05000 370.433
32.06000 351.788
32.07000 333.549
32.08000 331.733
32.09000 338.483
32.10000 344.949
32.11000 343.808
32.12000 340.213
32.13000 337.074
32.14000 338.105
32.15000 340.143
32.16000 341.558
32.17000 339.430
32.18000 336.743
32.19000 334.582
32.20000 328.800
32.21000 323.830
32.22000 323.132
32.23000 333.348
32.24000 344.107
32.25000 350.512
32.26000 349.318
32.27000 347.984
32.28000 347.266
32.29000 338.472
32.30000 332.459
32.31000 328.031
32.32000 324.809
32.33000 321.777
32.34000 326.127
32.35000 334.261
32.36000 342.041
32.37000 341.377
32.38000 338.003
32.39000 335.061
32.40000 335.986
32.41000 337.827
32.42000 339.542
32.43000 340.554
32.44000 341.457
32.45000 342.180
32.46000 339.397
32.47000 336.881
32.48000 334.998
32.49000 334.707
32.50000 334.493
32.51000 334.330
32.52000 334.255
32.53000 334.182
32.54000 334.143
32.55000 335.696
32.56000 336.747
32.57000 336.008
32.58000 333.934
32.59000 331.966
32.60000 333.915
32.61000 337.838
32.62000 341.583
32.63000 336.639
32.64000 329.262
32.65000 322.339
32.66000 319.388
32.67000 317.361
32.68000 316.356
32.69000 320.934
32.70000 326.357
32.71000 330.685
32.72000 317.501
32.73000 305.573
32.74000 298.764
32.75000 304.592
32.76000 311.007
32.77000 315.659
32.78000 317.341
32.79000 318.975
32.80000 319.840
32.81000 314.639
32.82000 311.135
32.83000 313.565
32.84000 320.340
32.85000 327.015
32.86000 330.231
32.87000 331.733
32.88000 333.165
32.89000 335.905
32.90000 338.858
32.91000 340.854
32.92000 334.678
32.93000 326.634
32.94000 320.016
32.95000 321.035
32.96000 323.187
32.97000 324.897
32.98000 323.757
32.99000 322.635
33.00000 322.453
33.01000 324.551
33.02000 326.751
33.03000 325.914
33.04000 320.052
33.05000 314.113
33.06000 311.000
33.07000 314.028
33.08000 316.067
33.09000 315.986
33.10000 314.380
33.11000 312.875
33.12000 314.731
33.13000 318.224
33.14000 321.548
33.15000 318.104
33.16000 312.830
33.17000 308.191
33.18000 308.851
33.19000 310.700
33.20000 311.542
33.21000 307.097
33.22000 301.884
33.23000 297.757
33.24000 296.736
33.25000 296.131
33.26000 298.798
33.27000 309.273
33.28000 320.085
33.29000 321.249
33.30000 306.720
33.31000 291.971
33.32000 284.312
33.33000 301.714
33.34000 313.371
33.35000 311.258
33.36000 299.426
33.37000 287.904
33.38000 286.265
33.39000 289.356
33.40000 292.293
33.41000 296.904
33.42000 301.671
33.43000 305.643
33.44000 303.127
33.45000 299.180
33.46000 295.852
33.47000 295.708
33.48000 296.016
33.49000 296.260
33.50000 290.952
33.51000 286.322
33.52000 283.944
33.53000 286.846
33.54000 289.966
33.55000 291.097
33.56000 289.047
33.57000 286.955
33.58000 285.879
33.59000 286.359
33.60000 286.693
33.61000 288.378
33.62000 290.999
33.63000 293.622
33.64000 296.329
33.65000 299.076
33.66000 301.682
33.67000 293.952
33.68000 283.759
33.69000 274.933
33.70000 277.012
33.71000 281.448
33.72000 285.664
33.73000 288.766
33.74000 291.713
33.75000 294.026
33.76000 295.582
33.77000 296.778
33.78000 296.118
33.79000 291.180
33.80000 286.072
33.81000 283.740
33.82000 285.768
33.83000 287.849
33.84000 288.909
33.85000 299.437
33.86000 306.396
33.87000 301.593
33.88000 288.781
33.89000 276.460
33.90000 278.465
33.91000 287.093
33.92000 295.265
33.93000 294.989
33.94000 292.278
33.95000 289.683
33.96000 287.989
33.97000 286.486
33.98000 285.548
33.99000 287.415
34.00000 289.663
34.01000 291.421
34.02000 299.029
34.03000 305.473
34.04000 307.802
34.05000 300.809
34.06000 293.457
34.07000 288.789
34.08000 288.259
34.09000 287.776
34.10000 287.532
34.11000 290.132
34.12000 291.869
34.13000 293.580
34.14000 295.272
34.15000 296.755
34.16000 292.404
34.17000 285.400
34.18000 278.779
34.19000 277.629
34.20000 278.133
34.21000 278.802
34.22000 280.732
34.23000 282.923
34.24000 284.849
34.25000 285.482
34.26000 285.943
34.27000 286.301
34.28000 283.920
34.29000 281.856
34.30000 280.815
34.31000 282.056
34.32000 283.381
34.33000 282.770
34.34000 279.228
34.35000 275.656
34.36000 277.062
34.37000 283.434
34.38000 289.718
34.39000 287.639
34.40000 280.065
34.41000 272.843
34.42000 275.064
34.43000 281.505
34.44000 287.582
34.45000 282.885
34.46000 275.564
34.47000 269.985
34.48000 277.408
34.49000 287.489
34.50000 295.200
34.51000 291.590
34.52000 286.507
34.53000 282.567
34.54000 281.256
34.55000 280.372
34.56000 278.380
34.57000 273.962
34.58000 269.457
34.59000 268.734
34.60000 273.638
34.61000 278.595
34.62000 280.250
34.63000 278.679
34.64000 277.141
34.65000 278.505
34.66000 281.742
34.67000 284.773
34.68000 282.481
34.69000 277.851
34.70000 273.490
34.71000 273.236
34.72000 274.130
34.73000 275.412
34.74000 279.518
34.75000 284.191
34.76000 286.956
34.77000 280.779
34.78000 273.462
34.79000 267.816
34.80000 266.957
34.81000 266.554
34.82000 268.103
34.83000 273.856
34.84000 279.751
34.85000 282.305
34.86000 279.975
34.87000 277.603
34.88000 277.494
34.89000 279.554
34.90000 281.581
34.91000 280.978
34.92000 278.709
34.93000 276.486
34.94000 275.389
34.95000 274.778
34.96000 274.203
34.97000 273.122
34.98000 271.999
34.99000 270.381
35.00000 265.230
35.01000 259.384
35.02000 255.614
35.03000 261.394
35.04000 268.363
35.05000 273.717
35.06000 278.401
35.07000 282.066
35.08000 283.062
35.09000 278.407
35.10000 273.570
35.11000 269.878
35.12000 267.830
35.13000 265.796
35.14000 263.696
35.15000 261.538
35.16000 259.447
35.17000 262.478
35.18000 268.699
35.19000 274.628
35.20000 273.620
35.21000 269.666
35.22000 265.956
35.23000 272.119
35.24000 280.341
35.25000 286.890
35.26000 281.721
35.27000 274.291
35.28000 267.357
35.29000 262.664
35.30000 258.244
35.31000 254.863
35.32000 259.933
35.33000 264.392
35.34000 266.903
35.35000 265.360
35.36000 263.692
35.37000 260.997
35.38000 256.855
35.39000 252.703
35.40000 254.842
35.41000 262.769
35.42000 270.683
35.43000 277.639
35.44000 284.009
35.45000 289.961
35.46000 286.284
35.47000 278.590
35.48000 271.383
35.49000 266.919
35.50000 263.568
35.51000 260.496
35.52000 259.329
35.53000 258.523
35.54000 258.837
35.55000 264.114
35.56000 269.983
35.57000 274.451
35.58000 278.499
35.59000 281.664
35.60000 282.623
35.61000 279.074
35.62000 275.392
35.63000 272.232
35.64000 269.797
35.65000 267.366
35.66000 267.383
35.67000 269.607
35.68000 271.840
35.69000 274.649
35.70000 277.805
35.71000 281.017
35.72000 285.480
35.73000 290.456
35.74000 295.107
35.75000 285.246
35.76000 272.612
35.77000 261.633
35.78000 261.763
35.79000 263.954
35.80000 266.686
35.81000 271.775
35.82000 277.138
35.83000 281.202
35.84000 272.737
35.85000 265.452
35.86000 260.673
35.87000 260.935
35.88000 261.338
35.89000 261.153
35.90000 260.169
35.91000 259.181
35.92000 259.212
35.93000 260.145
35.94000 261.045
35.95000 259.945
35.96000 257.663
35.97000 255.491
35.98000 255.667
35.99000 256.790
36.00000 257.838
36.01000 262.958
36.02000 268.610
36.03000 272.782
36.04000 267.232
36.05000 259.911
36.06000 254.120
36.07000 254.870
36.08000 256.364
36.09000 257.490
36.10000 255.000
36.11000 252.871
36.12000 251.722
36.13000 252.507
36.14000 253.344
36.15000 254.118
36.16000 254.808
36.17000 255.497
36.18000 257.456
36.19000 260.512
36.20000 263.608
36.21000 268.991
36.22000 275.701
36.23000 281.823
36.24000 275.829
36.25000 265.033
36.26000 254.980
36.27000 253.534
36.28000 254.326
36.29000 255.386
36.30000 258.175
36.31000 261.272
36.32000 263.757
36.33000 263.671
36.34000 263.301
36.35000 263.023
36.36000 260.161
36.37000 257.802
36.38000 256.721
36.39000 258.121
36.40000 259.584
36.41000 261.787
36.42000 264.956
36.43000 268.128
36.44000 269.078
36.45000 268.136
36.46000 267.195
36.47000 266.296
36.48000 265.421
36.49000 264.672
36.50000 266.420
36.51000 269.141
36.52000 271.669
36.53000 268.157
36.54000 263.543
36.55000 259.541
36.56000 259.397
36.57000 259.928
36.58000 259.497
36.59000 255.101
36.60000 250.275
36.61000 246.669
36.62000 252.441
36.63000 257.374
36.64000 261.388
36.65000 263.648
36.66000 265.865
36.67000 264.693
36.68000 259.166
36.69000 253.628
36.70000 253.094
36.71000 256.736
36.72000 260.355
36.73000 262.755
36.74000 264.472
36.75000 266.008
36.76000 264.047
36.77000 260.747
36.78000 257.687
36.79000 257.639
36.80000 258.302
36.81000 258.540
36.82000 256.149
36.83000 253.307
36.84000 251.482
36.85000 253.773
36.86000 256.501
36.87000 258.529
36.88000 260.430
36.89000 261.903
36.90000 261.495
36.91000 257.558
36.92000 253.540
36.93000 252.428
36.94000 254.984
36.95000 257.549
36.96000 256.520
36.97000 252.556
36.98000 248.764
36.99000 253.310
37.00000 262.449
37.01000 271.254
37.02000 273.865
37.03000 274.143
37.04000 274.401
37.05000 271.605
37.06000 268.391
37.07000 265.827
37.08000 267.202
37.09000 269.238
37.10000 269.819
37.11000 264.614
37.12000 258.811
37.13000 254.517
37.14000 250.646
37.15000 247.660
37.16000 248.390
37.17000 255.968
37.18000 263.696
37.19000 265.806
37.20000 260.956
37.21000 256.094
37.22000 254.080
37.23000 254.357
37.24000 254.569
37.25000 251.849
37.26000 247.541
37.27000 243.475
37.28000 243.736
37.29000 245.600
37.30000 247.321
37.31000 244.105
37.32000 240.109
37.33000 236.590
37.34000 235.901
37.35000 235.677
37.36000 236.007
37.37000 238.499
37.38000 241.210
37.39000 243.206
37.40000 247.034
37.41000 250.073
37.42000 250.356
37.43000 245.647
37.44000 240.833
37.45000 239.963
37.46000 243.884
37.47000 247.809
37.48000 250.767
37.49000 252.951
37.50000 255.110
37.51000 256.196
37.52000 256.712
37.53000 257.009
37.54000 253.488
37.55000 248.578
37.56000 244.054
37.57000 242.471
37.58000 241.704
37.59000 241.801
37.60000 246.919
37.61000 252.848
37.62000 257.161
37.63000 255.277
37.64000 252.784
37.65000 250.958
37.66000 250.380
37.67000 249.983
37.68000 249.928
37.69000 250.480
37.70000 251.045
37.71000 251.688
37.72000 252.425
37.73000 253.161
37.74000 250.962
37.75000 246.511
37.76000 242.137
37.77000 240.935
37.78000 241.391
37.79000 242.001
37.80000 245.219
37.81000 249.370
37.82000 253.187
37.83000 252.302
37.84000 250.496
37.85000 249.299
37.86000 251.582
37.87000 254.414
37.88000 256.384
37.89000 255.102
37.90000 253.509
37.91000 252.347
37.92000 251.166
37.93000 250.255
37.94000 250.507
37.95000 252.793
37.96000 255.117
37.97000 256.884
37.98000 258.000
37.99000 259.111
38.00000 257.343
38.01000 253.407
38.02000 249.592
38.03000 250.491
38.04000 253.812
38.05000 256.804
38.06000 254.423
38.07000 250.154
38.08000 246.238
38.09000 250.523
38.10000 256.081
38.11000 260.574
38.12000 259.112
38.13000 256.728
38.14000 256.063
38.15000 261.755
38.16000 268.042
38.17000 272.601
38.18000 269.825
38.19000 267.419
38.20000 266.335
38.21000 267.523
38.22000 268.751
38.23000 271.972
38.24000 277.483
38.25000 282.980
38.26000 284.938
38.27000 284.256
38.28000 283.613
38.29000 284.426
38.30000 285.975
38.31000 287.696
38.32000 292.152
38.33000 297.553
38.34000 302.497
38.35000 308.779
38.36000 314.645
38.37000 320.818
38.38000 328.668
38.39000 336.773
38.40000 344.320
38.41000 349.837
38.42000 355.168
38.43000 359.015
38.44000 380.760
38.45000 398.070
38.46000 410.290
38.47000 413.912
38.48000 417.395
38.49000 420.392
38.50000 422.841
38.51000 425.282
38.52000 432.678
38.53000 443.623
38.54000 454.329
38.55000 456.641
38.56000 454.785
38.57000 453.345
38.58000 458.294
38.59000 465.412
38.60000 471.914
38.61000 477.088
38.62000 481.411
38.63000 485.170
38.64000 485.899
38.65000 486.178
38.66000 485.205
38.67000 479.763
38.68000 473.925
38.69000 469.734
38.70000 458.283
38.71000 449.276
38.72000 440.313
38.73000 431.420
38.74000 422.529
38.75000 419.540
38.76000 423.068
38.77000 426.586
38.78000 416.897
38.79000 397.862
38.80000 379.112
38.81000 369.950
38.82000 365.468
38.83000 360.873
38.84000 354.613
38.85000 347.796
38.86000 341.584
38.87000 333.015
38.88000 324.954
38.89000 317.608
38.90000 314.036
38.91000 311.013
38.92000 307.846
38.93000 304.170
38.94000 300.451
38.95000 297.796
38.96000 285.032
38.97000 274.962
38.98000 269.740
38.99000 272.426
39.00000 275.225
39.01000 275.545
39.02000 273.181
39.03000 270.827
39.04000 267.309
39.05000 263.010
39.06000 258.821
39.07000 258.147
39.08000 259.161
39.09000 260.057
39.10000 259.264
39.11000 257.917
39.12000 256.693
39.13000 252.396
39.14000 247.998
39.15000 243.913
39.16000 241.451
39.17000 239.220
39.18000 236.259
39.19000 230.780
39.20000 225.089
39.21000 221.048
39.22000 226.836
39.23000 231.554
39.24000 235.323
39.25000 237.573
39.26000 239.803
39.27000 241.064
39.28000 241.296
39.29000 241.526
39.30000 242.074
39.31000 242.832
39.32000 243.560
39.33000 243.333
39.34000 242.655
39.35000 242.048
39.36000 242.435
39.37000 243.141
39.38000 243.781
39.39000 237.800
39.40000 231.257
39.41000 226.154
39.42000 228.357
39.43000 231.580
39.44000 232.901
39.45000 227.783
39.46000 222.137
39.47000 218.150
39.48000 219.793
39.49000 221.212
39.50000 222.493
39.51000 223.560
39.52000 224.624
39.53000 229.200
39.54000 237.433
39.55000 245.624
39.56000 246.764
39.57000 243.136
39.58000 239.331
39.59000 230.331
39.60000 218.923
39.61000 208.601
39.62000 213.077
39.63000 222.242
39.64000 230.533
39.65000 227.821
39.66000 223.371
39.67000 219.574
39.68000 219.018
39.69000 218.906
39.70000 219.170
39.71000 220.691
39.72000 222.313
39.73000 223.451
39.74000 225.521
39.75000 227.116
39.76000 229.387
39.77000 232.706
39.78000 236.037
39.79000 232.724
39.80000 222.631
39.81000 212.595
39.82000 211.038
39.83000 215.110
39.84000 219.106
39.85000 220.943
39.86000 221.796
39.87000 222.444
39.88000 220.374
39.89000 217.458
39.90000 214.827
39.91000 217.932
39.92000 221.712
39.93000 224.932
39.94000 225.419
39.95000 225.542
39.96000 226.462
39.97000 229.986
39.98000 233.713
39.99000 236.316
40.00000 233.197
40.01000 230.681
40.02000 227.091
40.03000 221.871
40.04000 216.634
40.05000 215.810
40.06000 219.400
40.07000 222.968
40.08000 223.182
40.09000 221.217
40.10000 219.382
40.11000 221.060
40.12000 224.311
40.13000 227.245
40.14000 226.081
40.15000 223.663
40.16000 221.487
40.17000 218.756
40.18000 216.263
40.19000 214.558
40.20000 216.634
40.21000 219.203
40.22000 222.720
40.23000 229.286
40.24000 236.083
40.25000 240.803
40.26000 227.796
40.27000 217.522
40.28000 211.223
40.29000 210.857
40.30000 210.547
40.31000 210.766
40.32000 211.504
40.33000 212.236
40.34000 214.993
40.35000 218.997
40.36000 222.962
40.37000 225.910
40.38000 228.410
40.39000 230.759
40.40000 231.203
40.41000 231.076
40.42000 230.961
40.43000 227.306
40.44000 223.485
40.45000 220.358
40.46000 220.498
40.47000 221.054
40.48000 222.035
40.49000 224.354
40.50000 226.772
40.51000 228.442
40.52000 222.938
40.53000 218.618
40.54000 217.803
40.55000 222.124
40.56000 226.490
40.57000 225.336
40.58000 218.877
40.59000 212.467
40.60000 209.819
40.61000 209.567
40.62000 209.268
40.63000 207.783
40.64000 205.784
40.65000 204.071
40.66000 205.824
40.67000 208.602
40.68000 211.091
40.69000 212.508
40.70000 213.561
40.71000 213.697
40.72000 209.600
40.73000 204.975
40.74000 203.290
40.75000 210.733
40.76000 218.827
40.77000 224.384
40.78000 219.379
40.79000 215.368
40.80000 212.540
40.81000 211.415
40.82000 210.303
40.83000 208.837
40.84000 207.037
40.85000 205.252
40.86000 209.417
40.87000 217.157
40.88000 224.535
40.89000 223.230
40.90000 218.231
40.91000 213.561
40.92000 212.795
40.93000 213.163
40.94000 213.492
40.95000 215.561
40.96000 217.657
40.97000 219.616
40.98000 220.950
40.99000 222.208
41.00000 221.340
41.01000 213.985
41.02000 206.181
41.03000 200.854
41.04000 204.173
41.05000 206.856
41.06000 211.314
41.07000 218.280
41.08000 225.260
41.09000 224.159
41.10000 215.594
41.11000 207.103
41.12000 209.134
41.13000 217.457
41.14000 225.375
41.15000 223.935
41.16000 218.580
41.17000 213.676
41.18000 213.980
41.19000 215.769
41.20000 217.364
41.21000 216.109
41.22000 214.548
41.23000 212.855
41.24000 210.582
41.25000 208.239
41.26000 207.661
41.27000 212.370
41.28000 217.436
41.29000 220.872
41.30000 212.488
41.31000 205.971
41.32000 203.162
41.33000 205.500
41.34000 207.868
41.35000 205.297
41.36000 198.250
41.37000 191.270
41.38000 196.564
41.39000 208.999
41.40000 220.851
41.41000 219.727
41.42000 213.266
41.43000 207.459
41.44000 209.000
41.45000 212.601
41.46000 215.801
41.47000 213.694
41.48000 211.010
41.49000 208.961
41.50000 209.688
41.51000 210.739
41.52000 212.638
41.53000 217.037
41.54000 221.599
41.55000 224.677
41.56000 210.820
41.57000 200.152
41.58000 196.507
41.59000 202.429
41.60000 208.406
41.61000 212.627
41.62000 215.288
41.63000 217.922
41.64000 215.625
41.65000 210.519
41.66000 205.588
41.67000 204.406
41.68000 204.740
41.69000 204.810
41.70000 201.980
41.71000 198.351
41.72000 195.135
41.73000 204.639
41.74000 214.875
41.75000 222.737
41.76000 220.421
41.77000 216.945
41.78000 214.203
41.79000 213.589
41.80000 213.109
41.81000 212.787
41.82000 214.104
41.83000 215.114
41.84000 214.962
41.85000 213.256
41.86000 211.543
41.87000 211.335
41.88000 212.439
41.89000 213.531
41.90000 211.378
41.91000 207.429
41.92000 203.568
41.93000 201.510
41.94000 200.167
41.95000 198.783
41.96000 196.943
41.97000 194.980
41.98000 193.245
41.99000 199.364
42.00000 205.864
42.01000 209.506
42.02000 201.125
42.03000 191.403
42.04000 186.686
42.05000 196.209
42.06000 206.606
42.07000 213.534
42.08000 201.697
42.09000 192.576
42.10000 189.509
42.11000 194.391
42.12000 199.308
42.13000 202.691
42.14000 204.763
42.15000 206.812
42.16000 205.017
42.17000 201.121
42.18000 197.480
42.19000 198.927
42.20000 202.361
42.21000 205.678
42.22000 207.769
42.23000 209.534
42.24000 211.089
42.25000 211.730
42.26000 212.144
42.27000 211.912
42.28000 209.013
42.29000 205.823
42.30000 202.825
42.31000 200.362
42.32000 197.931
42.33000 196.321
42.34000 196.382
42.35000 196.457
42.36000 197.431
42.37000 199.563
42.38000 201.699
42.39000 203.276
42.40000 204.385
42.41000 205.480
42.42000 205.233
42.43000 204.257
42.44000 203.370
42.45000 204.196
42.46000 205.681
42.47000 207.017
42.48000 206.847
42.49000 206.285
42.50000 205.790
42.51000 200.930
42.52000 196.105
42.53000 193.977
42.54000 202.794
42.55000 212.774
42.56000 218.443
42.57000 212.258
42.58000 205.391
42.59000 200.872
42.60000 200.909
42.61000 201.013
42.62000 202.269
42.63000 204.980
42.64000 207.692
42.65000 208.576
42.66000 207.955
42.67000 207.342
42.68000 205.680
42.69000 203.498
42.70000 201.592
42.71000 204.837
42.72000 210.027
42.73000 214.888
42.74000 216.483
42.75000 217.241
42.76000 217.906
42.77000 219.465
42.78000 220.932
42.79000 221.433
42.80000 218.083
42.81000 214.334
42.82000 210.551
42.83000 206.678
42.84000 202.800
42.85000 200.264
42.86000 208.745
42.87000 215.153
42.88000 217.862
42.89000 215.979
42.90000 214.090
42.91000 214.713
42.92000 217.365
42.93000 219.980
42.94000 219.021
42.95000 216.204
42.96000 213.390
42.97000 210.634
42.98000 207.899
42.99000 205.613
43.00000 207.666
43.01000 210.811
43.02000 213.560
43.03000 208.342
43.04000 202.746
43.05000 198.033
43.06000 196.774
43.07000 195.865
43.08000 196.358
43.09000 200.577
43.10000 204.997
43.11000 207.868
43.12000 201.706
43.13000 197.054
43.14000 195.486
43.15000 197.676
43.16000 199.874
43.17000 201.707
43.18000 203.250
43.19000 204.770
43.20000 204.792
43.21000 204.039
43.22000 203.376
43.23000 204.297
43.24000 205.797
43.25000 207.016
43.26000 205.591
43.27000 203.511
43.28000 201.699
43.29000 204.537
43.30000 207.605
43.31000 209.547
43.32000 207.161
43.33000 204.346
43.34000 201.713
43.35000 199.552
43.36000 197.416
43.37000 196.037
43.38000 203.774
43.39000 209.559
43.40000 210.554
43.41000 205.821
43.42000 201.098
43.43000 201.877
43.44000 206.938
43.45000 211.918
43.46000 210.765
43.47000 206.532
43.48000 202.497
43.49000 201.795
43.50000 202.289
43.51000 202.501
43.52000 200.118
43.53000 197.106
43.54000 194.488
43.55000 197.564
43.56000 200.957
43.57000 204.036
43.58000 205.932
43.59000 207.713
43.60000 207.644
43.61000 202.820
43.62000 197.757
43.63000 194.511
43.64000 201.415
43.65000 206.584
43.66000 209.514
43.67000 209.816
43.68000 210.109
43.69000 209.217
43.70000 207.419
43.71000 205.651
43.72000 205.365
43.73000 205.826
43.74000 206.352
43.75000 207.937
43.76000 209.894
43.77000 211.247
43.78000 207.151
43.79000 201.756
43.80000 197.082
43.81000 201.195
43.82000 205.856
43.83000 209.872
43.84000 211.497
43.85000 212.898
43.86000 212.281
43.87000 206.574
43.88000 200.620
43.89000 196.828
43.90000 200.159
43.91000 202.671
43.92000 203.945
43.93000 203.796
43.94000 203.651
43.95000 204.635
43.96000 206.466
43.97000 208.265
43.98000 209.697
43.99000 210.900
44.00000 211.974
44.01000 211.000
44.02000 209.316
44.03000 207.434
44.04000 203.807
44.05000 199.770
44.06000 196.284
44.07000 193.845
44.08000 191.910
44.09000 190.677
44.10000 192.003
44.11000 193.563
44.12000 196.121
44.13000 201.157
44.14000 206.310
44.15000 209.569
44.16000 210.011
44.17000 210.298
44.18000 211.415
44.19000 213.469
44.20000 215.503
44.21000 213.969
44.22000 209.809
44.23000 205.725
44.24000 207.650
44.25000 212.391
44.26000 216.841
44.27000 216.819
44.28000 215.274
44.29000 213.809
44.30000 213.037
44.31000 212.423
44.32000 211.895
44.33000 217.147
44.34000 222.325
44.35000 225.861
44.36000 223.514
44.37000 220.642
44.38000 220.098
44.39000 225.230
44.40000 230.618
44.41000 234.003
44.42000 236.661
44.43000 238.574
44.44000 243.043
44.45000 250.345
44.46000 257.639
44.47000 263.446
44.48000 268.180
44.49000 272.822
44.50000 272.620
44.51000 270.145
44.52000 268.280
44.53000 275.531
44.54000 285.834
44.55000 296.297
44.56000 308.112
44.57000 320.233
44.58000 330.636
44.59000 332.691
44.60000 333.398
44.61000 337.544
44.62000 353.786
44.63000 371.079
44.64000 381.799
44.65000 376.762
44.66000 371.037
44.67000 367.466
44.68000 381.195
44.69000 391.273
44.70000 405.981
44.71000 425.717
44.72000 445.367
44.73000 452.491
44.74000 450.726
44.75000 448.996
44.76000 451.502
44.77000 455.869
44.78000 460.425
44.79000 467.727
44.80000 475.931
44.81000 484.061
44.82000 491.569
44.83000 498.939
44.84000 505.246
44.85000 511.870
44.86000 517.496
44.87000 522.689
44.88000 526.390
44.89000 529.965
44.90000 531.362
44.91000 527.630
44.92000 523.682
44.93000 521.237
44.94000 518.407
44.95000 516.368
44.96000 509.595
44.97000 497.781
44.98000 485.967
44.99000 474.343
45.00000 462.850
45.01000 451.605
45.02000 447.751
45.03000 447.405
45.04000 446.571
45.05000 438.858
45.06000 428.922
45.07000 419.532
45.08000 414.533
45.09000 410.489
45.10000 407.039
45.11000 395.897
45.12000 385.615
45.13000 376.642
45.14000 372.116
45.15000 367.957
45.16000 364.256
45.17000 361.615
45.18000 359.017
45.19000 357.419
45.20000 345.058
45.21000 336.098
45.22000 331.046
45.23000 330.072
45.24000 329.057
45.25000 323.198
45.26000 314.024
45.27000 305.056
45.28000 298.330
45.29000 292.882
45.30000 287.291
45.31000 279.727
45.32000 271.536
45.33000 264.461
45.34000 266.148
45.35000 269.705
45.36000 272.728
45.37000 271.886
45.38000 270.735
45.39000 268.113
45.40000 260.587
45.41000 252.668
45.42000 249.494
45.43000 257.127
45.44000 265.179
45.45000 270.096
45.46000 254.393
45.47000 242.995
45.48000 240.043
45.49000 245.736
45.50000 251.362
45.51000 249.758
45.52000 243.292
45.53000 236.980
45.54000 231.663
45.55000 227.012
45.56000 222.557
45.57000 220.712
45.58000 219.681
45.59000 218.902
45.60000 220.062
45.61000 221.629
45.62000 222.956
45.63000 220.958
45.64000 218.911
45.65000 217.111
45.66000 216.121
45.67000 215.196
45.68000 214.659
45.69000 214.995
45.70000 215.364
45.71000 215.588
45.72000 215.135
45.73000 214.807
45.74000 213.012
45.75000 209.746
45.76000 206.478
45.77000 203.105
45.78000 199.662
45.79000 196.305
45.80000 194.450
45.81000 193.323
45.82000 192.440
45.83000 194.703
45.84000 197.932
45.85000 200.525
45.86000 198.336
45.87000 195.165
45.88000 192.487
45.89000 194.251
45.90000 196.213
45.91000 198.591
45.92000 202.308
45.93000 206.127
45.94000 208.495
45.95000 207.670
45.96000 206.731
45.97000 206.166
45.98000 193.612
45.99000 184.601
46.00000 184.081
46.01000 191.909
46.02000 199.657
46.03000 200.135
46.04000 195.897
46.05000 191.769
46.06000 190.579
46.07000 190.682
46.08000 190.852
46.09000 191.874
46.10000 193.152
46.11000 193.748
46.12000 189.335
46.13000 183.910
46.14000 179.345
46.15000 177.667
46.16000 176.576
46.17000 176.636
46.18000 180.341
46.19000 184.314
46.20000 187.298
46.21000 188.143
46.22000 188.915
46.23000 189.376
46.24000 181.511
46.25000 175.880
46.26000 173.220
46.27000 173.423
46.28000 173.641
46.29000 175.150
46.30000 177.483
46.31000 179.752
46.32000 182.718
46.33000 185.830
46.34000 188.382
46.35000 184.075
46.36000 177.736
46.37000 172.678
46.38000 176.839
46.39000 182.823
46.40000 187.844
46.41000 186.192
46.42000 184.120
46.43000 182.143
46.44000 180.460
46.45000 178.799
46.46000 176.553
46.47000 173.065
46.48000 169.537
46.49000 167.446
46.50000 169.102
46.51000 170.295
46.52000 170.802
46.53000 170.661
46.54000 170.495
46.55000 168.449
46.56000 165.226
46.57000 162.095
46.58000 162.581
46.59000 164.510
46.60000 166.445
46.61000 168.447
46.62000 170.470
46.63000 172.587
46.64000 175.377
46.65000 178.296
46.66000 180.737
46.67000 176.512
46.68000 172.325
46.69000 169.905
46.70000 172.886
46.71000 176.243
46.72000 178.364
46.73000 177.903
46.74000 177.361
46.75000 177.042
46.76000 169.794
46.77000 164.648
46.78000 163.519
46.79000 166.112
46.80000 168.669
46.81000 168.678
46.82000 167.119
46.83000 165.607
46.84000 171.147
46.85000 179.208
46.86000 186.339
46.87000 182.680
46.88000 175.935
46.89000 170.296
46.90000 172.277
46.91000 175.709
46.92000 178.568
46.93000 176.606
46.94000 174.502
46.95000 173.633
46.96000 176.474
46.97000 179.566
46.98000 182.883
46.99000 186.661
47.00000 190.452
47.01000 192.665
47.02000 181.196
47.03000 173.071
47.04000 170.545
47.05000 173.106
47.06000 175.628
47.07000 175.568
47.08000 173.949
47.09000 172.380
47.10000 174.887
47.11000 178.853
47.12000 182.046
47.13000 176.494
47.14000 168.486
47.15000 161.753
47.16000 163.629
47.17000 167.113
47.18000 170.005
47.19000 168.781
47.20000 167.371
47.21000 166.291
47.22000 166.188
47.23000 166.148
47.24000 167.128
47.25000 170.169
47.26000 173.270
47.27000 175.064
47.28000 176.659
47.29000 177.774
47.30000 176.867
47.31000 174.158
47.32000 171.464
47.33000 169.658
47.34000 168.381
47.35000 167.145
47.36000 166.943
47.37000 167.149
47.38000 167.414
47.39000 168.317
47.40000 169.397
47.41000 170.231
47.42000 169.431
47.43000 168.333
47.44000 167.424
47.45000 163.393
47.46000 159.772
47.47000 158.439
47.48000 163.746
47.49000 169.476
47.50000 173.182
47.51000 172.870
47.52000 172.449
47.53000 172.207
47.54000 167.819
47.55000 164.742
47.56000 166.620
47.57000 172.828
47.58000 178.881
47.59000 175.861
47.60000 167.547
47.61000 159.509
47.62000 159.072
47.63000 161.517
47.64000 163.697
47.65000 163.032
47.66000 161.596
47.67000 160.441
47.68000 161.102
47.69000 162.089
47.70000 162.903
47.71000 167.682
47.72000 171.980
47.73000 174.704
47.74000 172.939
47.75000 170.898
47.76000 167.831
47.77000 162.762
47.78000 157.642
47.79000 154.726
47.80000 162.359
47.81000 167.707
47.82000 168.571
47.83000 165.592
47.84000 162.635
47.85000 160.900
47.86000 159.866
47.87000 158.867
47.88000 159.973
47.89000 161.790
47.90000 163.730
47.91000 166.952
47.92000 170.516
47.93000 173.474
47.94000 172.594
47.95000 171.039
47.96000 169.761
47.97000 166.257
47.98000 163.179
47.99000 161.689
48.00000 164.650
48.01000 167.877
48.02000 169.962
48.03000 169.854
48.04000 169.692
48.05000 169.600
48.06000 174.752
48.07000 178.337
48.08000 175.975
48.09000 168.612
48.10000 161.380
48.11000 160.944
48.12000 164.337
48.13000 167.608
48.14000 170.227
48.15000 172.454
48.16000 174.216
48.17000 171.226
48.18000 166.994
48.19000 163.163
48.20000 161.830
48.21000 160.927
48.22000 160.189
48.23000 157.267
48.24000 154.682
48.25000 152.983
48.26000 153.722
48.27000 154.602
48.28000 157.381
48.29000 163.736
48.30000 170.175
48.31000 173.782
48.32000 170.271
48.33000 167.818
48.34000 164.038
48.35000 159.162
48.36000 154.390
48.37000 154.646
48.38000 157.686
48.39000 160.613
48.40000 163.412
48.41000 165.994
48.42000 168.117
48.43000 165.664
48.44000 162.035
48.45000 158.964
48.46000 159.293
48.47000 160.196
48.48000 160.933
48.49000 164.995
48.50000 168.598
48.51000 169.827
48.52000 164.620
48.53000 159.053
48.54000 156.255
48.55000 158.586
48.56000 161.031
48.57000 162.389
48.58000 156.056
48.59000 151.675
48.60000 150.974
48.61000 153.254
48.62000 155.543
48.63000 158.260
48.64000 161.209
48.65000 164.044
48.66000 163.438
48.67000 161.672
48.68000 159.860
48.69000 157.606
48.70000 155.240
48.71000 153.358
48.72000 154.360
48.73000 155.841
48.74000 157.043
48.75000 155.350
48.76000 153.729
48.77000 152.220
48.78000 151.005
48.79000 149.806
48.80000 150.737
48.81000 155.547
48.82000 160.438
48.83000 163.131
48.84000 162.075
48.85000 161.342
48.86000 161.096
48.87000 161.237
48.88000 161.328
48.89000 159.250
48.90000 156.011
48.91000 152.902
48.92000 152.614
48.93000 153.310
48.94000 154.002
48.95000 154.664
48.96000 155.319
48.97000 155.822
48.98000 155.439
48.99000 154.911
49.00000 154.483
49.01000 155.621
49.02000 156.673
49.03000 157.083
49.04000 155.810
49.05000 154.448
49.06000 155.006
49.07000 158.997
49.08000 163.057
49.09000 165.272
49.10000 159.747
49.11000 155.957
49.12000 156.278
49.13000 159.805
49.14000 163.271
49.15000 164.211
49.16000 163.823
49.17000 163.451
49.18000 161.221
49.19000 158.518
49.20000 156.218
49.21000 157.658
49.22000 160.007
49.23000 161.724
49.24000 159.809
49.25000 157.317
49.26000 155.308
49.27000 150.508
49.28000 146.392
49.29000 145.690
49.30000 153.776
49.31000 162.306
49.32000 164.885
49.33000 156.997
49.34000 148.913
49.35000 144.540
49.36000 150.522
49.37000 154.611
49.38000 154.288
49.39000 150.588
49.40000 147.040
49.41000 149.515
49.42000 155.102
49.43000 160.448
49.44000 159.674
49.45000 156.939
49.46000 154.094
49.47000 150.258
49.48000 146.185
49.49000 143.073
49.50000 145.365
49.51000 148.499
49.52000 151.015
49.53000 152.837
49.54000 154.261
49.55000 155.874
49.56000 157.966
49.57000 160.082
49.58000 162.100
49.59000 163.947
49.60000 165.791
49.61000 166.780
49.62000 157.286
49.63000 150.816
49.64000 148.315
49.65000 148.799
49.66000 149.314
49.67000 150.993
49.68000 153.264
49.69000 155.433
49.70000 159.100
49.71000 162.993
49.72000 166.576
49.73000 167.418
49.74000 167.616
49.75000 166.885
49.76000 161.033
49.77000 154.398
49.78000 149.094
49.79000 157.814
49.80000 165.902
49.81000 169.768
49.82000 163.133
49.83000 156.002
49.84000 151.918
49.85000 153.007
49.86000 154.181
49.87000 154.805
49.88000 156.843
49.89000 158.220
49.90000 157.713
49.91000 155.814
49.92000 154.009
49.93000 155.574
49.94000 158.820
49.95000 161.917
49.96000 166.916
49.97000 172.160
49.98000 176.581
49.99000 173.898
50.00000 169.579
50.01000 165.776
50.02000 164.766
50.03000 164.174
50.04000 163.702
50.05000 164.247
50.06000 164.760
50.07000 165.863
50.08000 168.411
50.09000 171.025
50.10000 173.314
50.11000 175.064
50.12000 176.805
50.13000 177.721
50.14000 182.875
50.15000 186.391
50.16000 192.870
50.17000 201.496
50.18000 209.798
50.19000 207.053
50.20000 198.890
50.21000 191.115
50.22000 185.730
50.23000 181.484
50.24000 178.499
50.25000 186.151
50.26000 196.208
50.27000 205.848
50.28000 213.271
50.29000 220.369
50.30000 225.999
50.31000 227.730
50.32000 228.849
50.33000 229.691
50.34000 229.862
50.35000 230.005
50.36000 231.215
50.37000 234.175
50.38000 237.160
50.39000 238.717
50.40000 250.350
50.41000 258.172
50.42000 259.216
50.43000 255.437
50.44000 251.802
50.45000 252.861
50.46000 256.184
50.47000 259.343
50.48000 268.572
50.49000 278.958
50.50000 288.192
50.51000 287.942
50.52000 285.585
50.53000 283.369
50.54000 281.885
50.55000 280.506
50.56000 279.417
50.57000 277.577
50.58000 276.049
50.59000 274.881
50.60000 274.565
50.61000 274.285
50.62000 272.704
50.63000 269.029
50.64000 265.324
50.65000 263.411
50.66000 259.207
50.67000 256.367
50.68000 252.738
50.69000 248.556
50.70000 244.429
50.71000 241.991
50.72000 240.354
50.73000 238.799
50.74000 235.275
50.75000 231.433
50.76000 227.638
50.77000 224.224
50.78000 220.893
50.79000 218.830
50.80000 223.235
50.81000 228.548
50.82000 232.726
50.83000 223.436
50.84000 215.105
50.85000 209.779
50.86000 211.432
50.87000 213.369
50.88000 211.600
50.89000 203.968
50.90000 196.263
50.91000 192.321
50.92000 185.687
50.93000 181.247
50.94000 178.863
50.95000 177.889
50.96000 176.950
50.97000 177.069
50.98000 177.681
50.99000 178.261
51.00000 178.511
51.01000 178.646
51.02000 178.553
51.03000 176.676
51.04000 174.417
51.05000 172.086
51.06000 169.398
51.07000 166.661
51.08000 164.517
51.09000 161.188
51.10000 158.452
51.11000 157.175
51.12000 159.230
51.13000 161.414
51.14000 162.275
51.15000 161.080
51.16000 159.860
51.17000 159.243
51.18000 165.266
51.19000 169.262
51.20000 169.183
51.21000 166.358
51.22000 163.534
51.23000 160.709
51.24000 157.883
51.25000 155.210
51.26000 156.167
51.27000 158.090
51.28000 159.673
51.29000 158.630
51.30000 157.035
51.31000 156.054
51.32000 158.088
51.33000 160.527
51.34000 162.428
51.35000 157.744
51.36000 153.600
51.37000 149.435
51.38000 145.224
51.39000 141.011
51.40000 140.398
51.41000 145.282
51.42000 150.224
51.43000 152.703
51.44000 149.904
51.45000 148.059
51.46000 148.436
51.47000 150.284
51.48000 152.088
51.49000 152.708
51.50000 152.795
51.51000 152.877
51.52000 150.840
51.53000 148.373
51.54000 146.530
51.55000 149.393
51.56000 153.226
51.57000 155.910
51.58000 153.061
51.59000 149.484
51.60000 146.706
51.61000 148.575
51.62000 150.344
51.63000 151.569
51.64000 151.599
51.65000 151.585
51.66000 149.282
51.67000 143.545
51.68000 137.774
51.69000 136.149
51.70000 138.612
51.71000 141.108
51.72000 146.658
51.73000 154.194
51.74000 161.306
51.75000 157.313
51.76000 148.404
51.77000 140.007
51.78000 139.186
51.79000 140.531
51.80000 141.615
51.81000 140.773
51.82000 139.543
51.83000 138.735
51.84000 139.926
51.85000 141.374
51.86000 142.493
51.87000 141.784
51.88000 141.114
51.89000 142.239
51.90000 147.260
51.91000 152.415
51.92000 153.798
51.93000 149.625
51.94000 145.402
51.95000 141.835
51.96000 138.902
51.97000 136.018
51.98000 137.241
51.99000 141.089
52.00000 144.832
52.01000 145.950
52.02000 145.927
52.03000 145.904
52.04000 144.801
52.05000 143.500
52.06000 141.883
52.07000 137.986
52.08000 133.637
52.09000 130.801
52.10000 134.982
52.11000 140.047
52.12000 143.945
52.13000 145.789
52.14000 147.131
52.15000 146.936
52.16000 143.463
52.17000 139.881
52.18000 137.395
52.19000 136.493
52.20000 135.605
52.21000 134.137
52.22000 132.121
52.23000 130.132
52.24000 130.280
52.25000 131.769
52.26000 133.216
52.27000 133.639
52.28000 133.623
52.29000 133.609
52.30000 136.393
52.31000 139.677
52.32000 142.624
52.33000 143.184
52.34000 143.279
52.35000 143.408
52.36000 143.695
52.37000 144.002
52.38000 144.236
52.39000 140.652
52.40000 137.610
52.41000 136.245
52.42000 138.391
52.43000 140.648
52.44000 142.439
52.45000 143.568
52.46000 144.693
52.47000 145.537
52.48000 146.120
52.49000 146.680
52.50000 145.465
52.51000 143.157
52.52000 140.911
52.53000 140.109
52.54000 139.913
52.55000 139.729
52.56000 143.071
52.57000 147.033
52.58000 150.289
52.59000 148.664
52.60000 146.107
52.61000 143.619
52.62000 141.439
52.63000 139.296
52.64000 137.661
52.65000 138.787
52.66000 139.822
52.67000 142.435
52.68000 148.298
52.69000 154.259
52.70000 154.263
52.71000 145.954
52.72000 137.593
52.73000 134.463
52.74000 136.098
52.75000 137.749
52.76000 140.506
52.77000 143.933
52.78000 147.278
52.79000 148.780
52.80000 149.520
52.81000 150.213
52.82000 150.042
52.83000 149.665
52.84000 149.520
52.85000 150.950
52.86000 152.674
52.87000 154.241
52.88000 155.116
52.89000 155.909
52.90000 156.511
52.91000 152.028
52.92000 148.240
52.93000 145.918
52.94000 146.564
52.95000 147.295
52.96000 149.071
52.97000 152.279
52.98000 155.493
52.99000 154.957
53.00000 151.072
53.01000 147.221
53.02000 145.436
53.03000 144.881
53.04000 144.342
53.05000 144.160
53.06000 144.122
53.07000 144.086
53.08000 145.333
53.09000 146.786
53.10000 148.227
53.11000 149.594
53.12000 150.947
53.13000 151.979
53.14000 151.629
53.15000 151.119
53.16000 150.735
53.17000 153.499
53.18000 155.824
53.19000 156.061
53.20000 152.143
53.21000 148.111
53.22000 150.436
53.23000 161.313
53.24000 172.230
53.25000 175.558
53.26000 172.242
53.27000 168.925
53.28000 165.566
53.29000 162.181
53.30000 158.810
53.31000 155.708
53.32000 152.715
53.33000 149.925
53.34000 150.563
53.35000 151.983
53.36000 153.331
53.37000 154.209
53.38000 155.003
53.39000 155.253
53.40000 153.204
53.41000 150.897
53.42000 149.161
53.43000 151.397
53.44000 153.338
53.45000 153.921
53.46000 151.848
53.47000 149.706
53.48000 149.940
53.49000 153.313
53.50000 156.698
53.51000 157.799
53.52000 156.937
53.53000 156.038
53.54000 153.017
53.55000 148.776
53.56000 144.696
53.57000 143.864
53.58000 144.307
53.59000 144.718
53.60000 142.605
53.61000 140.087
53.62000 137.992
53.63000 138.579
53.64000 139.639
53.65000 140.323
53.66000 139.439
53.67000 138.384
53.68000 137.594
53.69000 142.336
53.70000 146.296
53.71000 148.484
53.72000 147.267
53.73000 145.965
53.74000 147.507
53.75000 152.735
53.76000 157.973
53.77000 159.245
53.78000 157.177
53.79000 155.052
53.80000 149.979
53.81000 143.242
53.82000 136.824
53.83000 136.620
53.84000 138.816
53.85000 140.854
53.86000 143.227
53.87000 145.446
53.88000 147.628
53.89000 149.581
53.90000 151.494
53.91000 152.029
53.92000 146.942
53.93000 141.253
53.94000 137.013
53.95000 138.466
53.96000 139.855
53.97000 140.456
53.98000 139.567
53.99000 138.643
54.00000 138.037
54.01000 137.834
54.02000 137.632
54.03000 138.807
54.04000 141.112
54.05000 143.333
54.06000 141.417
54.07000 137.205
54.08000 133.298
54.09000 135.131
54.10000 139.141
54.11000 142.855
54.12000 144.824
54.13000 146.191
54.14000 147.628
54.15000 149.503
54.16000 151.452
54.17000 152.038
54.18000 147.165
54.19000 141.722
54.20000 137.685
54.21000 136.888
54.22000 136.410
54.23000 134.962
54.24000 131.715
54.25000 128.427
54.26000 128.710
54.27000 133.453
54.28000 138.203
54.29000 140.432
54.30000 140.613
54.31000 140.791
54.32000 140.832
54.33000 140.798
54.34000 140.883
54.35000 143.128
54.36000 146.179
54.37000 148.999
54.38000 146.454
54.39000 142.950
54.40000 140.027
54.41000 140.582
54.42000 141.716
54.43000 142.464
54.44000 141.698
54.45000 140.777
54.46000 140.098
54.47000 144.148
54.48000 147.486
54.49000 149.063
54.50000 147.427
54.51000 145.722
54.52000 142.893
54.53000 138.684
54.54000 134.480
54.55000 136.703
54.56000 144.017
54.57000 151.178
54.58000 151.605
54.59000 148.421
54.60000 145.355
54.61000 144.367
54.62000 144.141
54.63000 143.932
54.64000 145.104
54.65000 146.460
54.66000 147.683
54.67000 148.120
54.68000 148.429
54.69000 148.308
54.70000 146.528
54.71000 144.582
54.72000 143.153
54.73000 143.711
54.74000 144.223
54.75000 145.524
54.76000 148.240
54.77000 150.984
54.78000 152.327
54.79000 151.987
54.80000 151.644
54.81000 149.936
54.82000 147.175
54.83000 144.475
54.84000 144.340
54.85000 145.556
54.86000 146.615
54.87000 145.007
54.88000 142.437
54.89000 140.073
54.90000 143.199
54.91000 147.192
54.92000 150.641
54.93000 150.958
54.94000 150.776
54.95000 151.836
54.96000 157.609
54.97000 163.840
54.98000 168.392
54.99000 163.087
55.00000 158.610
55.01000 153.816
55.02000 148.464
55.03000 143.102
55.04000 141.735
55.05000 145.083
55.06000 148.430
55.07000 151.051
55.08000 153.100
55.09000 155.159
55.10000 157.560
55.11000 160.139
55.12000 162.661
55.13000 164.237
55.14000 165.477
55.15000 166.616
55.16000 164.129
55.17000 161.135
55.18000 160.020
55.19000 169.503
55.20000 180.642
55.21000 188.772
55.22000 185.684
55.23000 181.534
55.24000 178.518
55.25000 184.397
55.26000 189.256
55.27000 194.190
55.28000 199.251
55.29000 204.316
55.30000 210.695
55.31000 218.596
55.32000 226.477
55.33000 232.162
55.34000 236.164
55.35000 240.179
55.36000 244.663
55.37000 249.386
55.38000 254.220
55.39000 260.829
55.40000 268.055
55.41000 274.677
55.42000 288.788
55.43000 302.922
55.44000 317.261
55.45000 332.734
55.46000 348.380
55.47000 362.286
55.48000 369.817
55.49000 376.760
55.50000 381.781
55.51000 403.677
55.52000 421.094
55.53000 436.123
55.54000 447.086
55.55000 457.981
55.56000 466.456
55.57000 472.184
55.58000 477.890
55.59000 488.763
55.60000 503.346
55.61000 517.838
55.62000 529.031
55.63000 538.574
55.64000 548.178
55.65000 558.726
55.66000 569.597
55.67000 579.535
55.68000 589.777
55.69000 598.940
55.70000 607.910
55.71000 615.830
55.72000 623.593
55.73000 630.945
55.74000 636.818
55.75000 642.558
55.76000 646.688
55.77000 649.995
55.78000 652.498
55.79000 648.229
55.80000 632.631
55.81000 616.856
55.82000 603.689
55.83000 593.426
55.84000 583.201
55.85000 580.281
55.86000 582.648
55.87000 584.938
55.88000 584.584
55.89000 582.929
55.90000 580.786
55.91000 571.276
55.92000 559.288
55.93000 548.353
55.94000 546.702
55.95000 547.104
55.96000 545.725
55.97000 534.871
55.98000 522.625
55.99000 508.261
56.00000 486.409
56.01000 463.902
56.02000 447.797
56.03000 440.664
56.04000 435.519
56.05000 425.711
56.06000 408.241
56.07000 390.658
56.08000 377.824
56.09000 370.178
56.10000 362.564
56.11000 350.684
56.12000 335.902
56.13000 321.306
56.14000 312.826
56.15000 307.302
56.16000 301.716
56.17000 295.224
56.18000 288.432
56.19000 282.251
56.20000 274.516
56.21000 267.365
56.22000 260.462
56.23000 254.849
56.24000 249.421
56.25000 242.306
56.26000 229.332
56.27000 215.859
56.28000 206.269
56.29000 200.994
56.30000 197.115
56.31000 194.962
56.32000 195.593
56.33000 196.262
56.34000 195.672
56.35000 193.732
56.36000 191.800
56.37000 188.364
56.38000 183.923
56.39000 179.511
56.40000 176.011
56.41000 172.944
56.42000 169.839
56.43000 166.188
56.44000 162.359
56.45000 158.884
56.46000 156.790
56.47000 155.208
56.48000 153.825
56.49000 153.463
56.50000 153.243
56.51000 152.929
56.52000 152.289
56.53000 151.622
56.54000 151.149
56.55000 157.445
56.56000 162.439
56.57000 162.653
56.58000 155.284
56.59000 147.820
56.60000 145.023
56.61000 147.128
56.62000 149.223
56.63000 150.008
56.64000 149.891
56.65000 149.831
56.66000 151.460
56.67000 153.876
56.68000 155.775
56.69000 150.518
56.70000 142.976
56.71000 136.146
56.72000 138.459
56.73000 142.226
56.74000 144.993
56.75000 142.743
56.76000 139.803
56.77000 137.442
56.78000 137.026
56.79000 136.767
56.80000 136.585
56.81000 142.205
56.82000 146.638
56.83000 147.822
56.84000 143.941
56.85000 140.000
56.86000 138.945
56.87000 140.860
56.88000 142.764
56.89000 141.013
56.90000 136.845
56.91000 132.932
56.92000 136.319
56.93000 143.058
56.94000 149.200
56.95000 147.336
56.96000 142.961
56.97000 139.008
56.98000 132.704
56.99000 126.726
57.00000 121.985
57.01000 123.336
57.02000 125.510
57.03000 126.893
57.04000 125.674
57.05000 124.251
57.06000 123.254
57.07000 122.673
57.08000 122.245
57.09000 121.203
57.10000 119.221
57.11000 117.229
57.12000 119.227
57.13000 125.253
57.14000 131.242
57.15000 130.512
57.16000 125.393
57.17000 120.386
57.18000 118.468
57.19000 117.945
57.20000 117.743
57.21000 121.731
57.22000 127.011
57.23000 131.769
57.24000 130.824
57.25000 128.961
57.26000 127.003
57.27000 124.592
57.28000 122.121
57.29000 120.526
57.30000 121.768
57.31000 123.227
57.32000 124.242
57.33000 128.131
57.34000 131.143
57.35000 131.596
57.36000 128.202
57.37000 124.771
57.38000 124.147
57.39000 126.301
57.40000 128.441
57.41000 131.920
57.42000 136.208
57.43000 140.303
57.44000 139.322
57.45000 136.089
57.46000 132.837
57.47000 129.332
57.48000 125.750
57.49000 122.531
57.50000 123.322
57.51000 124.727
57.52000 125.419
57.53000 122.728
57.54000 119.601
57.55000 117.680
57.56000 119.597
57.57000 121.799
57.58000 123.324
57.59000 124.344
57.60000 125.099
57.61000 125.266
57.62000 124.565
57.63000 123.856
57.64000 123.720
57.65000 124.138
57.66000 124.554
57.67000 126.295
57.68000 128.844
57.69000 131.196
57.70000 128.548
57.71000 123.719
57.72000 119.310
57.73000 120.090
57.74000 122.414
57.75000 124.498
57.76000 125.430
57.77000 126.044
57.78000 125.997
57.79000 122.881
57.80000 119.377
57.81000 117.642
57.82000 121.434
57.83000 125.626
57.84000 128.511
57.85000 132.519
57.86000 135.555
57.87000 135.985
57.88000 132.634
57.89000 129.252
57.90000 127.888
57.91000 128.440
57.92000 128.988
57.93000 128.764
57.94000 128.067
57.95000 127.412
57.96000 127.765
57.97000 128.550
57.98000 129.140
57.99000 127.390
58.00000 124.956
58.01000 122.779
58.02000 124.136
58.03000 125.921
58.04000 127.878
58.05000 130.616
58.06000 133.451
58.07000 135.935
58.08000 137.344
58.09000 138.678
58.10000 139.591
58.11000 134.022
58.12000 129.699
58.13000 127.761
58.14000 129.221
58.15000 130.706
58.16000 129.798
58.17000 126.661
58.18000 123.550
58.19000 126.188
58.20000 132.266
58.21000 138.100
58.22000 138.197
58.23000 135.876
58.24000 133.534
58.25000 130.942
58.26000 128.278
58.27000 125.902
58.28000 123.125
58.29000 120.641
58.30000 119.763
58.31000 126.078
58.32000 133.260
58.33000 137.560
58.34000 133.152
58.35000 128.151
58.36000 124.749
58.37000 123.688
58.38000 122.948
58.39000 123.119
58.40000 124.563
58.41000 126.014
58.42000 126.626
58.43000 126.471
58.44000 126.316
58.45000 125.358
58.46000 123.940
58.47000 122.592
58.48000 122.821
58.49000 123.704
58.50000 124.398
58.51000 122.947
58.52000 120.890
58.53000 119.060
58.54000 118.170
58.55000 117.549
58.56000 118.329
58.57000 125.267
58.58000 132.932
58.59000 137.301
58.60000 131.887
58.61000 125.827
58.62000 121.728
58.63000 120.799
58.64000 120.176
58.65000 119.855
58.66000 119.950
58.67000 120.049
58.68000 121.878
58.69000 125.257
58.70000 128.603
58.71000 125.860
58.72000 119.618
58.73000 113.573
58.74000 111.833
58.75000 111.846
58.76000 112.018
58.77000 113.948
58.78000 116.367
58.79000 118.513
58.80000 120.466
58.81000 122.128
58.82000 124.106
58.83000 127.449
58.84000 130.949
58.85000 132.404
58.86000 127.892
58.87000 122.997
58.88000 119.707
58.89000 121.811
58.90000 123.486
58.91000 122.687
58.92000 118.552
58.93000 114.402
58.94000 113.579
58.95000 115.679
58.96000 117.756
58.97000 118.100
58.98000 117.443
58.99000 117.005
59.00000 121.176
59.01000 127.193
59.02000 132.800
59.03000 133.982
59.04000 133.957
59.05000 133.935
59.06000 128.570
59.07000 123.098
59.08000 118.433
59.09000 117.198
59.10000 116.348
59.11000 116.379
59.12000 118.935
59.13000 121.647
59.14000 123.459
59.15000 118.651
59.16000 114.959
59.17000 113.293
59.18000 114.309
59.19000 115.337
59.20000 115.254
59.21000 114.214
59.22000 113.186
59.23000 112.392
59.24000 111.749
59.25000 111.107
59.26000 110.472
59.27000 109.839
59.28000 109.308
59.29000 109.858
59.30000 110.697
59.31000 111.438
59.32000 116.857
59.33000 122.246
59.34000 125.891
59.35000 122.269
59.36000 117.849
59.37000 114.801
59.38000 115.624
59.39000 116.681
59.40000 117.382
59.41000 120.447
59.42000 122.757
59.43000 122.447
59.44000 118.734
59.45000 115.011
59.46000 114.261
59.47000 116.026
59.48000 117.769
59.49000 117.573
59.50000 116.313
59.51000 115.089
59.52000 114.589
59.53000 114.368
59.54000 114.169
59.55000 114.190
59.56000 114.270
59.57000 114.340
59.58000 112.350
59.59000 110.329
59.60000 109.850
59.61000 115.676
59.62000 122.178
59.63000 126.498
59.64000 124.771
59.65000 122.690
59.66000 121.317
59.67000 121.642
59.68000 121.911
59.69000 120.475
59.70000 116.865
59.71000 113.255
59.72000 112.834
59.73000 115.062
59.74000 117.260
59.75000 116.816
59.76000 114.951
59.77000 113.203
59.78000 113.662
59.79000 114.960
59.80000 116.103
59.81000 115.687
59.82000 114.869
59.83000 114.150
59.84000 113.654
59.85000 113.259
59.86000 113.533
59.87000 116.491
59.88000 119.729
59.89000 121.655
59.90000 120.006
59.91000 118.156
59.92000 116.942
59.93000 115.121
59.94000 113.772
59.95000 114.478
59.96000 117.757
59.97000 121.036
59.98000 121.180
59.99000 118.771
60.00000 116.394
60.01000 115.423
60.02000 115.224
60.03000 115.051
60.04000 115.333
60.05000 115.785
60.06000 116.272
60.07000 117.110
60.08000 118.037
60.09000 118.848
60.10000 117.107
60.11000 115.250
60.12000 113.878
60.13000 114.422
60.14000 115.162
60.15000 115.661
60.16000 115.515
60.17000 115.334
60.18000 115.216
60.19000 115.562
60.20000 115.823
60.21000 114.960
60.22000 112.717
60.23000 110.477
60.24000 110.434
60.25000 112.149
60.26000 113.838
60.27000 114.094
60.28000 113.593
60.29000 113.255
60.30000 115.780
60.31000 119.358
60.32000 122.508
60.33000 121.572
60.34000 119.619
60.35000 117.914
60.36000 116.874
60.37000 116.078
60.38000 115.739
60.39000 117.174
60.40000 118.786
60.41000 119.544
60.42000 118.052
60.43000 116.442
60.44000 115.400
60.45000 120.633
60.46000 124.554
60.47000 124.453
60.48000 119.501
60.49000 114.553
60.50000 113.355
60.51000 115.101
60.52000 116.819
60.53000 117.570
60.54000 117.804
60.55000 118.112
60.56000 119.701
60.57000 121.752
60.58000 123.570
60.59000 123.216
60.60000 122.329
60.61000 121.558
60.62000 120.403
60.63000 119.365
60.64000 118.516
60.65000 118.387
60.66000 118.328
60.67000 118.932
60.68000 121.251
60.69000 123.657
60.70000 125.205
60.71000 121.070
60.72000 117.974
60.73000 115.890
60.74000 115.002
60.75000 114.120
60.76000 114.210
60.77000 115.050
60.78000 115.877
60.79000 116.148
60.80000 116.132
60.81000 116.157
60.82000 116.851
60.83000 117.783
60.84000 118.808
60.85000 120.681
60.86000 122.757
60.87000 124.558
60.88000 121.209
60.89000 117.668
60.90000 114.569
60.91000 113.123
60.92000 111.835
60.93000 110.686
60.94000 109.894
60.95000 109.120
60.96000 108.625
60.97000 107.489
60.98000 106.653
60.99000 110.297
61.00000 119.142
61.01000 127.965
61.02000 130.565
61.03000 128.461
61.04000 126.394
61.05000 123.780
61.06000 120.984
61.07000 118.503
61.08000 121.082
61.09000 125.428
61.10000 128.994
61.11000 125.629
61.12000 120.629
61.13000 116.305
61.14000 119.124
61.15000 122.452
61.16000 124.932
61.17000 124.300
61.18000 123.381
61.19000 123.337
61.20000 125.484
61.21000 127.735
61.22000 129.163
61.23000 121.706
61.24000 116.186
61.25000 114.425
61.26000 116.945
61.27000 119.468
61.28000 121.605
61.29000 123.454
61.30000 125.270
61.31000 127.692
61.32000 130.322
61.33000 132.705
61.34000 131.223
61.35000 128.416
61.36000 126.005
61.37000 127.042
61.38000 128.877
61.39000 130.459
61.40000 125.338
61.41000 120.141
61.42000 117.107
61.43000 121.873
61.44000 127.342
61.45000 131.063
61.46000 130.489
61.47000 129.718
61.48000 129.232
61.49000 137.091
61.50000 142.875
61.51000 150.134
61.52000 159.042
61.53000 167.960
61.54000 178.330
61.55000 189.759
61.56000 200.970
61.57000 218.993
61.58000 239.595
61.59000 260.275
61.60000 282.142
61.61000 304.410
61.62000 325.664
61.63000 338.316
61.64000 349.011
61.65000 358.202
61.66000 361.670
61.67000 363.891
61.68000 368.538
61.69000 381.783
61.70000 395.784
61.71000 404.178
61.72000 399.028
61.73000 393.279
61.74000 389.681
61.75000 392.442
61.76000 394.502
61.77000 387.968
61.78000 372.017
61.79000 356.036
61.80000 336.154
61.81000 313.480
61.82000 291.261
61.83000 272.766
61.84000 256.710
61.85000 240.450
61.86000 221.194
61.87000 200.945
61.88000 181.414
61.89000 167.839
61.90000 155.595
61.91000 145.103
61.92000 143.993
61.93000 144.198
61.94000 143.863
61.95000 141.647
61.96000 139.271
61.97000 138.494
61.98000 141.517
61.99000 144.703
62.00000 146.682
62.01000 147.096
62.02000 147.379
62.03000 145.537
62.04000 141.411
62.05000 137.325
62.06000 138.605
62.07000 143.655
62.08000 148.599
62.09000 147.042
62.10000 142.573
62.11000 138.186
62.12000 134.965
62.13000 132.124
62.14000 129.853
62.15000 132.214
62.16000 135.589
62.17000 138.471
62.18000 140.499
62.19000 142.106
62.20000 142.288
62.21000 137.596
62.22000 132.498
62.23000 129.185
62.24000 130.040
62.25000 131.067
62.26000 131.701
62.27000 138.699
62.28000 143.781
62.29000 144.476
62.30000 140.549
62.31000 136.660
62.32000 137.394
62.33000 141.318
62.34000 145.155
62.35000 145.257
62.36000 143.678
62.37000 142.177
62.38000 141.757
62.39000 141.682
62.40000 141.255
62.41000 138.030
62.42000 134.202
62.43000 130.944
62.44000 134.037
62.45000 137.375
62.46000 138.944
62.47000 134.565
62.48000 129.703
62.49000 126.423
62.50000 126.771
62.51000 127.263
62.52000 127.564
62.53000 130.230
62.54000 132.158
62.55000 135.001
62.56000 138.790
62.57000 142.535
62.58000 141.483
62.59000 137.181
62.60000 132.978
62.61000 130.775
62.62000 129.547
62.63000 128.645
62.64000 132.134
62.65000 137.003
62.66000 140.882
62.67000 137.068
62.68000 131.631
62.69000 127.017
62.70000 127.269
62.71000 128.033
62.72000 129.205
62.73000 131.728
62.74000 134.357
62.75000 137.283
62.76000 140.878
62.77000 144.498
62.78000 146.699
62.79000 147.036
62.80000 147.261
62.81000 146.378
62.82000 144.373
62.83000 142.363
62.84000 139.866
62.85000 137.044
62.86000 134.291
62.87000 134.958
62.88000 137.073
62.89000 139.049
62.90000 139.193
62.91000 138.771
62.92000 138.652
62.93000 140.826
62.94000 143.475
62.95000 145.715
62.96000 145.329
62.97000 144.715
62.98000 143.407
62.99000 139.844
63.00000 136.108
63.01000 133.145
63.02000 131.898
63.03000 130.713
63.04000 129.997
63.05000 136.141
63.06000 140.566
63.07000 142.802
63.08000 142.869
63.09000 142.932
63.10000 142.641
63.11000 142.118
63.12000 141.608
63.13000 142.455
63.14000 143.839
63.15000 144.903
63.16000 141.882
63.17000 137.621
63.18000 134.333
63.19000 138.265
63.20000 143.665
63.21000 148.218
63.22000 146.734
63.23000 144.842
63.24000 143.851
63.25000 145.731
63.26000 147.825
63.27000 147.676
63.28000 142.637
63.29000 137.426
63.30000 134.304
63.31000 132.873
63.32000 131.867
63.33000 130.950
63.34000 130.118
63.35000 129.305
63.36000 130.153
63.37000 132.068
63.38000 133.932
63.39000 137.791
63.40000 142.299
63.41000 146.408
63.42000 145.575
63.43000 143.266
63.44000 141.050
63.45000 139.504
63.46000 138.092
63.47000 136.906
63.48000 136.719
63.49000 136.668
63.50000 136.798
63.51000 137.492
63.52000 138.227
63.53000 138.815
63.54000 139.089
63.55000 139.352
63.56000 139.509
63.57000 141.212
63.58000 142.427
63.59000 140.381
63.60000 135.226
63.61000 130.134
63.62000 130.005
63.63000 133.007
63.64000 135.925
63.65000 137.061
63.66000 137.413
63.67000 138.221
63.68000 144.524
63.69000 152.439
63.70000 158.828
63.71000 154.373
63.72000 147.796
63.73000 142.289
63.74000 142.908
63.75000 144.052
63.76000 144.510
63.77000 142.853
63.78000 141.047
63.79000 141.315
63.80000 145.950
63.81000 150.724
63.82000 153.541
63.83000 147.409
63.84000 143.032
63.85000 142.648
63.86000 145.997
63.87000 149.302
63.88000 149.405
63.89000 147.523
63.90000 145.695
63.91000 144.930
63.92000 144.630
63.93000 144.489
63.94000 146.216
63.95000 148.482
63.96000 150.497
63.97000 150.768
63.98000 150.703
63.99000 150.650
64.00000 152.062
64.01000 153.380
64.02000 153.999
64.03000 152.497
64.04000 150.850
64.05000 150.736
64.06000 153.797
64.07000 156.955
64.08000 158.804
64.09000 157.438
64.10000 156.462
64.11000 156.579
64.12000 157.699
64.13000 158.804
64.14000 158.886
64.15000 158.347
64.16000 157.823
64.17000 154.861
64.18000 151.093
64.19000 147.805
64.20000 149.997
64.21000 153.740
64.22000 157.292
64.23000 159.539
64.24000 161.541
64.25000 163.205
64.26000 160.881
64.27000 158.568
64.28000 157.295
64.29000 159.121
64.30000 161.152
64.31000 161.520
64.32000 158.500
64.33000 155.381
64.34000 153.569
64.35000 163.186
64.36000 169.984
64.37000 170.886
64.38000 166.489
64.39000 162.084
64.40000 157.111
64.41000 151.799
64.42000 146.653
64.43000 150.374
64.44000 157.318
64.45000 163.853
64.46000 165.833
64.47000 166.545
64.48000 167.548
64.49000 170.490
64.50000 173.790
64.51000 176.524
64.52000 176.890
64.53000 176.965
64.54000 176.541
64.55000 174.659
64.56000 172.682
64.57000 173.306
64.58000 179.132
64.59000 185.104
64.60000 188.544
64.61000 184.307
64.62000 181.317
64.63000 183.938
64.64000 191.505
64.65000 198.961
64.66000 199.782
64.67000 196.702
64.68000 193.723
64.69000 194.930
64.70000 197.656
64.71000 200.224
64.72000 201.083
64.73000 201.475
64.74000 201.291
64.75000 197.347
64.76000 192.723
64.77000 188.905
64.78000 197.102
64.79000 204.973
64.80000 211.422
64.81000 213.783
64.82000 215.889
64.83000 217.170
64.84000 216.828
64.85000 216.443
64.86000 216.223
64.87000 218.608
64.88000 220.279
64.89000 220.472
64.90000 219.388
64.91000 218.419
64.92000 223.914
64.93000 233.144
64.94000 242.061
64.95000 247.567
64.96000 251.490
64.97000 255.800
64.98000 264.210
64.99000 273.722
65.00000 281.921
65.01000 281.721
65.02000 280.028
65.03000 278.636
65.04000 282.961
65.05000 287.034
65.06000 292.132
65.07000 300.126
65.08000 308.294
65.09000 314.891
65.10000 318.448
65.11000 321.929
65.12000 323.902
65.13000 331.596
65.14000 336.970
65.15000 343.926
65.16000 352.224
65.17000 360.475
65.18000 366.228
65.19000 370.563
65.20000 374.745
65.21000 374.940
65.22000 373.668
65.23000 373.146
65.24000 380.360
65.25000 389.615
65.26000 398.052
65.27000 401.363
65.28000 403.782
65.29000 405.765
65.30000 401.542
65.31000 397.530
65.32000 396.056
65.33000 401.631
65.34000 407.619
65.35000 414.429
65.36000 422.798
65.37000 431.204
65.38000 435.930
65.39000 434.129
65.40000 432.868
65.41000 433.954
65.42000 436.994
65.43000 440.052
65.44000 444.003
65.45000 448.453
65.46000 452.739
65.47000 457.191
65.48000 461.433
65.49000 465.555
65.50000 468.473
65.51000 471.079
65.52000 473.508
65.53000 474.844
65.54000 475.994
65.55000 476.933
65.56000 484.223
65.57000 490.736
65.58000 496.769
65.59000 501.495
65.60000 506.146
65.61000 517.920
65.62000 542.989
65.63000 568.361
65.64000 582.504
65.65000 616.366
65.66000 639.873
65.67000 677.593
65.68000 726.920
65.69000 776.875
65.70000 856.568
65.71000 952.565
65.72000 1044.910
65.73000 1190.493
65.74000 1345.700
65.75000 1501.715
65.76000 1665.678
65.77000 1831.663
65.78000 1998.339
65.79000 2169.175
65.80000 2340.707
65.81000 2480.239
65.82000 2584.056
65.83000 2665.822
65.84000 2741.170
65.85000 2799.296
65.86000 2856.476
65.87000 2892.595
65.88000 2890.074
65.89000 2886.721
65.90000 2884.867
65.91000 2854.232
65.92000 2832.984
65.93000 2790.776
65.94000 2731.771
65.95000 2671.268
65.96000 2543.720
65.97000 2380.050
65.98000 2222.834
65.99000 2037.156
66.00000 1853.567
66.01000 1671.449
66.02000 1503.421
66.03000 1338.913
66.04000 1180.380
66.05000 1057.102
66.06000 939.602
66.07000 844.385
66.08000 761.700
66.09000 695.369
66.10000 637.656
66.11000 602.679
66.12000 568.911
66.13000 538.973
66.14000 515.941
66.15000 493.049
66.16000 480.507
66.17000 483.567
66.18000 485.678
66.19000 482.734
66.20000 475.813
66.21000 469.056
66.22000 469.260
66.23000 473.150
66.24000 476.881
66.25000 482.239
66.26000 487.795
66.27000 495.181
66.28000 519.691
66.29000 548.403
66.30000 577.794
66.31000 611.120
66.32000 645.077
66.33000 672.488
66.34000 697.238
66.35000 717.141
66.36000 737.349
66.37000 758.344
66.38000 779.379
66.39000 801.234
66.40000 824.540
66.41000 847.873
66.42000 860.546
66.43000 854.887
66.44000 850.985
66.45000 847.215
66.46000 843.547
66.47000 839.680
66.48000 827.794
66.49000 811.733
66.50000 796.352
66.51000 780.884
66.52000 766.432
66.53000 749.695
66.54000 712.079
66.55000 669.432
66.56000 628.037
66.57000 593.744
66.58000 560.568
66.59000 533.891
66.60000 503.547
66.61000 478.659
66.62000 461.151
66.63000 462.457
66.64000 464.697
66.65000 463.047
66.66000 454.625
66.67000 446.080
66.68000 441.480
66.69000 427.110
66.70000 417.309
66.71000 414.252
66.72000 416.304
66.73000 418.264
66.74000 416.660
66.75000 413.234
66.76000 409.957
66.77000 420.564
66.78000 434.956
66.79000 447.666
66.80000 445.359
66.81000 439.498
66.82000 433.726
66.83000 428.439
66.84000 423.227
66.85000 419.052
66.86000 427.341
66.87000 434.983
66.88000 438.762
66.89000 432.857
66.90000 426.487
66.91000 420.667
66.92000 415.784
66.93000 410.917
66.94000 408.321
66.95000 406.354
66.96000 405.030
66.97000 406.871
66.98000 411.067
66.99000 415.308
67.00000 421.168
67.01000 427.842
67.02000 434.214
67.03000 444.633
67.04000 455.605
67.05000 464.745
67.06000 457.915
67.07000 447.374
67.08000 438.635
67.09000 439.723
67.10000 442.294
67.11000 444.345
67.12000 442.674
67.13000 441.054
67.14000 440.652
67.15000 443.251
67.16000 445.988
67.17000 449.913
67.18000 455.834
67.19000 461.786
67.20000 464.933
67.21000 465.113
67.22000 465.217
67.23000 462.449
67.24000 457.582
67.25000 452.782
67.26000 450.312
67.27000 448.994
67.28000 447.738
67.29000 450.757
67.30000 454.897
67.31000 458.861
67.32000 461.330
67.33000 463.457
67.34000 465.447
67.35000 466.708
67.36000 467.860
67.37000 468.776
67.38000 475.288
67.39000 480.929
67.40000 485.982
67.41000 489.609
67.42000 493.172
67.43000 493.046
67.44000 486.825
67.45000 480.513
67.46000 477.208
67.47000 491.965
67.48000 501.888
67.49000 500.538
67.50000 491.100
67.51000 481.908
67.52000 480.837
67.53000 483.710
67.54000 486.444
67.55000 490.416
67.56000 494.471
67.57000 497.901
67.58000 496.123
67.59000 493.179
67.60000 491.354
67.61000 495.393
67.62000 500.281
67.63000 504.149
67.64000 509.299
67.65000 513.526
67.66000 517.403
67.67000 520.449
67.68000 523.460
67.69000 524.772
67.70000 523.329
67.71000 521.847
67.72000 521.078
67.73000 527.662
67.74000 532.087
67.75000 533.736
67.76000 533.431
67.77000 533.029
67.78000 529.550
67.79000 524.602
67.80000 519.901
67.81000 526.498
67.82000 535.999
67.83000 544.332
67.84000 543.167
67.85000 539.915
67.86000 538.812
67.87000 548.761
67.88000 560.275
67.89000 569.349
67.90000 570.727
67.91000 571.316
67.92000 572.135
67.93000 573.492
67.94000 574.871
67.95000 576.458
67.96000 578.376
67.97000 580.299
67.98000 581.287
67.99000 585.597
68.00000 588.498
68.01000 591.508
68.02000 594.594
68.03000 597.383
68.04000 591.150
68.05000 580.682
68.06000 570.754
68.07000 577.635
68.08000 588.952
68.09000 599.328
68.10000 602.217
68.11000 603.492
68.12000 603.667
68.13000 598.288
68.14000 592.140
68.15000 587.315
68.16000 597.023
68.17000 605.734
68.18000 613.789
68.19000 620.333
68.20000 626.817
68.21000 633.081
68.22000 638.997
68.23000 644.910
68.24000 647.918
68.25000 638.851
68.26000 632.813
68.27000 631.526
68.28000 633.466
68.29000 635.707
68.30000 646.681
68.31000 661.685
68.32000 675.890
68.33000 676.809
68.34000 673.798
68.35000 671.586
68.36000 675.590
68.37000 680.909
68.38000 687.500
68.39000 700.383
68.40000 714.121
68.41000 724.855
68.42000 732.934
68.43000 739.213
68.44000 744.250
68.45000 746.479
68.46000 748.601
68.47000 753.465
68.48000 762.550
68.49000 771.682
68.50000 776.282
68.51000 793.976
68.52000 805.873
68.53000 825.183
68.54000 849.440
68.55000 873.451
68.56000 890.628
68.57000 904.707
68.58000 918.013
68.59000 945.126
68.60000 973.955
68.61000 1004.356
68.62000 1046.721
68.63000 1091.572
68.64000 1136.171
68.65000 1179.547
68.66000 1222.760
68.67000 1256.381
68.68000 1332.943
68.69000 1396.526
68.70000 1459.583
68.71000 1521.473
68.72000 1583.319
68.73000 1651.439
68.74000 1729.039
68.75000 1806.736
68.76000 1865.020
68.77000 1903.990
68.78000 1943.501
68.79000 2033.797
68.80000 2157.380
68.81000 2280.423
68.82000 2389.039
68.83000 2491.222
68.84000 2587.627
68.85000 2754.035
68.86000 2926.103
68.87000 3107.365
68.88000 3357.105
68.89000 3620.806
68.90000 3925.897
68.91000 4428.268
68.92000 4956.262
68.93000 5365.277
68.94000 6826.912
68.95000 8050.405
68.96000 9751.467
68.97000 12496.176
68.98000 15277.563
68.99000 18685.119
69.00000 23022.387
69.01000 27368.242
69.02000 31966.088
69.03000 36809.348
69.04000 41646.766
69.05000 45977.629
69.06000 49982.344
69.07000 53939.648
69.08000 56680.258
69.09000 58887.605
69.10000 60966.348
69.11000 62313.879
69.12000 63346.430
69.13000 64386.527
69.14000 65481.578
69.15000 66587.617
69.16000 67667.289
69.17000 68623.617
69.18000 69564.273
69.19000 70289.766
69.20000 69731.758
69.21000 69215.547
69.22000 67969.547
69.23000 65155.844
69.24000 62289.352
69.25000 59143.254
69.26000 55589.426
69.27000 52032.355
69.28000 48572.652
69.29000 45206.656
69.30000 41851.230
69.31000 39344.840
69.32000 37375.473
69.33000 35435.871
69.34000 34230.641
69.35000 33341.813
69.36000 32506.314
69.37000 31655.684
69.38000 30874.990
69.39000 30023.322
69.40000 28665.471
69.41000 27208.281
69.42000 25597.268
69.43000 23280.041
69.44000 20875.092
69.45000 19028.486
69.46000 16089.773
69.47000 13705.630
69.48000 11500.648
69.49000 9673.994
69.50000 7859.535
69.51000 6346.431
69.52000 5264.913
69.53000 4186.879
69.54000 3422.516
69.55000 2952.281
69.56000 2484.183
69.57000 2175.278
69.58000 1965.295
69.59000 1757.801
69.60000 1609.369
69.61000 1485.951
69.62000 1370.155
69.63000 1298.317
69.64000 1244.431
69.65000 1190.726
69.66000 1138.288
69.67000 1086.095
69.68000 1037.806
69.69000 1007.114
69.70000 978.559
69.71000 956.732
69.72000 931.122
69.73000 910.720
69.74000 885.524
69.75000 850.378
69.76000 814.926
69.77000 792.268
69.78000 787.605
69.79000 783.068
69.80000 770.177
69.81000 749.621
69.82000 729.179
69.83000 716.581
69.84000 708.772
69.85000 700.603
69.86000 684.210
69.87000 664.393
69.88000 645.836
69.89000 637.182
69.90000 631.869
69.91000 625.763
69.92000 614.238
69.93000 601.690
69.94000 590.126
69.95000 582.915
69.96000 576.220
69.97000 571.126
69.98000 553.557
69.99000 539.079
70.00000 531.279
