20.00000 24.354
20.01000 12.279
20.02000 19.054
20.03000 13.147
20.04000 15.231
20.05000 30.543
20.06000 18.183
20.07000 21.389
20.08000 23.661
20.09000 18.184
20.10000 13.195
20.11000 26.419
20.12000 18.349
20.13000 15.119
20.14000 14.041
20.15000 21.495
20.16000 14.376
20.17000 20.110
20.18000 9.101
20.19000 18.084
20.20000 11.194
20.21000 15.220
20.22000 19.075
20.23000 26.231
20.24000 21.427
20.25000 20.334
20.26000 18.166
20.27000 17.301
20.28000 19.118
20.29000 20.266
20.30000 24.250
20.31000 14.067
20.32000 20.192
20.33000 18.139
20.34000 16.220
20.35000 24.304
20.36000 13.162
20.37000 18.183
20.38000 20.228
20.39000 24.205
20.40000 31.390
20.41000 21.263
20.42000 17.204
20.43000 26.215
20.44000 20.219
20.45000 24.346
20.46000 12.140
20.47000 15.176
20.48000 12.098
20.49000 18.128
20.50000 22.308
20.51000 14.269
20.52000 26.228
20.53000 24.374
20.54000 28.415
20.55000 23.394
20.56000 17.123
20.57000 23.316
20.58000 27.154
20.59000 18.216
20.60000 21.244
20.61000 27.412
20.62000 18.189
20.63000 25.458
20.64000 18.265
20.65000 17.311
20.66000 18.267
20.67000 22.337
20.68000 12.146
20.69000 19.315
20.70000 20.328
20.71000 21.274
20.72000 18.228
20.73000 21.229
20.74000 24.235
20.75000 20.206
20.76000 16.218
20.77000 21.554
20.78000 16.990
20.79000 29.349
20.80000 26.452
20.81000 15.005
20.82000 24.221
20.83000 23.093
20.84000 24.186
20.85000 20.238
20.86000 13.301
20.87000 19.272
20.88000 16.194
20.89000 11.217
20.90000 25.300
20.91000 14.051
20.92000 18.122
20.93000 15.142
20.94000 16.098
20.95000 19.439
20.96000 18.194
20.97000 23.097
20.98000 20.123
20.99000 19.270
21.00000 24.308
21.01000 27.511
21.02000 19.316
21.03000 14.074
21.04000 24.373
21.05000 18.264
21.06000 14.065
21.07000 12.255
21.08000 20.967
21.09000 15.202
21.10000 20.150
21.11000 22.241
21.12000 21.326
21.13000 15.182
21.14000 15.202
21.15000 17.223
21.16000 23.195
21.17000 25.375
21.18000 19.930
21.19000 26.377
21.20000 32.694
21.21000 20.410
21.22000 16.255
21.23000 19.294
21.24000 27.317
21.25000 15.156
21.26000 20.303
21.27000 22.170
21.28000 20.211
21.29000 18.181
21.30000 20.264
21.31000 17.258
21.32000 9.137
21.33000 22.201
21.34000 25.299
21.35000 13.288
21.36000 14.234
21.37000 17.132
21.38000 18.229
21.39000 18.207
21.40000 17.144
21.41000 19.177
21.42000 21.163
21.43000 23.378
21.44000 29.506
21.45000 20.312
21.46000 15.014
21.47000 20.235
21.48000 23.346
21.49000 23.480
21.50000 12.142
21.51000 24.562
21.52000 20.464
21.53000 14.192
21.54000 18.357
21.55000 17.211
21.56000 10.137
21.57000 19.337
21.58000 19.107
21.59000 19.060
21.60000 22.315
21.61000 14.125
21.62000 17.113
21.63000 20.361
21.64000 24.268
21.65000 18.180
21.66000 20.489
21.67000 14.200
21.68000 22.233
21.69000 19.164
21.70000 25.498
21.71000 16.269
21.72000 17.062
21.73000 19.114
21.74000 15.105
21.75000 19.174
21.76000 18.097
21.77000 19.259
21.78000 15.457
21.79000 17.148
21.80000 21.158
21.81000 21.482
21.82000 16.154
21.83000 18.133
21.84000 22.359
21.85000 17.331
21.86000 18.061
21.87000 25.324
21.88000 8.117
21.89000 22.299
21.90000 23.379
21.91000 27.334
21.92000 19.382
21.93000 16.342
21.94000 8.208
21.95000 15.992
21.96000 24.213
21.97000 15.140
21.98000 14.094
21.99000 22.289
22.00000 19.207
22.01000 16.191
22.02000 24.256
22.03000 21.935
22.04000 16.183
22.05000 23.346
22.06000 23.345
22.07000 27.514
22.08000 22.347
22.09000 19.245
22.10000 21.402
22.11000 20.066
22.12000 18.393
22.13000 24.228
22.14000 16.206
22.15000 18.254
22.16000 22.057
22.17000 19.161
22.18000 18.161
22.19000 33.362
22.20000 23.273
22.21000 26.373
22.22000 17.137
22.23000 20.161
22.24000 26.339
22.25000 26.234
22.26000 19.334
22.27000 23.426
22.28000 16.106
22.29000 19.175
22.30000 22.471
22.31000 12.148
22.32000 23.401
22.33000 15.214
22.34000 23.144
22.35000 20.407
22.36000 23.194
22.37000 29.212
22.38000 23.274
22.39000 24.293
22.40000 24.252
22.41000 26.214
22.42000 22.021
22.43000 19.179
22.44000 29.354
22.45000 26.283
22.46000 27.294
22.47000 13.326
22.48000 30.451
22.49000 16.107
22.50000 22.392
22.51000 23.262
22.52000 16.235
22.53000 20.166
22.54000 29.412
22.55000 17.143
22.56000 20.311
22.57000 25.320
22.58000 26.371
22.59000 19.275
22.60000 24.147
22.61000 21.486
22.62000 25.477
22.63000 21.413
22.64000 19.193
22.65000 26.428
22.66000 17.309
22.67000 29.476
22.68000 15.208
22.69000 26.341
22.70000 22.303
22.71000 21.174
22.72000 22.217
22.73000 20.989
22.74000 27.343
22.75000 21.291
22.76000 19.251
22.77000 32.454
22.78000 16.404
22.79000 24.383
22.80000 21.368
22.81000 20.300
22.82000 13.222
22.83000 30.354
22.84000 20.298
22.85000 23.235
22.86000 17.295
22.87000 24.158
22.88000 28.463
22.89000 21.375
22.90000 28.383
22.91000 19.323
22.92000 16.136
22.93000 24.429
22.94000 21.280
22.95000 16.157
22.96000 21.314
22.97000 16.105
22.98000 18.140
22.99000 27.522
23.00000 22.254
23.01000 25.248
23.02000 19.237
23.03000 30.179
23.04000 23.436
23.05000 17.189
23.06000 34.183
23.07000 15.446
23.08000 30.427
23.09000 30.474
23.10000 21.232
23.11000 23.345
23.12000 30.261
23.13000 25.226
23.14000 20.197
23.15000 31.443
23.16000 27.576
23.17000 24.541
23.18000 19.025
23.19000 27.428
23.20000 23.314
23.21000 27.213
23.22000 27.290
23.23000 26.251
23.24000 23.543
23.25000 30.349
23.26000 20.175
23.27000 21.311
23.28000 21.262
23.29000 32.287
23.30000 26.516
23.31000 30.449
23.32000 21.364
23.33000 19.177
23.34000 22.264
23.35000 21.285
23.36000 22.073
23.37000 24.346
23.38000 26.302
23.39000 23.249
23.40000 21.483
23.41000 23.181
23.42000 25.491
23.43000 22.289
23.44000 25.387
23.45000 19.257
23.46000 22.392
23.47000 22.267
23.48000 24.211
23.49000 25.425
23.50000 24.276
23.51000 32.465
23.52000 25.102
23.53000 23.244
23.54000 18.334
23.55000 22.293
23.56000 31.405
23.57000 21.107
23.58000 29.148
23.59000 19.222
23.60000 17.189
23.61000 23.120
23.62000 25.194
23.63000 23.296
23.64000 27.320
23.65000 25.250
23.66000 29.301
23.67000 23.237
23.68000 30.284
23.69000 28.299
23.70000 39.882
23.71000 33.590
23.72000 34.386
23.73000 17.132
23.74000 22.297
23.75000 23.423
23.76000 24.227
23.77000 28.428
23.78000 23.390
23.79000 30.313
23.80000 22.212
23.81000 25.181
23.82000 31.337
23.83000 31.314
23.84000 28.447
23.85000 28.339
23.86000 29.443
23.87000 27.248
23.88000 28.303
23.89000 28.390
23.90000 28.425
23.91000 20.141
23.92000 22.267
23.93000 21.127
23.94000 28.505
23.95000 23.354
23.96000 21.211
23.97000 29.279
23.98000 29.198
23.99000 29.365
24.00000 35.425
24.01000 25.356
24.02000 23.420
24.03000 36.362
24.04000 19.340
24.05000 19.271
24.06000 27.294
24.07000 31.456
24.08000 32.437
24.09000 26.285
24.10000 28.322
24.11000 32.350
24.12000 21.239
24.13000 40.462
24.14000 21.041
24.15000 27.436
24.16000 25.306
24.17000 30.353
24.18000 25.254
24.19000 29.281
24.20000 31.551
24.21000 18.295
24.22000 27.363
24.23000 34.377
24.24000 28.295
24.25000 24.284
24.26000 32.467
24.27000 30.299
24.28000 26.239
24.29000 31.452
24.30000 37.453
24.31000 26.391
24.32000 24.199
24.33000 30.390
24.34000 34.283
24.35000 22.386
24.36000 26.504
24.37000 25.308
24.38000 23.251
24.39000 32.456
24.40000 40.729
24.41000 32.520
24.42000 40.583
24.43000 23.539
24.44000 22.223
24.45000 25.076
24.46000 28.399
24.47000 25.351
24.48000 34.300
24.49000 31.546
24.50000 25.222
24.51000 21.313
24.52000 35.285
24.53000 35.548
24.54000 34.546
24.55000 36.451
24.56000 23.604
24.57000 45.416
24.58000 33.419
24.59000 33.714
24.60000 24.237
24.61000 34.345
24.62000 34.393
24.63000 24.205
24.64000 33.634
24.65000 34.170
24.66000 27.122
24.67000 30.453
24.68000 32.259
24.69000 26.165
24.70000 30.460
24.71000 27.415
24.72000 27.434
24.73000 35.549
24.74000 22.189
24.75000 24.352
24.76000 37.659
24.77000 33.446
24.78000 42.273
24.79000 36.589
24.80000 36.617
24.81000 28.269
24.82000 42.595
24.83000 30.461
24.84000 33.424
24.85000 34.157
24.86000 33.638
24.87000 31.272
24.88000 35.683
24.89000 37.669
24.90000 28.556
24.91000 29.261
24.92000 32.765
24.93000 34.555
24.94000 41.672
24.95000 31.489
24.96000 18.196
24.97000 31.441
24.98000 33.497
24.99000 26.380
25.00000 39.552
25.01000 28.225
25.02000 27.225
25.03000 33.360
25.04000 36.512
25.05000 29.278
25.06000 26.308
25.07000 32.633
25.08000 33.547
25.09000 30.316
25.10000 26.268
25.11000 34.520
25.12000 37.473
25.13000 29.320
25.14000 40.531
25.15000 33.381
25.16000 39.494
25.17000 36.315
25.18000 42.596
25.19000 28.468
25.20000 31.339
25.21000 29.387
25.22000 39.415
25.23000 29.392
25.24000 44.521
25.25000 27.424
25.26000 42.362
25.27000 45.437
25.28000 26.340
25.29000 38.654
25.30000 33.788
25.31000 45.804
25.32000 25.236
25.33000 38.288
25.34000 31.359
25.35000 39.403
25.36000 33.324
25.37000 39.358
25.38000 29.412
25.39000 28.364
25.40000 26.326
25.41000 36.411
25.42000 31.351
25.43000 34.301
25.44000 25.303
25.45000 30.365
25.46000 38.448
25.47000 43.704
25.48000 39.581
25.49000 45.631
25.50000 32.320
25.51000 32.459
25.52000 37.346
25.53000 54.731
25.54000 34.558
25.55000 41.480
25.56000 37.425
25.57000 32.297
25.58000 27.117
25.59000 30.417
25.60000 37.369
25.61000 32.420
25.62000 39.421
25.63000 39.675
25.64000 36.619
25.65000 48.007
25.66000 40.726
25.67000 41.455
25.68000 47.546
25.69000 37.405
25.70000 41.654
25.71000 39.504
25.72000 34.486
25.73000 48.032
25.74000 31.402
25.75000 38.624
25.76000 37.201
25.77000 39.425
25.78000 34.465
25.79000 38.422
25.80000 34.319
25.81000 26.246
25.82000 40.431
25.83000 42.553
25.84000 30.173
25.85000 33.591
25.86000 36.355
25.87000 31.367
25.88000 36.331
25.89000 34.556
25.90000 42.525
25.91000 36.433
25.92000 47.836
25.93000 37.283
25.94000 35.547
25.95000 44.591
25.96000 46.496
25.97000 48.516
25.98000 32.449
25.99000 31.318
26.00000 41.497
26.01000 51.784
26.02000 49.808
26.03000 46.695
26.04000 44.529
26.05000 46.634
26.06000 35.182
26.07000 47.545
26.08000 37.441
26.09000 45.854
26.10000 52.694
26.11000 42.569
26.12000 38.604
26.13000 47.430
26.14000 32.504
26.15000 26.386
26.16000 39.511
26.17000 39.608
26.18000 44.531
26.19000 47.720
26.20000 49.907
26.21000 49.452
26.22000 52.430
26.23000 53.643
26.24000 49.594
26.25000 51.659
26.26000 32.581
26.27000 46.411
26.28000 47.307
26.29000 42.556
26.30000 38.506
26.31000 46.673
26.32000 43.744
26.33000 58.486
26.34000 52.811
26.35000 44.911
26.36000 54.583
26.37000 52.422
26.38000 44.625
26.39000 52.558
26.40000 48.491
26.41000 41.548
26.42000 40.556
26.43000 51.996
26.44000 35.466
26.45000 39.532
26.46000 43.415
26.47000 46.535
26.48000 49.184
26.49000 48.419
26.50000 74.185
26.51000 28.519
26.52000 48.562
26.53000 55.710
26.54000 45.770
26.55000 48.770
26.56000 45.537
26.57000 49.544
26.58000 33.538
26.59000 33.578
26.60000 58.842
26.61000 55.101
26.62000 53.753
26.63000 50.692
26.64000 46.524
26.65000 41.718
26.66000 41.769
26.67000 45.179
26.68000 38.802
26.69000 48.671
26.70000 48.747
26.71000 50.752
26.72000 40.763
26.73000 40.517
26.74000 33.282
26.75000 40.578
26.76000 37.500
26.77000 40.847
26.78000 55.824
26.79000 46.856
26.80000 41.862
26.81000 33.489
26.82000 49.472
26.83000 48.639
26.84000 54.419
26.85000 40.459
26.86000 46.072
26.87000 45.617
26.88000 54.433
26.89000 52.796
26.90000 47.390
26.91000 45.497
26.92000 60.007
26.93000 48.843
26.94000 55.500
26.95000 53.587
26.96000 40.672
26.97000 43.755
26.98000 45.938
26.99000 43.755
27.00000 56.664
27.01000 53.609
27.02000 34.360
27.03000 62.055
27.04000 55.887
27.05000 50.818
27.06000 40.424
27.07000 59.016
27.08000 48.707
27.09000 50.709
27.10000 37.511
27.11000 49.639
27.12000 48.468
27.13000 52.383
27.14000 51.542
27.15000 43.564
27.16000 48.516
27.17000 46.784
27.18000 52.643
27.19000 56.723
27.20000 44.684
27.21000 47.651
27.22000 50.542
27.23000 54.573
27.24000 50.534
27.25000 45.701
27.26000 44.721
27.27000 51.660
27.28000 43.423
27.29000 57.754
27.30000 47.596
27.31000 58.630
27.32000 45.492
27.33000 56.839
27.34000 55.885
27.35000 46.245
27.36000 53.643
27.37000 54.317
27.38000 45.582
27.39000 57.163
27.40000 44.575
27.41000 45.370
27.42000 46.426
27.43000 52.581
27.44000 45.664
27.45000 49.463
27.46000 43.425
27.47000 46.553
27.48000 52.075
27.49000 52.512
27.50000 57.928
27.51000 47.597
27.52000 38.341
27.53000 61.139
27.54000 47.665
27.55000 37.406
27.56000 41.591
27.57000 50.811
27.58000 43.761
27.59000 66.643
27.60000 58.688
27.61000 53.581
27.62000 49.316
27.63000 43.572
27.64000 46.395
27.65000 48.508
27.66000 67.087
27.67000 54.781
27.68000 57.534
27.69000 46.538
27.70000 46.482
27.71000 48.513
27.72000 50.716
27.73000 56.983
27.74000 68.034
27.75000 45.321
27.76000 41.499
27.77000 48.729
27.78000 49.776
27.79000 47.749
27.80000 37.584
27.81000 58.567
27.82000 46.805
27.83000 41.565
27.84000 58.776
27.85000 42.540
27.86000 57.964
27.87000 47.590
27.88000 45.713
27.89000 42.498
27.90000 46.517
27.91000 44.594
27.92000 48.005
27.93000 54.423
27.94000 51.451
27.95000 52.674
27.96000 47.456
27.97000 56.715
27.98000 50.523
27.99000 51.494
28.00000 45.559
28.01000 57.864
28.02000 51.782
28.03000 52.611
28.04000 57.579
28.05000 51.548
28.06000 45.787
28.07000 61.660
28.08000 46.458
28.09000 53.701
28.10000 60.100
28.11000 54.571
28.12000 46.789
28.13000 60.568
28.14000 49.766
28.15000 43.508
28.16000 53.724
28.17000 58.775
28.18000 55.781
28.19000 47.403
28.20000 48.603
28.21000 45.613
28.22000 41.246
28.23000 49.860
28.24000 62.683
28.25000 38.530
28.26000 54.952
28.27000 42.851
28.28000 41.538
28.29000 55.755
28.30000 41.519
28.31000 57.833
28.32000 59.568
28.33000 49.815
28.34000 56.430
28.35000 41.586
28.36000 56.808
28.37000 38.495
28.38000 46.329
28.39000 56.912
28.40000 38.611
28.41000 37.372
28.42000 46.650
28.43000 35.782
28.44000 58.589
28.45000 43.679
28.46000 49.597
28.47000 41.732
28.48000 45.394
28.49000 31.461
28.50000 57.974
28.51000 50.538
28.52000 56.989
28.53000 52.374
28.54000 39.428
28.55000 55.848
28.56000 47.740
28.57000 56.768
28.58000 57.950
28.59000 48.847
28.60000 45.615
28.61000 44.699
28.62000 45.628
28.63000 47.644
28.64000 56.945
28.65000 61.643
28.66000 53.507
28.67000 70.945
28.68000 50.700
28.69000 47.867
28.70000 60.859
28.71000 56.639
28.72000 42.380
28.73000 56.886
28.74000 58.673
28.75000 35.323
28.76000 56.837
28.77000 40.336
28.78000 58.884
28.79000 48.550
28.80000 40.600
28.81000 48.545
28.82000 44.668
28.83000 39.467
28.84000 54.781
28.85000 52.943
28.86000 42.689
28.87000 50.507
28.88000 49.492
28.89000 38.149
28.90000 46.538
28.91000 42.751
28.92000 49.605
28.93000 50.326
28.94000 52.471
28.95000 30.534
28.96000 46.529
28.97000 47.719
28.98000 43.411
28.99000 54.851
29.00000 33.595
29.01000 43.338
29.02000 60.534
29.03000 38.334
29.04000 41.492
29.05000 45.719
29.06000 42.282
29.07000 40.759
29.08000 42.707
29.09000 49.659
29.10000 51.461
29.11000 50.574
29.12000 35.215
29.13000 58.547
29.14000 34.377
29.15000 41.571
29.16000 45.532
29.17000 35.601
29.18000 53.610
29.19000 28.473
29.20000 38.602
29.21000 41.457
29.22000 36.148
29.23000 41.571
29.24000 40.556
29.25000 34.667
29.26000 42.423
29.27000 36.495
29.28000 48.663
29.29000 40.457
29.30000 52.765
29.31000 51.865
29.32000 36.555
29.33000 45.666
29.34000 34.452
29.35000 48.351
29.36000 48.476
29.37000 48.469
29.38000 43.654
29.39000 47.578
29.40000 43.676
29.41000 39.445
29.42000 42.601
29.43000 48.865
29.44000 38.514
29.45000 39.442
29.46000 34.399
29.47000 44.584
29.48000 34.416
29.49000 48.596
29.50000 34.712
29.51000 30.389
29.52000 52.358
29.53000 45.395
29.54000 34.300
29.55000 31.430
29.56000 41.660
29.57000 57.625
29.58000 52.758
29.59000 53.714
29.60000 37.312
29.61000 42.648
29.62000 35.564
29.63000 44.589
29.64000 45.761
29.65000 54.608
29.66000 31.396
29.67000 45.559
29.68000 31.426
29.69000 36.389
29.70000 51.258
29.71000 52.697
29.72000 33.519
29.73000 39.572
29.74000 33.098
29.75000 28.415
29.76000 38.456
29.77000 35.544
29.78000 33.297
29.79000 40.745
29.80000 40.468
29.81000 31.472
29.82000 30.307
29.83000 34.496
29.84000 44.596
29.85000 42.831
29.86000 42.608
29.87000 47.363
29.88000 37.514
29.89000 38.319
29.90000 38.659
29.91000 39.791
29.92000 35.404
29.93000 35.751
29.94000 43.413
29.95000 42.590
29.96000 44.590
29.97000 42.499
29.98000 32.211
29.99000 36.705
30.00000 35.353
30.01000 32.511
30.02000 31.427
30.03000 36.327
30.04000 34.049
30.05000 31.351
30.06000 39.648
30.07000 33.637
30.08000 36.381
30.09000 37.683
30.10000 39.404
30.11000 29.466
30.12000 40.461
30.13000 33.553
30.14000 36.618
30.15000 24.214
30.16000 35.667
30.17000 34.429
30.18000 38.444
30.19000 38.560
30.20000 34.337
30.21000 36.236
30.22000 37.432
30.23000 39.900
30.24000 26.482
30.25000 38.714
30.26000 32.465
30.27000 32.487
30.28000 38.290
30.29000 28.284
30.30000 36.631
30.31000 34.576
30.32000 38.516
30.33000 37.429
30.34000 29.491
30.35000 33.400
30.36000 30.415
30.37000 27.368
30.38000 33.288
30.39000 28.386
30.40000 35.498
30.41000 31.496
30.42000 33.440
30.43000 32.659
30.44000 34.240
30.45000 38.665
30.46000 29.387
30.47000 32.403
30.48000 36.341
30.49000 54.510
30.50000 27.278
30.51000 36.328
30.52000 43.571
30.53000 41.644
30.54000 30.227
30.55000 31.514
30.56000 47.556
30.57000 35.476
30.58000 35.408
30.59000 33.582
30.60000 37.339
30.61000 32.676
30.62000 34.484
30.63000 30.446
30.64000 41.675
30.65000 32.463
30.66000 26.275
30.67000 35.378
30.68000 27.142
30.69000 29.263
30.70000 28.375
30.71000 31.511
30.72000 34.400
30.73000 36.582
30.74000 33.515
30.75000 30.337
30.76000 26.191
30.77000 33.470
30.78000 36.624
30.79000 32.510
30.80000 30.220
30.81000 25.337
30.82000 36.388
30.83000 30.431
30.84000 37.813
30.85000 36.422
30.86000 35.370
30.87000 40.649
30.88000 27.484
30.89000 32.442
30.90000 35.591
30.91000 27.287
30.92000 28.419
30.93000 33.415
30.94000 26.294
30.95000 27.501
30.96000 26.203
30.97000 29.448
30.98000 20.305
30.99000 36.352
31.00000 30.275
31.01000 28.607
31.02000 27.608
31.03000 28.257
31.04000 28.757
31.05000 31.425
31.06000 32.157
31.07000 21.216
31.08000 19.313
31.09000 25.085
31.10000 34.233
31.11000 26.411
31.12000 32.538
31.13000 20.207
31.14000 35.425
31.15000 33.576
31.16000 35.258
31.17000 26.462
31.18000 26.159
31.19000 35.393
31.20000 33.670
31.21000 30.333
31.22000 28.354
31.23000 28.367
31.24000 25.206
31.25000 31.464
31.26000 29.129
31.27000 29.463
31.28000 31.426
31.29000 30.568
31.30000 22.296
31.31000 29.306
31.32000 32.421
31.33000 21.027
31.34000 34.517
31.35000 26.219
31.36000 25.384
31.37000 33.357
31.38000 15.210
31.39000 32.374
31.40000 23.240
31.41000 23.246
31.42000 26.281
31.43000 29.355
31.44000 29.528
31.45000 27.255
31.46000 28.214
31.47000 33.385
31.48000 24.428
31.49000 23.626
31.50000 25.352
31.51000 28.393
31.52000 25.235
31.53000 20.349
31.54000 20.065
31.55000 32.402
31.56000 21.388
31.57000 25.227
31.58000 27.202
31.59000 33.475
31.60000 22.428
31.61000 35.302
31.62000 23.514
31.63000 31.618
31.64000 31.398
31.65000 29.446
31.66000 17.337
31.67000 14.233
31.68000 31.276
31.69000 27.223
31.70000 28.131
31.71000 23.232
31.72000 34.398
31.73000 25.218
31.74000 34.420
31.75000 21.140
31.76000 22.200
31.77000 22.120
31.78000 34.323
31.79000 20.148
31.80000 32.472
31.81000 27.292
31.82000 20.158
31.83000 23.262
31.84000 22.194
31.85000 26.235
31.86000 23.169
31.87000 27.197
31.88000 31.346
31.89000 20.305
31.90000 25.453
31.91000 24.199
31.92000 27.318
31.93000 25.232
31.94000 18.176
31.95000 31.495
31.96000 16.269
31.97000 23.277
31.98000 23.441
31.99000 19.158
32.00000 25.353
32.01000 25.372
32.02000 37.341
32.03000 21.206
32.04000 26.475
32.05000 32.383
32.06000 22.455
32.07000 22.406
32.08000 26.325
32.09000 32.396
32.10000 26.322
32.11000 23.286
32.12000 23.314
32.13000 22.263
32.14000 28.242
32.15000 28.570
32.16000 28.543
32.17000 28.321
32.18000 24.384
32.19000 24.363
32.20000 27.461
32.21000 32.339
32.22000 26.072
32.23000 25.413
32.24000 25.165
32.25000 19.319
32.26000 22.148
32.27000 35.522
32.28000 25.268
32.29000 22.366
32.30000 23.195
32.31000 24.208
32.32000 21.459
32.33000 22.336
32.34000 20.279
32.35000 27.605
32.36000 36.252
32.37000 30.165
32.38000 32.641
32.39000 21.245
32.40000 28.277
32.41000 32.590
32.42000 18.293
32.43000 32.509
32.44000 21.299
32.45000 38.330
32.46000 23.249
32.47000 16.234
32.48000 26.514
32.49000 22.391
32.50000 25.448
32.51000 23.320
32.52000 22.289
32.53000 22.576
32.54000 25.412
32.55000 33.331
32.56000 25.185
32.57000 23.431
32.58000 34.460
32.59000 21.145
32.60000 27.427
32.61000 26.281
32.62000 20.200
32.63000 18.220
32.64000 26.201
32.65000 40.442
32.66000 26.406
32.67000 22.250
32.68000 29.557
32.69000 36.316
32.70000 22.419
32.71000 20.094
32.72000 28.435
32.73000 26.482
32.74000 18.278
32.75000 21.038
32.76000 15.237
32.77000 28.349
32.78000 23.261
32.79000 17.201
32.80000 24.316
32.81000 19.201
32.82000 21.237
32.83000 21.074
32.84000 20.341
32.85000 19.232
32.86000 20.460
32.87000 22.010
32.88000 19.178
32.89000 11.970
32.90000 24.350
32.91000 25.417
32.92000 14.164
32.93000 17.269
32.94000 17.182
32.95000 19.218
32.96000 22.032
32.97000 28.524
32.98000 21.192
32.99000 21.104
33.00000 14.247
33.01000 22.179
33.02000 24.283
33.03000 16.172
33.04000 19.126
33.05000 19.259
33.06000 18.117
33.07000 27.454
33.08000 14.179
33.09000 23.163
33.10000 17.215
33.11000 19.243
33.12000 20.144
33.13000 16.215
33.14000 11.109
33.15000 23.394
33.16000 20.366
33.17000 27.227
33.18000 13.946
33.19000 21.187
33.20000 16.149
33.21000 23.311
33.22000 17.093
33.23000 22.238
33.24000 23.367
33.25000 16.183
33.26000 20.325
33.27000 19.335
33.28000 17.125
33.29000 13.983
33.30000 20.353
33.31000 24.370
33.32000 18.295
33.33000 23.186
33.34000 15.124
33.35000 18.251
33.36000 12.205
33.37000 15.332
33.38000 19.337
33.39000 13.339
33.40000 20.277
33.41000 19.132
33.42000 21.333
33.43000 19.071
33.44000 22.330
33.45000 21.167
33.46000 19.158
33.47000 20.259
33.48000 24.408
33.49000 19.185
33.50000 12.151
33.51000 21.391
33.52000 15.249
33.53000 18.386
33.54000 19.288
33.55000 15.280
33.56000 18.371
33.57000 16.168
33.58000 18.211
33.59000 14.180
33.60000 17.138
33.61000 19.227
33.62000 20.225
33.63000 15.101
33.64000 17.108
33.65000 17.127
33.66000 20.249
33.67000 14.247
33.68000 25.344
33.69000 17.135
33.70000 29.362
33.71000 16.183
33.72000 20.143
33.73000 13.122
33.74000 16.243
33.75000 21.269
33.76000 18.196
33.77000 14.216
33.78000 11.148
33.79000 21.287
33.80000 13.097
33.81000 17.173
33.82000 24.272
33.83000 18.132
33.84000 15.264
33.85000 14.133
33.86000 20.387
33.87000 26.470
33.88000 21.301
33.89000 22.347
33.90000 17.179
33.91000 16.081
33.92000 28.238
33.93000 26.194
33.94000 12.146
33.95000 16.204
33.96000 10.112
33.97000 14.094
33.98000 12.191
33.99000 15.099
34.00000 14.217
34.01000 22.157
34.02000 16.366
34.03000 15.234
34.04000 19.385
34.05000 20.179
34.06000 10.047
34.07000 17.296
34.08000 18.470
34.09000 14.219
34.10000 20.441
34.11000 13.018
34.12000 15.157
34.13000 16.282
34.14000 12.060
34.15000 14.198
34.16000 10.070
34.17000 18.329
34.18000 20.191
34.19000 25.497
34.20000 14.069
34.21000 18.042
34.22000 27.202
34.23000 14.233
34.24000 15.291
34.25000 19.118
34.26000 16.275
34.27000 17.289
34.28000 21.286
34.29000 20.301
34.30000 12.195
34.31000 13.169
34.32000 14.090
34.33000 15.312
34.34000 12.232
34.35000 19.279
34.36000 18.167
34.37000 12.091
34.38000 16.328
34.39000 16.312
34.40000 14.318
34.41000 21.357
34.42000 19.135
34.43000 12.213
34.44000 10.232
34.45000 14.172
34.46000 9.112
34.47000 23.329
34.48000 12.044
34.49000 11.148
34.50000 15.077
34.51000 23.417
34.52000 16.237
34.53000 12.149
34.54000 13.107
34.55000 10.088
34.56000 19.315
34.57000 15.262
34.58000 17.118
34.59000 15.132
34.60000 20.223
34.61000 15.093
34.62000 22.444
34.63000 14.143
34.64000 22.153
34.65000 13.331
34.66000 17.257
34.67000 14.280
34.68000 23.114
34.69000 13.335
34.70000 11.076
34.71000 15.103
34.72000 11.110
34.73000 19.121
34.74000 13.032
34.75000 20.114
34.76000 13.202
34.77000 17.239
34.78000 18.264
34.79000 14.196
34.80000 23.248
34.81000 21.301
34.82000 24.374
34.83000 10.247
34.84000 17.433
34.85000 13.150
34.86000 14.209
34.87000 14.232
34.88000 11.121
34.89000 16.146
34.90000 12.141
34.91000 12.206
34.92000 18.313
34.93000 21.412
34.94000 13.149
34.95000 14.330
34.96000 8.052
34.97000 26.143
34.98000 20.181
34.99000 19.425
35.00000 10.032
35.01000 14.182
35.02000 14.334
35.03000 16.207
35.04000 15.118
35.05000 14.274
35.06000 19.455
35.07000 21.356
35.08000 19.199
35.09000 11.101
35.10000 14.123
35.11000 15.338
35.12000 10.137
35.13000 19.411
35.14000 18.341
35.15000 23.324
35.16000 20.296
35.17000 15.146
35.18000 15.313
35.19000 18.260
35.20000 12.191
35.21000 16.179
35.22000 15.299
35.23000 11.078
35.24000 14.327
35.25000 16.174
35.26000 14.167
35.27000 20.504
35.28000 17.316
35.29000 18.193
35.30000 18.379
35.31000 14.178
35.32000 19.990
35.33000 19.201
35.34000 14.021
35.35000 20.304
35.36000 11.137
35.37000 19.356
35.38000 12.142
35.39000 17.383
35.40000 24.137
35.41000 19.022
35.42000 21.429
35.43000 13.099
35.44000 11.141
35.45000 19.121
35.46000 12.077
35.47000 18.294
35.48000 17.038
35.49000 16.379
35.50000 13.239
35.51000 20.177
35.52000 21.163
35.53000 13.183
35.54000 11.184
35.55000 25.390
35.56000 12.249
35.57000 17.043
35.58000 9.131
35.59000 14.221
35.60000 12.236
35.61000 14.995
35.62000 14.056
35.63000 5.026
35.64000 15.424
35.65000 12.102
35.66000 14.186
35.67000 20.289
35.68000 18.304
35.69000 16.231
35.70000 17.176
35.71000 11.151
35.72000 17.002
35.73000 10.073
35.74000 19.033
35.75000 19.305
35.76000 15.296
35.77000 13.227
35.78000 20.315
35.79000 7.128
35.80000 10.178
35.81000 22.283
35.82000 10.217
35.83000 23.149
35.84000 17.221
35.85000 15.261
35.86000 14.165
35.87000 20.198
35.88000 18.284
35.89000 12.253
35.90000 10.113
35.91000 11.995
35.92000 13.079
35.93000 15.251
35.94000 20.169
35.95000 16.307
35.96000 16.314
35.97000 12.134
35.98000 15.277
35.99000 12.071
36.00000 10.311
36.01000 18.225
36.02000 11.163
36.03000 15.172
36.04000 15.033
36.05000 17.064
36.06000 19.288
36.07000 14.207
36.08000 20.335
36.09000 16.256
36.10000 12.206
36.11000 15.188
36.12000 24.158
36.13000 15.254
36.14000 11.196
36.15000 10.106
36.16000 15.349
36.17000 8.016
36.18000 14.220
36.19000 19.137
36.20000 13.178
36.21000 16.378
36.22000 23.380
36.23000 13.158
36.24000 19.446
36.25000 16.287
36.26000 12.085
36.27000 16.278
36.28000 15.081
36.29000 18.251
36.30000 15.274
36.31000 16.251
36.32000 11.126
36.33000 20.243
36.34000 24.182
36.35000 20.209
36.36000 16.210
36.37000 21.403
36.38000 19.281
36.39000 15.286
36.40000 15.252
36.41000 12.160
36.42000 18.264
36.43000 7.944
36.44000 14.253
36.45000 16.201
36.46000 12.037
36.47000 17.159
36.48000 18.402
36.49000 17.419
36.50000 13.030
36.51000 11.113
36.52000 16.182
36.53000 17.180
36.54000 10.122
36.55000 17.213
36.56000 24.203
36.57000 15.289
36.58000 16.326
36.59000 14.208
36.60000 13.335
36.61000 13.122
36.62000 14.168
36.63000 9.169
36.64000 15.189
36.65000 9.245
36.66000 19.197
36.67000 18.049
36.68000 16.145
36.69000 17.183
36.70000 9.994
36.71000 19.109
36.72000 11.167
36.73000 19.250
36.74000 24.138
36.75000 12.055
36.76000 20.272
36.77000 12.160
36.78000 18.478
36.79000 14.178
36.80000 11.150
36.81000 19.214
36.82000 14.051
36.83000 12.184
36.84000 19.199
36.85000 15.191
36.86000 17.137
36.87000 15.221
36.88000 13.236
36.89000 20.143
36.90000 20.286
36.91000 15.069
36.92000 15.192
36.93000 19.295
36.94000 17.153
36.95000 13.099
36.96000 25.310
36.97000 18.236
36.98000 13.212
36.99000 16.335
37.00000 17.267
37.01000 26.317
37.02000 14.201
37.03000 18.085
37.04000 19.546
37.05000 16.235
37.06000 21.330
37.07000 16.244
37.08000 18.310
37.09000 9.145
37.10000 20.227
37.11000 19.489
37.12000 14.174
37.13000 12.190
37.14000 14.255
37.15000 21.289
37.16000 17.172
37.17000 18.299
37.18000 19.321
37.19000 18.069
37.20000 18.274
37.21000 14.199
37.22000 25.252
37.23000 16.273
37.24000 20.366
37.25000 15.099
37.26000 21.225
37.27000 22.229
37.28000 19.366
37.29000 13.091
37.30000 25.541
37.31000 18.329
37.32000 21.305
37.33000 12.329
37.34000 15.007
37.35000 10.115
37.36000 17.142
37.37000 23.384
37.38000 14.161
37.39000 22.296
37.40000 22.255
37.41000 21.422
37.42000 22.455
37.43000 22.331
37.44000 23.307
37.45000 21.332
37.46000 15.154
37.47000 13.039
37.48000 20.108
37.49000 12.164
37.50000 16.248
37.51000 18.398
37.52000 14.146
37.53000 14.129
37.54000 20.194
37.55000 14.331
37.56000 11.136
37.57000 23.138
37.58000 20.246
37.59000 16.249
37.60000 10.926
37.61000 24.300
37.62000 12.092
37.63000 14.363
37.64000 16.436
37.65000 20.016
37.66000 18.135
37.67000 15.204
37.68000 17.170
37.69000 16.249
37.70000 10.270
37.71000 18.172
37.72000 12.195
37.73000 16.161
37.74000 26.662
37.75000 26.256
37.76000 16.155
37.77000 18.109
37.78000 18.278
37.79000 19.308
37.80000 25.306
37.81000 15.235
37.82000 18.351
37.83000 19.306
37.84000 13.203
37.85000 19.443
37.86000 20.307
37.87000 10.955
37.88000 16.248
37.89000 11.024
37.90000 17.133
37.91000 17.240
37.92000 24.268
37.93000 18.288
37.94000 13.042
37.95000 19.310
37.96000 19.159
37.97000 14.110
37.98000 12.064
37.99000 17.121
38.00000 17.197
38.01000 15.107
38.02000 18.313
38.03000 20.122
38.04000 10.151
38.05000 19.273
38.06000 17.253
38.07000 13.160
38.08000 18.227
38.09000 13.149
38.10000 20.190
38.11000 17.267
38.12000 23.441
38.13000 14.147
38.14000 9.129
38.15000 23.387
38.16000 21.359
38.17000 25.549
38.18000 23.096
38.19000 13.198
38.20000 27.588
38.21000 16.091
38.22000 20.221
38.23000 7.077
38.24000 11.189
38.25000 16.267
38.26000 13.067
38.27000 22.431
38.28000 19.309
38.29000 13.283
38.30000 14.184
38.31000 18.293
38.32000 16.219
38.33000 15.309
38.34000 22.423
38.35000 16.184
38.36000 14.274
38.37000 17.206
38.38000 13.205
38.39000 20.123
38.40000 9.134
38.41000 18.264
38.42000 15.195
38.43000 16.223
38.44000 13.126
38.45000 21.217
38.46000 19.248
38.47000 22.195
38.48000 19.432
38.49000 12.132
38.50000 12.156
38.51000 13.064
38.52000 14.155
38.53000 15.241
38.54000 15.262
38.55000 16.080
38.56000 18.188
38.57000 12.146
38.58000 21.168
38.59000 11.052
38.60000 28.483
38.61000 23.258
38.62000 20.257
38.63000 13.322
38.64000 19.118
38.65000 18.427
38.66000 17.346
38.67000 19.353
38.68000 16.285
38.69000 20.383
38.70000 19.156
38.71000 20.265
38.72000 15.251
38.73000 14.061
38.74000 18.169
38.75000 15.278
38.76000 18.358
38.77000 18.402
38.78000 14.134
38.79000 12.234
38.80000 20.188
38.81000 14.101
38.82000 16.421
38.83000 18.232
38.84000 17.406
38.85000 15.234
38.86000 16.276
38.87000 25.489
38.88000 15.120
38.89000 15.101
38.90000 10.134
38.91000 15.004
38.92000 20.292
38.93000 19.403
38.94000 20.206
38.95000 14.199
38.96000 16.037
38.97000 16.258
38.98000 13.407
38.99000 13.143
39.00000 13.123
39.01000 13.177
39.02000 18.219
39.03000 24.209
39.04000 26.316
39.05000 11.183
39.06000 18.162
39.07000 14.169
39.08000 22.130
39.09000 20.226
39.10000 22.280
39.11000 14.026
39.12000 14.148
39.13000 23.375
39.14000 12.257
39.15000 15.333
39.16000 22.104
39.17000 14.039
39.18000 13.209
39.19000 20.198
39.20000 22.218
39.21000 8.197
39.22000 30.206
39.23000 23.449
39.24000 16.323
39.25000 14.265
39.26000 20.403
39.27000 21.278
39.28000 22.249
39.29000 20.267
39.30000 17.205
39.31000 22.170
39.32000 28.432
39.33000 19.065
39.34000 17.219
39.35000 17.202
39.36000 14.128
39.37000 17.332
39.38000 16.140
39.39000 15.042
39.40000 21.343
39.41000 20.271
39.42000 11.214
39.43000 12.173
39.44000 25.189
39.45000 17.193
39.46000 17.358
39.47000 20.198
39.48000 13.145
39.49000 24.340
39.50000 18.101
39.51000 16.226
39.52000 17.308
39.53000 20.297
39.54000 10.081
39.55000 16.212
39.56000 15.100
39.57000 27.713
39.58000 10.170
39.59000 21.346
39.60000 19.198
39.61000 20.340
39.62000 16.015
39.63000 16.100
39.64000 21.447
39.65000 17.281
39.66000 17.096
39.67000 22.253
39.68000 16.265
39.69000 24.514
39.70000 21.430
39.71000 24.385
39.72000 19.369
39.73000 21.181
39.74000 21.304
39.75000 15.225
39.76000 11.174
39.77000 14.178
39.78000 24.315
39.79000 17.395
39.80000 20.181
39.81000 28.309
39.82000 19.273
39.83000 29.408
39.84000 20.429
39.85000 18.256
39.86000 28.161
39.87000 19.153
39.88000 19.310
39.89000 24.203
39.90000 12.147
39.91000 18.200
39.92000 24.297
39.93000 22.311
39.94000 17.277
39.95000 21.301
39.96000 17.319
39.97000 17.163
39.98000 16.079
39.99000 24.331
40.00000 19.145
40.01000 14.168
40.02000 16.303
40.03000 24.397
40.04000 21.247
40.05000 26.420
40.06000 17.378
40.07000 19.188
40.08000 18.221
40.09000 26.038
40.10000 30.509
40.11000 17.132
40.12000 18.429
40.13000 10.064
40.14000 20.237
40.15000 18.208
40.16000 18.307
40.17000 23.404
40.18000 19.314
40.19000 9.219
40.20000 17.261
40.21000 27.369
40.22000 18.212
40.23000 17.160
40.24000 18.427
40.25000 19.090
40.26000 20.308
40.27000 18.491
40.28000 26.368
40.29000 19.106
40.30000 12.053
40.31000 15.274
40.32000 15.152
40.33000 15.334
40.34000 12.163
40.35000 17.266
40.36000 20.294
40.37000 16.296
40.38000 26.334
40.39000 21.157
40.40000 16.123
40.41000 14.157
40.42000 23.295
40.43000 15.139
40.44000 18.134
40.45000 17.209
40.46000 23.296
40.47000 18.230
40.48000 13.236
40.49000 15.179
40.50000 19.264
40.51000 18.084
40.52000 18.259
40.53000 10.046
40.54000 21.221
40.55000 25.479
40.56000 15.211
40.57000 14.163
40.58000 21.196
40.59000 25.413
40.60000 20.267
40.61000 15.261
40.62000 16.279
40.63000 17.149
40.64000 15.223
40.65000 17.389
40.66000 15.150
40.67000 13.204
40.68000 18.238
40.69000 16.090
40.70000 20.412
40.71000 19.090
40.72000 28.235
40.73000 18.285
40.74000 16.323
40.75000 11.044
40.76000 20.153
40.77000 25.322
40.78000 27.230
40.79000 22.051
40.80000 15.080
40.81000 24.154
40.82000 21.219
40.83000 20.363
40.84000 17.218
40.85000 23.239
40.86000 23.232
40.87000 20.245
40.88000 17.263
40.89000 22.399
40.90000 18.377
40.91000 13.280
40.92000 17.313
40.93000 19.149
40.94000 16.220
40.95000 20.354
40.96000 26.068
40.97000 19.184
40.98000 15.122
40.99000 16.349
41.00000 21.342
41.01000 13.204
41.02000 18.159
41.03000 14.212
41.04000 22.235
41.05000 18.405
41.06000 21.462
41.07000 18.214
41.08000 14.203
41.09000 18.304
41.10000 23.291
41.11000 20.305
41.12000 22.487
41.13000 20.372
41.14000 10.218
41.15000 18.227
41.16000 27.353
41.17000 13.110
41.18000 12.135
41.19000 17.215
41.20000 27.444
41.21000 21.051
41.22000 21.293
41.23000 17.293
41.24000 16.284
41.25000 16.194
41.26000 17.359
41.27000 22.394
41.28000 17.254
41.29000 15.084
41.30000 17.111
41.31000 25.152
41.32000 13.245
41.33000 19.290
41.34000 13.162
41.35000 17.338
41.36000 22.349
41.37000 12.151
41.38000 22.296
41.39000 18.385
41.40000 10.191
41.41000 22.406
41.42000 17.201
41.43000 12.308
41.44000 15.088
41.45000 18.278
41.46000 21.292
41.47000 29.510
41.48000 17.354
41.49000 23.205
41.50000 25.354
41.51000 17.226
41.52000 18.163
41.53000 19.354
41.54000 21.389
41.55000 23.362
41.56000 27.266
41.57000 29.208
41.58000 29.639
41.59000 26.367
41.60000 20.245
41.61000 25.331
41.62000 20.356
41.63000 23.248
41.64000 9.133
41.65000 24.150
41.66000 16.217
41.67000 16.290
41.68000 19.272
41.69000 25.338
41.70000 16.198
41.71000 25.289
41.72000 14.134
41.73000 17.144
41.74000 17.169
41.75000 21.258
41.76000 14.348
41.77000 14.136
41.78000 24.485
41.79000 16.085
41.80000 17.214
41.81000 21.420
41.82000 12.217
41.83000 22.384
41.84000 24.262
41.85000 13.260
41.86000 20.200
41.87000 18.275
41.88000 14.131
41.89000 15.097
41.90000 14.085
41.91000 19.226
41.92000 20.157
41.93000 16.062
41.94000 15.044
41.95000 19.471
41.96000 17.062
41.97000 15.133
41.98000 21.513
41.99000 21.228
42.00000 19.267
42.01000 15.177
42.02000 25.344
42.03000 16.162
42.04000 16.153
42.05000 14.118
42.06000 23.379
42.07000 16.236
42.08000 18.262
42.09000 25.366
42.10000 21.312
42.11000 17.062
42.12000 19.183
42.13000 17.088
42.14000 20.329
42.15000 17.261
42.16000 24.295
42.17000 18.288
42.18000 27.391
42.19000 24.203
42.20000 17.218
42.21000 22.515
42.22000 31.613
42.23000 17.189
42.24000 19.272
42.25000 17.413
42.26000 22.216
42.27000 20.213
42.28000 19.299
42.29000 21.114
42.30000 18.267
42.31000 20.350
42.32000 24.320
42.33000 10.079
42.34000 17.251
42.35000 20.221
42.36000 22.309
42.37000 18.317
42.38000 16.179
42.39000 14.167
42.40000 13.256
42.41000 12.134
42.42000 17.242
42.43000 17.211
42.44000 16.510
42.45000 22.279
42.46000 19.166
42.47000 25.304
42.48000 17.252
42.49000 13.424
42.50000 22.289
42.51000 16.298
42.52000 27.457
42.53000 23.254
42.54000 19.195
42.55000 13.101
42.56000 14.215
42.57000 26.248
42.58000 18.323
42.59000 21.210
42.60000 19.243
42.61000 16.324
42.62000 11.108
42.63000 24.583
42.64000 27.363
42.65000 19.226
42.66000 14.961
42.67000 10.118
42.68000 16.187
42.69000 21.348
42.70000 14.390
42.71000 13.295
42.72000 17.424
42.73000 20.346
42.74000 17.450
42.75000 18.183
42.76000 21.185
42.77000 23.451
42.78000 22.326
42.79000 23.524
42.80000 20.336
42.81000 26.328
42.82000 23.433
42.83000 24.236
42.84000 18.272
42.85000 21.444
42.86000 16.346
42.87000 18.317
42.88000 23.256
42.89000 15.402
42.90000 14.219
42.91000 21.104
42.92000 12.038
42.93000 11.235
42.94000 15.183
42.95000 11.143
42.96000 22.229
42.97000 8.093
42.98000 18.166
42.99000 25.189
43.00000 24.394
43.01000 19.059
43.02000 26.338
43.03000 21.371
43.04000 24.349
43.05000 17.256
43.06000 21.168
43.07000 24.288
43.08000 20.350
43.09000 26.414
43.10000 15.149
43.11000 18.519
43.12000 22.339
43.13000 15.099
43.14000 16.252
43.15000 16.182
43.16000 28.369
43.17000 24.059
43.18000 21.263
43.19000 24.434
43.20000 15.125
43.21000 17.057
43.22000 15.089
43.23000 28.165
43.24000 19.327
43.25000 14.123
43.26000 26.280
43.27000 16.250
43.28000 23.332
43.29000 15.016
43.30000 20.176
43.31000 25.216
43.32000 17.255
43.33000 18.246
43.34000 19.406
43.35000 26.336
43.36000 16.157
43.37000 22.421
43.38000 22.427
43.39000 22.486
43.40000 16.244
43.41000 13.264
43.42000 19.357
43.43000 18.052
43.44000 14.219
43.45000 16.071
43.46000 25.565
43.47000 22.306
43.48000 23.234
43.49000 21.140
43.50000 21.393
43.51000 18.282
43.52000 28.260
43.53000 25.376
43.54000 19.299
43.55000 16.177
43.56000 22.281
43.57000 15.318
43.58000 26.222
43.59000 16.427
43.60000 7.103
43.61000 13.304
43.62000 20.318
43.63000 12.313
43.64000 18.137
43.65000 23.332
43.66000 17.243
43.67000 17.446
43.68000 23.510
43.69000 10.981
43.70000 21.231
43.71000 13.173
43.72000 17.214
43.73000 15.355
43.74000 20.204
43.75000 17.208
43.76000 18.193
43.77000 17.281
43.78000 20.273
43.79000 15.407
43.80000 11.238
43.81000 22.323
43.82000 21.238
43.83000 14.057
43.84000 18.250
43.85000 23.386
43.86000 13.265
43.87000 24.644
43.88000 19.335
43.89000 22.196
43.90000 16.280
43.91000 22.205
43.92000 23.211
43.93000 15.181
43.94000 12.088
43.95000 13.408
43.96000 24.266
43.97000 21.338
43.98000 13.117
43.99000 21.359
44.00000 24.141
44.01000 19.315
44.02000 18.230
44.03000 20.256
44.04000 15.154
44.05000 17.275
44.06000 15.171
44.07000 21.291
44.08000 14.243
44.09000 17.127
44.10000 15.211
44.11000 17.186
44.12000 19.369
44.13000 27.957
44.14000 25.295
44.15000 18.363
44.16000 20.087
44.17000 13.063
44.18000 17.239
44.19000 11.183
44.20000 19.074
44.21000 20.162
44.22000 19.392
44.23000 22.176
44.24000 16.173
44.25000 24.225
44.26000 13.178
44.27000 23.351
44.28000 19.365
44.29000 22.352
44.30000 20.338
44.31000 23.584
44.32000 14.142
44.33000 16.229
44.34000 18.380
44.35000 12.117
44.36000 15.307
44.37000 22.357
44.38000 11.185
44.39000 18.304
44.40000 20.381
44.41000 21.199
44.42000 18.095
44.43000 22.368
44.44000 16.999
44.45000 22.277
44.46000 14.180
44.47000 19.333
44.48000 18.337
44.49000 23.382
44.50000 25.439
44.51000 17.240
44.52000 19.105
44.53000 23.299
44.54000 23.269
44.55000 20.433
44.56000 27.596
44.57000 19.444
44.58000 25.145
44.59000 25.242
44.60000 19.343
44.61000 19.423
44.62000 13.045
44.63000 27.266
44.64000 23.315
44.65000 20.295
44.66000 25.308
44.67000 15.266
44.68000 22.332
44.69000 17.266
44.70000 7.111
44.71000 12.161
44.72000 14.319
44.73000 17.302
44.74000 15.346
44.75000 16.057
44.76000 23.259
44.77000 19.310
44.78000 24.440
44.79000 18.117
44.80000 28.434
44.81000 12.160
44.82000 19.295
44.83000 26.308
44.84000 16.143
44.85000 17.208
44.86000 22.159
44.87000 17.105
44.88000 17.029
44.89000 14.095
44.90000 21.277
44.91000 16.266
44.92000 24.510
44.93000 15.204
44.94000 20.249
44.95000 11.142
44.96000 20.287
44.97000 17.294
44.98000 27.516
44.99000 19.254
45.00000 20.312
45.01000 20.306
45.02000 14.154
45.03000 16.135
45.04000 15.007
45.05000 28.530
45.06000 8.048
45.07000 19.097
45.08000 22.307
45.09000 24.427
45.10000 18.288
45.11000 21.272
45.12000 13.152
45.13000 13.121
45.14000 20.318
45.15000 18.082
45.16000 16.157
45.17000 17.212
45.18000 19.294
45.19000 22.468
45.20000 17.270
45.21000 16.145
45.22000 17.157
45.23000 14.276
45.24000 16.352
45.25000 22.220
45.26000 23.256
45.27000 20.158
45.28000 27.502
45.29000 23.327
45.30000 22.278
45.31000 17.389
45.32000 15.143
45.33000 15.235
45.34000 17.239
45.35000 16.162
45.36000 11.083
45.37000 25.305
45.38000 18.212
45.39000 27.429
45.40000 20.337
45.41000 16.212
45.42000 17.272
45.43000 24.230
45.44000 12.115
45.45000 20.462
45.46000 21.138
45.47000 21.299
45.48000 22.397
45.49000 26.273
45.50000 17.237
45.51000 12.194
45.52000 20.174
45.53000 11.053
45.54000 15.152
45.55000 14.220
45.56000 22.424
45.57000 14.133
45.58000 23.414
45.59000 14.233
45.60000 18.303
45.61000 16.260
45.62000 15.347
45.63000 15.016
45.64000 19.352
45.65000 21.241
45.66000 24.411
45.67000 17.244
45.68000 17.990
45.69000 18.368
45.70000 20.259
45.71000 13.243
45.72000 19.135
45.73000 20.279
45.74000 20.314
45.75000 18.106
45.76000 15.279
45.77000 17.144
45.78000 25.290
45.79000 12.160
45.80000 26.361
45.81000 13.353
45.82000 25.521
45.83000 19.464
45.84000 16.191
45.85000 20.477
45.86000 20.099
45.87000 14.030
45.88000 23.418
45.89000 19.149
45.90000 18.286
45.91000 13.209
45.92000 21.279
45.93000 20.180
45.94000 14.052
45.95000 14.222
45.96000 19.344
45.97000 19.202
45.98000 19.331
45.99000 18.242
46.00000 17.151
46.01000 20.533
46.02000 21.218
46.03000 19.216
46.04000 15.253
46.05000 22.316
46.06000 18.190
46.07000 14.150
46.08000 16.358
46.09000 27.544
46.10000 14.253
46.11000 17.239
46.12000 13.347
46.13000 19.377
46.14000 16.236
46.15000 21.429
46.16000 21.257
46.17000 18.222
46.18000 16.134
46.19000 19.114
46.20000 14.167
46.21000 16.237
46.22000 17.223
46.23000 18.425
46.24000 28.622
46.25000 16.195
46.26000 23.465
46.27000 25.319
46.28000 17.074
46.29000 21.370
46.30000 21.283
46.31000 15.325
46.32000 21.336
46.33000 21.529
46.34000 23.252
46.35000 30.210
46.36000 19.176
46.37000 14.224
46.38000 27.339
46.39000 19.005
46.40000 15.367
46.41000 28.330
46.42000 20.285
46.43000 14.130
46.44000 24.423
46.45000 18.181
46.46000 25.504
46.47000 14.258
46.48000 16.164
46.49000 21.373
46.50000 24.329
46.51000 13.150
46.52000 22.165
46.53000 21.174
46.54000 19.290
46.55000 17.266
46.56000 16.130
46.57000 10.038
46.58000 13.271
46.59000 26.434
46.60000 27.332
46.61000 21.103
46.62000 20.400
46.63000 13.150
46.64000 17.270
46.65000 23.252
46.66000 12.248
46.67000 24.274
46.68000 20.279
46.69000 26.145
46.70000 15.226
46.71000 20.404
46.72000 15.352
46.73000 18.187
46.74000 22.342
46.75000 12.148
46.76000 17.342
46.77000 17.131
46.78000 26.411
46.79000 25.382
46.80000 27.340
46.81000 15.123
46.82000 15.274
46.83000 23.401
46.84000 18.237
46.85000 13.181
46.86000 23.472
46.87000 17.267
46.88000 26.422
46.89000 16.362
46.90000 24.567
46.91000 14.087
46.92000 18.137
46.93000 15.150
46.94000 15.202
46.95000 17.137
46.96000 17.246
46.97000 12.043
46.98000 18.165
46.99000 19.370
47.00000 15.264
47.01000 23.454
47.02000 25.426
47.03000 18.213
47.04000 21.408
47.05000 14.082
47.06000 15.158
47.07000 20.109
47.08000 23.342
47.09000 10.150
47.10000 21.197
47.11000 18.108
47.12000 20.263
47.13000 24.415
47.14000 18.338
47.15000 16.123
47.16000 20.125
47.17000 23.421
47.18000 20.259
47.19000 15.355
47.20000 16.122
47.21000 23.203
47.22000 15.246
47.23000 17.283
47.24000 18.206
47.25000 16.221
47.26000 11.120
47.27000 21.369
47.28000 16.123
47.29000 12.106
47.30000 21.318
47.31000 21.305
47.32000 14.147
47.33000 21.257
47.34000 10.040
47.35000 14.198
47.36000 14.294
47.37000 12.117
47.38000 16.265
47.39000 16.119
47.40000 17.138
47.41000 16.090
47.42000 21.066
47.43000 24.363
47.44000 19.406
47.45000 14.276
47.46000 13.285
47.47000 20.193
47.48000 20.552
47.49000 21.161
47.50000 23.289
47.51000 21.368
47.52000 28.404
47.53000 22.287
47.54000 18.031
47.55000 16.196
47.56000 15.114
47.57000 14.146
47.58000 21.266
47.59000 16.171
47.60000 17.167
47.61000 23.275
47.62000 24.222
47.63000 22.466
47.64000 17.287
47.65000 12.054
47.66000 25.380
47.67000 18.202
47.68000 23.297
47.69000 13.055
47.70000 17.138
47.71000 18.344
47.72000 16.191
47.73000 14.207
47.74000 14.239
47.75000 17.148
47.76000 17.440
47.77000 19.212
47.78000 16.298
47.79000 21.343
47.80000 18.213
47.81000 14.163
47.82000 24.206
47.83000 17.285
47.84000 16.173
47.85000 17.320
47.86000 17.249
47.87000 13.032
47.88000 18.170
47.89000 17.101
47.90000 17.374
47.91000 22.239
47.92000 23.218
47.93000 15.198
47.94000 21.381
47.95000 19.180
47.96000 17.386
47.97000 22.256
47.98000 20.357
47.99000 20.209
48.00000 20.317
48.01000 18.384
48.02000 19.227
48.03000 22.337
48.04000 15.153
48.05000 15.945
48.06000 13.067
48.07000 12.338
48.08000 11.198
48.09000 14.042
48.10000 11.207
48.11000 19.141
48.12000 22.348
48.13000 14.284
48.14000 17.257
48.15000 22.281
48.16000 20.278
48.17000 15.199
48.18000 19.157
48.19000 18.353
48.20000 13.081
48.21000 19.238
48.22000 25.217
48.23000 18.171
48.24000 23.274
48.25000 10.319
48.26000 26.402
48.27000 16.234
48.28000 7.030
48.29000 18.387
48.30000 17.222
48.31000 21.472
48.32000 22.158
48.33000 20.156
48.34000 14.121
48.35000 16.157
48.36000 9.212
48.37000 27.391
48.38000 15.204
48.39000 17.158
48.40000 24.371
48.41000 28.266
48.42000 20.200
48.43000 14.245
48.44000 17.428
48.45000 13.257
48.46000 10.154
48.47000 17.178
48.48000 19.272
48.49000 21.083
48.50000 24.126
48.51000 21.109
48.52000 11.112
48.53000 17.142
48.54000 17.284
48.55000 30.524
48.56000 18.395
48.57000 21.258
48.58000 14.255
48.59000 24.307
48.60000 13.206
48.61000 15.236
48.62000 16.078
48.63000 13.265
48.64000 11.117
48.65000 17.120
48.66000 15.040
48.67000 11.092
48.68000 16.240
48.69000 20.368
48.70000 15.223
48.71000 11.062
48.72000 15.172
48.73000 21.463
48.74000 17.310
48.75000 22.324
48.76000 13.082
48.77000 19.299
48.78000 18.351
48.79000 19.422
48.80000 16.249
48.81000 23.512
48.82000 11.003
48.83000 12.993
48.84000 19.147
48.85000 23.488
48.86000 22.235
48.87000 20.241
48.88000 22.146
48.89000 17.328
48.90000 19.278
48.91000 30.481
48.92000 30.528
48.93000 13.225
48.94000 11.016
48.95000 17.209
48.96000 14.229
48.97000 21.371
48.98000 20.292
48.99000 10.164
49.00000 8.032
49.01000 17.187
49.02000 12.332
49.03000 14.133
49.04000 12.102
49.05000 11.262
49.06000 15.117
49.07000 25.224
49.08000 14.382
49.09000 14.339
49.10000 10.219
49.11000 19.278
49.12000 15.217
49.13000 13.154
49.14000 12.056
49.15000 22.105
49.16000 11.049
49.17000 25.433
49.18000 13.063
49.19000 26.313
49.20000 15.304
49.21000 14.112
49.22000 12.144
49.23000 26.186
49.24000 26.397
49.25000 18.174
49.26000 11.319
49.27000 12.173
49.28000 13.139
49.29000 19.174
49.30000 12.310
49.31000 16.163
49.32000 20.295
49.33000 15.041
49.34000 14.198
49.35000 16.139
49.36000 15.210
49.37000 24.255
49.38000 19.364
49.39000 20.226
49.40000 12.191
49.41000 19.255
49.42000 17.230
49.43000 17.949
49.44000 12.020
49.45000 15.309
49.46000 18.330
49.47000 17.110
49.48000 21.243
49.49000 27.274
49.50000 23.316
49.51000 18.303
49.52000 18.481
49.53000 14.307
49.54000 15.041
49.55000 10.147
49.56000 18.172
49.57000 19.348
49.58000 17.115
49.59000 19.261
49.60000 13.184
49.61000 13.123
49.62000 19.196
49.63000 17.359
49.64000 12.188
49.65000 14.223
49.66000 18.269
49.67000 18.252
49.68000 8.114
49.69000 28.571
49.70000 16.251
49.71000 13.081
49.72000 22.372
49.73000 23.304
49.74000 11.162
49.75000 16.200
49.76000 31.415
49.77000 18.314
49.78000 19.171
49.79000 11.104
49.80000 12.202
49.81000 19.280
49.82000 17.946
49.83000 23.284
49.84000 11.111
49.85000 16.403
49.86000 12.172
49.87000 12.328
49.88000 16.318
49.89000 21.296
49.90000 19.321
49.91000 17.210
49.92000 17.350
49.93000 13.088
49.94000 18.161
49.95000 17.102
49.96000 18.437
49.97000 12.080
49.98000 21.317
49.99000 17.355
50.00000 17.251
50.01000 13.164
50.02000 17.189
50.03000 17.349
50.04000 10.059
50.05000 13.140
50.06000 20.204
50.07000 17.303
50.08000 17.161
50.09000 21.365
50.10000 17.002
50.11000 13.995
50.12000 19.294
50.13000 21.308
50.14000 19.195
50.15000 11.164
50.16000 19.185
50.17000 14.139
50.18000 14.240
50.19000 24.339
50.20000 17.244
50.21000 17.302
50.22000 13.265
50.23000 18.279
50.24000 19.349
50.25000 16.349
50.26000 11.296
50.27000 18.200
50.28000 15.205
50.29000 16.136
50.30000 14.225
50.31000 22.118
50.32000 19.202
50.33000 24.268
50.34000 19.154
50.35000 12.214
50.36000 13.168
50.37000 13.393
50.38000 6.968
50.39000 7.075
50.40000 11.129
50.41000 12.141
50.42000 16.319
50.43000 13.409
50.44000 15.414
50.45000 15.144
50.46000 19.079
50.47000 24.362
50.48000 3.092
50.49000 16.192
50.50000 20.158
50.51000 19.238
50.52000 16.337
50.53000 20.087
50.54000 20.257
50.55000 17.130
50.56000 17.223
50.57000 11.169
50.58000 9.080
50.59000 8.032
50.60000 14.192
50.61000 16.365
50.62000 14.203
50.63000 17.179
50.64000 8.099
50.65000 11.170
50.66000 18.187
50.67000 10.343
50.68000 11.102
50.69000 13.260
50.70000 16.141
50.71000 20.473
50.72000 17.303
50.73000 20.347
50.74000 19.127
50.75000 11.085
50.76000 21.090
50.77000 21.212
50.78000 18.342
50.79000 15.199
50.80000 18.137
50.81000 20.260
50.82000 21.167
50.83000 24.240
50.84000 11.271
50.85000 13.070
50.86000 11.204
50.87000 28.342
50.88000 16.224
50.89000 21.213
50.90000 13.166
50.91000 14.206
50.92000 24.344
50.93000 13.343
50.94000 9.278
50.95000 6.088
50.96000 26.391
50.97000 21.506
50.98000 15.120
50.99000 13.187
51.00000 20.233
51.01000 21.259
51.02000 12.071
51.03000 17.286
51.04000 13.190
51.05000 13.233
51.06000 15.256
51.07000 15.125
51.08000 11.038
51.09000 24.294
51.10000 11.187
51.11000 11.144
51.12000 18.168
51.13000 14.075
51.14000 25.203
51.15000 30.304
51.16000 17.344
51.17000 17.234
51.18000 21.129
51.19000 14.250
51.20000 11.015
51.21000 18.211
51.22000 15.353
51.23000 11.100
51.24000 20.362
51.25000 8.192
51.26000 19.151
51.27000 18.222
51.28000 26.246
51.29000 9.043
51.30000 22.191
51.31000 14.131
51.32000 16.179
51.33000 10.260
51.34000 16.204
51.35000 13.145
51.36000 16.091
51.37000 11.979
51.38000 14.069
51.39000 19.242
51.40000 19.248
51.41000 19.257
51.42000 11.118
51.43000 11.265
51.44000 11.084
51.45000 21.242
51.46000 14.085
51.47000 14.034
51.48000 23.191
51.49000 11.100
51.50000 9.083
51.51000 17.293
51.52000 20.328
51.53000 16.136
51.54000 18.300
51.55000 13.166
51.56000 14.332
51.57000 18.316
51.58000 19.167
51.59000 18.101
51.60000 7.152
51.61000 14.216
51.62000 6.109
51.63000 19.354
51.64000 19.226
51.65000 18.151
51.66000 14.168
51.67000 14.189
51.68000 20.114
51.69000 17.135
51.70000 10.188
51.71000 21.243
51.72000 10.222
51.73000 20.314
51.74000 18.182
51.75000 12.154
51.76000 20.131
51.77000 12.187
51.78000 17.206
51.79000 17.268
51.80000 20.298
51.81000 12.010
51.82000 13.139
51.83000 14.134
51.84000 18.207
51.85000 10.198
51.86000 13.103
51.87000 13.104
51.88000 12.280
51.89000 19.233
51.90000 17.226
51.91000 12.043
51.92000 17.403
51.93000 16.247
51.94000 22.236
51.95000 9.007
51.96000 22.271
51.97000 8.033
51.98000 23.207
51.99000 13.042
52.00000 9.050
52.01000 14.289
52.02000 16.104
52.03000 17.201
52.04000 12.177
52.05000 15.271
52.06000 15.170
52.07000 12.151
52.08000 21.473
52.09000 16.275
52.10000 15.150
52.11000 23.323
52.12000 11.113
52.13000 15.230
52.14000 16.137
52.15000 12.214
52.16000 24.263
52.17000 14.025
52.18000 15.342
52.19000 12.259
52.20000 11.072
52.21000 15.299
52.22000 20.274
52.23000 19.273
52.24000 12.086
52.25000 17.954
52.26000 8.059
52.27000 10.242
52.28000 15.103
52.29000 16.301
52.30000 18.154
52.31000 17.328
52.32000 18.233
52.33000 21.197
52.34000 16.071
52.35000 18.266
52.36000 16.096
52.37000 10.271
52.38000 20.199
52.39000 14.303
52.40000 12.036
52.41000 13.198
52.42000 22.263
52.43000 14.192
52.44000 19.171
52.45000 10.071
52.46000 16.219
52.47000 10.118
52.48000 10.128
52.49000 16.376
52.50000 17.140
52.51000 11.914
52.52000 20.148
52.53000 10.021
52.54000 15.160
52.55000 15.312
52.56000 18.169
52.57000 12.233
52.58000 14.078
52.59000 13.104
52.60000 23.098
52.61000 12.154
52.62000 11.189
52.63000 14.174
52.64000 18.222
52.65000 23.285
52.66000 21.141
52.67000 20.164
52.68000 15.229
52.69000 8.973
52.70000 15.135
52.71000 14.147
52.72000 10.010
52.73000 17.159
52.74000 18.273
52.75000 19.337
52.76000 14.093
52.77000 9.145
52.78000 23.110
52.79000 23.286
52.80000 17.276
52.81000 10.162
52.82000 14.311
52.83000 20.198
52.84000 10.054
52.85000 11.057
52.86000 12.011
52.87000 16.220
52.88000 14.151
52.89000 8.139
52.90000 20.283
52.91000 10.142
52.92000 12.058
52.93000 13.206
52.94000 14.146
52.95000 18.458
52.96000 17.309
52.97000 16.274
52.98000 15.330
52.99000 13.130
53.00000 17.249
53.01000 23.220
53.02000 19.141
53.03000 9.103
53.04000 19.216
53.05000 11.080
53.06000 14.251
53.07000 19.321
53.08000 15.310
53.09000 14.181
53.10000 15.295
53.11000 16.341
53.12000 15.129
53.13000 12.125
53.14000 14.125
53.15000 15.966
53.16000 18.276
53.17000 15.311
53.18000 12.197
53.19000 19.197
53.20000 26.310
53.21000 20.377
53.22000 13.321
53.23000 12.189
53.24000 12.029
53.25000 22.295
53.26000 21.330
53.27000 19.218
53.28000 25.362
53.29000 19.299
53.30000 12.058
53.31000 9.986
53.32000 18.249
53.33000 15.128
53.34000 19.335
53.35000 10.151
53.36000 16.048
53.37000 19.253
53.38000 16.021
53.39000 12.096
53.40000 13.123
53.41000 13.218
53.42000 14.352
53.43000 16.368
53.44000 16.130
53.45000 12.146
53.46000 13.205
53.47000 14.163
53.48000 22.441
53.49000 13.102
53.50000 8.108
53.51000 11.110
53.52000 15.037
53.53000 9.093
53.54000 13.063
53.55000 6.002
53.56000 11.250
53.57000 18.264
53.58000 9.135
53.59000 13.115
53.60000 12.044
53.61000 23.294
53.62000 14.348
53.63000 16.311
53.64000 15.086
53.65000 13.111
53.66000 13.228
53.67000 18.210
53.68000 13.307
53.69000 16.275
53.70000 23.379
53.71000 14.036
53.72000 10.083
53.73000 15.167
53.74000 7.206
53.75000 21.380
53.76000 20.294
53.77000 13.245
53.78000 12.113
53.79000 6.002
53.80000 20.249
53.81000 17.162
53.82000 15.170
53.83000 8.087
53.84000 17.239
53.85000 13.259
53.86000 11.203
53.87000 9.085
53.88000 15.131
53.89000 13.101
53.90000 18.264
53.91000 21.301
53.92000 24.227
53.93000 14.158
53.94000 17.142
53.95000 12.173
53.96000 21.041
53.97000 11.070
53.98000 24.184
53.99000 12.146
54.00000 13.131
54.01000 12.181
54.02000 16.231
54.03000 13.049
54.04000 13.140
54.05000 8.144
54.06000 18.169
54.07000 14.350
54.08000 8.165
54.09000 16.095
54.10000 16.296
54.11000 17.329
54.12000 14.380
54.13000 17.166
54.14000 18.208
54.15000 11.078
54.16000 7.107
54.17000 11.115
54.18000 11.166
54.19000 11.211
54.20000 16.005
54.21000 10.095
54.22000 9.105
54.23000 10.271
54.24000 13.195
54.25000 15.137
54.26000 17.189
54.27000 18.217
54.28000 17.180
54.29000 20.346
54.30000 18.388
54.31000 17.288
54.32000 11.177
54.33000 23.450
54.34000 18.159
54.35000 13.219
54.36000 14.262
54.37000 16.225
54.38000 25.207
54.39000 20.349
54.40000 13.052
54.41000 9.239
54.42000 12.129
54.43000 17.302
54.44000 17.167
54.45000 12.248
54.46000 14.232
54.47000 13.073
54.48000 13.207
54.49000 17.165
54.50000 16.189
54.51000 15.967
54.52000 10.103
54.53000 6.973
54.54000 15.223
54.55000 14.173
54.56000 15.079
54.57000 10.136
54.58000 11.188
54.59000 14.209
54.60000 9.103
54.61000 13.188
54.62000 18.287
54.63000 8.190
54.64000 10.193
54.65000 13.285
54.66000 15.036
54.67000 13.105
54.68000 18.394
54.69000 8.117
54.70000 15.145
54.71000 15.205
54.72000 14.306
54.73000 15.202
54.74000 15.119
54.75000 17.247
54.76000 13.238
54.77000 13.155
54.78000 15.306
54.79000 17.370
54.80000 15.252
54.81000 18.089
54.82000 12.106
54.83000 14.162
54.84000 9.056
54.85000 20.290
54.86000 9.214
54.87000 12.236
54.88000 13.280
54.89000 14.132
54.90000 12.095
54.91000 12.105
54.92000 7.189
54.93000 16.006
54.94000 20.211
54.95000 22.276
54.96000 20.178
54.97000 17.173
54.98000 19.216
54.99000 16.227
55.00000 11.997
55.01000 21.463
55.02000 6.118
55.03000 16.173
55.04000 14.165
55.05000 20.346
55.06000 16.320
55.07000 13.358
55.08000 4.985
55.09000 14.082
55.10000 9.087
55.11000 12.045
55.12000 8.149
55.13000 15.135
55.14000 14.059
55.15000 15.127
55.16000 12.107
55.17000 13.005
55.18000 16.277
55.19000 12.070
55.20000 11.066
55.21000 13.272
55.22000 15.117
55.23000 13.223
55.24000 13.161
55.25000 11.152
55.26000 17.124
55.27000 15.321
55.28000 9.110
55.29000 16.360
55.30000 12.150
55.31000 15.028
55.32000 10.217
55.33000 19.201
55.34000 19.156
55.35000 12.166
55.36000 13.029
55.37000 18.276
55.38000 18.325
55.39000 17.173
55.40000 9.222
55.41000 11.230
55.42000 13.106
55.43000 13.167
55.44000 12.118
55.45000 11.143
55.46000 14.140
55.47000 16.218
55.48000 5.029
55.49000 15.287
55.50000 12.154
55.51000 11.194
55.52000 16.094
55.53000 16.117
55.54000 13.162
55.55000 8.971
55.56000 14.255
55.57000 16.163
55.58000 11.183
55.59000 14.241
55.60000 18.390
55.61000 19.188
55.62000 7.994
55.63000 13.096
55.64000 10.040
55.65000 19.420
55.66000 17.174
55.67000 23.146
55.68000 13.230
55.69000 13.227
55.70000 11.251
55.71000 17.159
55.72000 19.190
55.73000 14.129
55.74000 13.112
55.75000 19.270
55.76000 12.217
55.77000 12.121
55.78000 6.136
55.79000 8.070
55.80000 14.238
55.81000 16.144
55.82000 9.069
55.83000 11.024
55.84000 11.124
55.85000 18.207
55.86000 16.109
55.87000 13.101
55.88000 10.117
55.89000 15.220
55.90000 15.280
55.91000 12.133
55.92000 13.092
55.93000 12.099
55.94000 10.110
55.95000 18.235
55.96000 14.214
55.97000 7.131
55.98000 14.217
55.99000 11.146
56.00000 21.336
56.01000 17.319
56.02000 19.175
56.03000 11.154
56.04000 13.154
56.05000 7.043
56.06000 9.039
56.07000 12.204
56.08000 19.098
56.09000 14.197
56.10000 11.297
56.11000 13.207
56.12000 9.138
56.13000 12.043
56.14000 6.041
56.15000 10.120
56.16000 10.075
56.17000 11.238
56.18000 12.039
56.19000 15.130
56.20000 13.178
56.21000 14.440
56.22000 12.231
56.23000 13.152
56.24000 11.126
56.25000 10.002
56.26000 18.355
56.27000 14.186
56.28000 10.078
56.29000 13.308
56.30000 12.248
56.31000 6.166
56.32000 10.049
56.33000 20.291
56.34000 9.241
56.35000 16.141
56.36000 10.006
56.37000 13.222
56.38000 12.113
56.39000 17.162
56.40000 15.134
56.41000 9.111
56.42000 17.171
56.43000 19.249
56.44000 20.152
56.45000 27.258
56.46000 11.269
56.47000 10.182
56.48000 16.156
56.49000 13.164
56.50000 11.075
56.51000 16.245
56.52000 18.282
56.53000 11.126
56.54000 16.964
56.55000 11.347
56.56000 11.142
56.57000 12.079
56.58000 12.152
56.59000 9.028
56.60000 10.078
56.61000 8.159
56.62000 11.091
56.63000 13.230
56.64000 11.166
56.65000 19.125
56.66000 10.009
56.67000 15.219
56.68000 12.084
56.69000 17.137
56.70000 13.085
56.71000 16.227
56.72000 16.113
56.73000 8.109
56.74000 13.050
56.75000 10.156
56.76000 12.219
56.77000 8.122
56.78000 8.984
56.79000 11.168
56.80000 6.989
56.81000 13.172
56.82000 11.173
56.83000 17.163
56.84000 14.176
56.85000 12.298
56.86000 12.078
56.87000 13.239
56.88000 16.208
56.89000 11.178
56.90000 12.085
56.91000 20.057
56.92000 5.970
56.93000 14.097
56.94000 16.223
56.95000 20.206
56.96000 13.183
56.97000 11.080
56.98000 13.230
56.99000 8.322
57.00000 10.106
57.01000 6.014
57.02000 5.100
57.03000 23.643
57.04000 17.286
57.05000 16.079
57.06000 20.253
57.07000 17.083
57.08000 13.081
57.09000 10.060
57.10000 14.272
57.11000 12.032
57.12000 10.144
57.13000 14.134
57.14000 17.244
57.15000 19.225
57.16000 18.277
57.17000 10.231
57.18000 17.250
57.19000 15.181
57.20000 16.211
57.21000 16.059
57.22000 21.183
57.23000 17.357
57.24000 11.007
57.25000 12.120
57.26000 10.119
57.27000 22.294
57.28000 19.095
57.29000 15.100
57.30000 17.239
57.31000 14.182
57.32000 10.105
57.33000 15.099
57.34000 8.127
57.35000 13.088
57.36000 8.107
57.37000 11.218
57.38000 12.298
57.39000 15.154
57.40000 12.120
57.41000 15.186
57.42000 12.230
57.43000 11.174
57.44000 14.248
57.45000 18.145
57.46000 21.159
57.47000 17.105
57.48000 16.258
57.49000 10.187
57.50000 12.120
57.51000 9.086
57.52000 12.000
57.53000 12.131
57.54000 15.300
57.55000 8.289
57.56000 12.044
57.57000 24.294
57.58000 13.049
57.59000 17.145
57.60000 4.089
57.61000 16.339
57.62000 13.927
57.63000 8.152
57.64000 17.218
57.65000 23.335
57.66000 19.434
57.67000 16.203
57.68000 18.266
57.69000 9.105
57.70000 8.261
57.71000 10.133
57.72000 15.208
57.73000 16.141
57.74000 13.200
57.75000 12.231
57.76000 13.194
57.77000 10.003
57.78000 12.279
57.79000 21.169
57.80000 6.006
57.81000 9.087
57.82000 12.175
57.83000 19.431
57.84000 17.194
57.85000 15.303
57.86000 9.952
57.87000 15.116
57.88000 14.420
57.89000 15.260
57.90000 11.152
57.91000 12.031
57.92000 16.123
57.93000 13.154
57.94000 9.173
57.95000 9.177
57.96000 14.183
57.97000 14.377
57.98000 16.112
57.99000 8.159
58.00000 21.215
58.01000 12.271
58.02000 14.099
58.03000 21.186
58.04000 13.215
58.05000 6.135
58.06000 9.058
58.07000 15.188
58.08000 13.209
58.09000 12.186
58.10000 14.229
58.11000 20.307
58.12000 10.044
58.13000 9.091
58.14000 12.084
58.15000 10.116
58.16000 18.050
58.17000 19.236
58.18000 19.357
58.19000 10.270
58.20000 13.108
58.21000 12.105
58.22000 8.117
58.23000 12.190
58.24000 14.262
58.25000 12.147
58.26000 17.317
58.27000 13.062
58.28000 11.107
58.29000 15.199
58.30000 8.137
58.31000 13.281
58.32000 7.039
58.33000 8.086
58.34000 10.070
58.35000 13.076
58.36000 13.197
58.37000 13.249
58.38000 6.077
58.39000 12.115
58.40000 14.250
58.41000 8.224
58.42000 14.075
58.43000 12.067
58.44000 18.118
58.45000 8.044
58.46000 15.130
58.47000 16.246
58.48000 7.051
58.49000 8.054
58.50000 9.176
58.51000 7.067
58.52000 12.151
58.53000 12.154
58.54000 6.053
58.55000 9.075
58.56000 16.241
58.57000 16.227
58.58000 12.208
58.59000 9.167
58.60000 10.067
58.61000 17.102
58.62000 10.078
58.63000 12.271
58.64000 16.144
58.65000 11.333
58.66000 19.372
58.67000 8.055
58.68000 9.038
58.69000 17.351
58.70000 11.096
58.71000 5.113
58.72000 11.067
58.73000 9.045
58.74000 15.130
58.75000 14.202
58.76000 10.244
58.77000 13.342
58.78000 16.347
58.79000 13.153
58.80000 15.163
58.81000 9.128
58.82000 9.001
58.83000 8.060
58.84000 8.180
58.85000 16.306
58.86000 9.105
58.87000 7.224
58.88000 6.066
58.89000 7.104
58.90000 9.138
58.91000 15.010
58.92000 15.221
58.93000 8.121
58.94000 14.230
58.95000 14.083
58.96000 15.200
58.97000 12.312
58.98000 12.115
58.99000 9.171
59.00000 14.231
59.01000 7.014
59.02000 8.098
59.03000 10.081
59.04000 11.156
59.05000 10.985
59.06000 20.209
59.07000 20.236
59.08000 9.190
59.09000 12.109
59.10000 8.084
59.11000 14.268
59.12000 10.054
59.13000 11.191
59.14000 9.144
59.15000 13.097
59.16000 18.223
59.17000 8.056
59.18000 14.318
59.19000 13.071
59.20000 12.261
59.21000 14.394
59.22000 8.145
59.23000 11.068
59.24000 13.176
59.25000 11.059
59.26000 8.050
59.27000 15.276
59.28000 12.293
59.29000 7.046
59.30000 17.336
59.31000 9.048
59.32000 9.146
59.33000 7.091
59.34000 11.079
59.35000 20.250
59.36000 12.108
59.37000 13.144
59.38000 8.081
59.39000 8.061
59.40000 10.007
59.41000 10.174
59.42000 12.158
59.43000 10.147
59.44000 19.296
59.45000 7.138
59.46000 16.032
59.47000 16.348
59.48000 10.036
59.49000 11.284
59.50000 11.035
59.51000 12.129
59.52000 11.151
59.53000 16.281
59.54000 7.088
59.55000 9.028
59.56000 12.194
59.57000 18.330
59.58000 9.150
59.59000 10.112
59.60000 14.120
59.61000 16.312
59.62000 5.972
59.63000 13.121
59.64000 11.062
59.65000 12.148
59.66000 13.117
59.67000 16.146
59.68000 6.114
59.69000 7.195
59.70000 12.108
59.71000 6.052
59.72000 9.085
59.73000 10.131
59.74000 12.158
59.75000 12.300
59.76000 10.186
59.77000 9.209
59.78000 14.159
59.79000 7.194
59.80000 10.189
59.81000 11.113
59.82000 11.256
59.83000 11.235
59.84000 12.179
59.85000 12.063
59.86000 6.107
59.87000 13.091
59.88000 15.349
59.89000 5.009
59.90000 8.160
59.91000 13.133
59.92000 9.236
59.93000 13.243
59.94000 10.174
59.95000 5.005
59.96000 11.132
59.97000 17.201
59.98000 13.269
59.99000 10.203
60.00000 11.210
60.01000 7.985
60.02000 8.147
60.03000 10.013
60.04000 8.104
60.05000 10.273
60.06000 8.127
60.07000 5.983
60.08000 14.084
60.09000 12.033
60.10000 15.215
60.11000 12.157
60.12000 11.225
60.13000 17.227
60.14000 12.176
60.15000 10.960
60.16000 10.145
60.17000 14.289
60.18000 16.226
60.19000 9.116
60.20000 8.152
60.21000 7.176
60.22000 18.267
60.23000 14.189
60.24000 14.089
60.25000 14.054
60.26000 18.293
60.27000 7.080
60.28000 15.338
60.29000 13.174
60.30000 14.205
60.31000 11.158
60.32000 16.185
60.33000 15.428
60.34000 11.137
60.35000 9.077
60.36000 15.292
60.37000 11.215
60.38000 10.154
60.39000 9.003
60.40000 10.189
60.41000 15.228
60.42000 9.028
60.43000 9.043
60.44000 11.122
60.45000 10.125
60.46000 18.272
60.47000 12.142
60.48000 12.033
60.49000 11.048
60.50000 6.165
60.51000 13.149
60.52000 8.198
60.53000 12.187
60.54000 13.318
60.55000 11.058
60.56000 9.059
60.57000 11.206
60.58000 9.119
60.59000 12.220
60.60000 9.163
60.61000 11.070
60.62000 14.194
60.63000 12.257
60.64000 14.454
60.65000 8.173
60.66000 8.131
60.67000 9.211
60.68000 12.028
60.69000 12.064
60.70000 16.222
60.71000 12.261
60.72000 9.093
60.73000 16.206
60.74000 11.205
60.75000 7.040
60.76000 10.059
60.77000 15.131
60.78000 15.251
60.79000 5.151
60.80000 12.188
60.81000 10.133
60.82000 14.126
60.83000 9.125
60.84000 11.147
60.85000 17.118
60.86000 14.201
60.87000 18.145
60.88000 11.182
60.89000 15.349
60.90000 10.196
60.91000 10.193
60.92000 6.080
60.93000 13.186
60.94000 14.129
60.95000 11.152
60.96000 13.208
60.97000 8.075
60.98000 10.131
60.99000 11.176
61.00000 17.356
61.01000 12.219
61.02000 13.110
61.03000 9.061
61.04000 7.167
61.05000 11.256
61.06000 6.086
61.07000 14.156
61.08000 8.156
61.09000 15.269
61.10000 6.135
61.11000 6.138
61.12000 8.126
61.13000 14.228
61.14000 2.963
61.15000 18.284
61.16000 11.209
61.17000 12.222
61.18000 4.075
61.19000 11.153
61.20000 7.067
61.21000 7.155
61.22000 14.212
61.23000 6.053
61.24000 7.120
61.25000 10.147
61.26000 6.054
61.27000 16.194
61.28000 9.957
61.29000 15.290
61.30000 8.122
61.31000 11.031
61.32000 10.033
61.33000 12.184
61.34000 11.049
61.35000 11.126
61.36000 10.100
61.37000 14.149
61.38000 10.081
61.39000 11.067
61.40000 7.076
61.41000 13.141
61.42000 14.247
61.43000 10.955
61.44000 10.308
61.45000 13.305
61.46000 11.168
61.47000 8.141
61.48000 8.161
61.49000 5.971
61.50000 4.976
61.51000 11.277
61.52000 8.130
61.53000 12.352
61.54000 12.192
61.55000 10.147
61.56000 10.985
61.57000 8.154
61.58000 9.052
61.59000 7.049
61.60000 9.010
61.61000 11.174
61.62000 13.096
61.63000 12.167
61.64000 7.007
61.65000 10.986
61.66000 13.064
61.67000 11.092
61.68000 16.227
61.69000 10.148
61.70000 12.118
61.71000 8.122
61.72000 3.973
61.73000 10.126
61.74000 5.011
61.75000 8.058
61.76000 10.109
61.77000 6.110
61.78000 7.057
61.79000 9.094
61.80000 13.074
61.81000 9.999
61.82000 5.080
61.83000 13.127
61.84000 11.433
61.85000 7.059
61.86000 7.084
61.87000 8.083
61.88000 6.082
61.89000 14.207
61.90000 11.031
61.91000 12.119
61.92000 5.993
61.93000 13.228
61.94000 11.062
61.95000 5.043
61.96000 5.074
61.97000 4.999
61.98000 3.064
61.99000 4.036
62.00000 10.074
62.01000 10.159
62.02000 9.117
62.03000 17.174
62.04000 10.159
62.05000 9.972
62.06000 10.228
62.07000 4.112
62.08000 9.218
62.09000 12.101
62.10000 2.987
62.11000 10.200
62.12000 12.234
62.13000 11.976
62.14000 22.099
62.15000 11.105
62.16000 6.104
62.17000 10.061
62.18000 9.117
62.19000 6.989
62.20000 13.112
62.21000 9.968
62.22000 10.078
62.23000 10.048
62.24000 14.329
62.25000 8.034
62.26000 15.259
62.27000 7.139
62.28000 8.020
62.29000 10.093
62.30000 14.156
62.31000 13.166
62.32000 13.282
62.33000 11.218
62.34000 24.322
62.35000 14.135
62.36000 13.215
62.37000 8.072
62.38000 6.016
62.39000 12.006
62.40000 11.188
62.41000 6.056
62.42000 8.025
62.43000 17.172
62.44000 8.100
62.45000 13.230
62.46000 9.110
62.47000 12.260
62.48000 10.078
62.49000 3.999
62.50000 7.009
62.51000 18.191
62.52000 15.146
62.53000 10.982
62.54000 11.996
62.55000 13.258
62.56000 6.988
62.57000 8.220
62.58000 11.218
62.59000 12.278
62.60000 14.250
62.61000 5.117
62.62000 9.251
62.63000 5.159
62.64000 11.043
62.65000 13.064
62.66000 11.210
62.67000 14.188
62.68000 11.205
62.69000 4.095
62.70000 11.116
62.71000 7.158
62.72000 12.145
62.73000 14.286
62.74000 14.083
62.75000 4.995
62.76000 12.093
62.77000 9.123
62.78000 6.130
62.79000 7.033
62.80000 11.180
62.81000 5.083
62.82000 11.366
62.83000 10.987
62.84000 10.200
62.85000 20.330
62.86000 11.226
62.87000 12.161
62.88000 12.149
62.89000 6.037
62.90000 10.130
62.91000 11.240
62.92000 11.158
62.93000 13.300
62.94000 11.277
62.95000 9.149
62.96000 7.050
62.97000 16.145
62.98000 14.120
62.99000 9.075
63.00000 10.054
63.01000 11.174
63.02000 7.113
63.03000 11.165
63.04000 5.095
63.05000 8.113
63.06000 8.033
63.07000 13.188
63.08000 8.102
63.09000 7.202
63.10000 13.236
63.11000 12.217
63.12000 12.061
63.13000 11.992
63.14000 9.211
63.15000 7.020
63.16000 9.123
63.17000 9.183
63.18000 9.178
63.19000 10.051
63.20000 10.168
63.21000 8.033
63.22000 6.032
63.23000 7.027
63.24000 14.110
63.25000 13.285
63.26000 7.110
63.27000 11.207
63.28000 8.029
63.29000 11.135
63.30000 7.106
63.31000 11.122
63.32000 15.231
63.33000 9.203
63.34000 10.178
63.35000 9.044
63.36000 13.215
63.37000 17.111
63.38000 13.188
63.39000 7.029
63.40000 7.051
63.41000 9.171
63.42000 14.174
63.43000 4.931
63.44000 12.311
63.45000 14.110
63.46000 11.133
63.47000 13.204
63.48000 7.136
63.49000 7.086
63.50000 13.127
63.51000 7.161
63.52000 17.130
63.53000 8.984
63.54000 9.021
63.55000 6.020
63.56000 8.184
63.57000 14.327
63.58000 9.064
63.59000 11.044
63.60000 12.182
63.61000 12.105
63.62000 11.280
63.63000 11.064
63.64000 6.979
63.65000 9.118
63.66000 6.174
63.67000 10.176
63.68000 8.063
63.69000 8.148
63.70000 8.126
63.71000 10.155
63.72000 5.118
63.73000 14.158
63.74000 7.004
63.75000 10.151
63.76000 10.156
63.77000 10.151
63.78000 7.113
63.79000 10.209
63.80000 5.060
63.81000 9.150
63.82000 5.089
63.83000 9.091
63.84000 11.038
63.85000 6.160
63.86000 8.240
63.87000 12.144
63.88000 8.090
63.89000 11.122
63.90000 12.965
63.91000 8.046
63.92000 9.101
63.93000 11.305
63.94000 9.118
63.95000 9.283
63.96000 9.033
63.97000 11.122
63.98000 13.193
63.99000 13.076
64.00000 6.096
64.01000 5.984
64.02000 17.261
64.03000 8.042
64.04000 11.060
64.05000 15.104
64.06000 10.011
64.07000 11.219
64.08000 9.045
64.09000 12.074
64.10000 17.136
64.11000 12.117
64.12000 11.160
64.13000 13.110
64.14000 10.190
64.15000 13.225
64.16000 8.095
64.17000 10.143
64.18000 10.161
64.19000 6.053
64.20000 7.049
64.21000 12.241
64.22000 10.087
64.23000 12.246
64.24000 12.176
64.25000 10.186
64.26000 12.132
64.27000 8.022
64.28000 11.173
64.29000 9.009
64.30000 9.267
64.31000 12.120
64.32000 12.095
64.33000 11.062
64.34000 9.192
64.35000 15.325
64.36000 16.216
64.37000 8.065
64.38000 15.137
64.39000 9.126
64.40000 6.975
64.41000 13.165
64.42000 15.227
64.43000 1.958
64.44000 13.204
64.45000 7.160
64.46000 12.275
64.47000 9.065
64.48000 11.204
64.49000 11.146
64.50000 8.136
64.51000 7.034
64.52000 13.180
64.53000 14.131
64.54000 13.072
64.55000 10.103
64.56000 8.275
64.57000 12.212
64.58000 11.038
64.59000 8.061
64.60000 14.211
64.61000 11.168
64.62000 7.186
64.63000 6.029
64.64000 11.220
64.65000 9.054
64.66000 15.149
64.67000 12.148
64.68000 15.244
64.69000 11.229
64.70000 9.229
64.71000 9.026
64.72000 1.015
64.73000 9.211
64.74000 10.037
64.75000 9.128
64.76000 7.058
64.77000 10.046
64.78000 15.196
64.79000 7.046
64.80000 11.115
64.81000 12.113
64.82000 9.143
64.83000 10.121
64.84000 11.084
64.85000 3.994
64.86000 10.147
64.87000 13.203
64.88000 12.042
64.89000 11.146
64.90000 7.166
64.91000 12.236
64.92000 6.028
64.93000 13.158
64.94000 10.171
64.95000 6.064
64.96000 10.196
64.97000 9.025
64.98000 10.094
64.99000 9.155
65.00000 11.201
