20.00000 561.260
20.01000 559.982
20.02000 558.521
20.03000 558.007
20.04000 561.180
20.05000 564.725
20.06000 567.326
20.07000 565.393
20.08000 563.715
20.09000 562.982
20.10000 563.922
20.11000 564.894
20.12000 567.258
20.13000 571.254
20.14000 575.241
20.15000 576.275
20.16000 575.090
20.17000 573.925
20.18000 573.471
20.19000 573.376
20.20000 572.693
20.21000 562.940
20.22000 550.097
20.23000 538.379
20.24000 544.884
20.25000 554.330
20.26000 561.282
20.27000 555.098
20.28000 547.005
20.29000 543.045
20.30000 553.417
20.31000 565.006
20.32000 573.223
20.33000 574.832
20.34000 575.848
20.35000 574.714
20.36000 570.190
20.37000 565.625
20.38000 560.937
20.39000 556.124
20.40000 551.338
20.41000 548.736
20.42000 547.610
20.43000 546.626
20.44000 549.524
20.45000 554.167
20.46000 558.443
20.47000 558.051
20.48000 556.241
20.49000 554.616
20.50000 555.074
20.51000 555.840
20.52000 556.326
20.53000 555.506
20.54000 554.522
20.55000 554.400
20.56000 556.937
20.57000 559.663
20.58000 561.525
20.59000 553.912
20.60000 547.995
20.61000 547.726
20.62000 555.365
20.63000 563.053
20.64000 561.975
20.65000 552.981
20.66000 544.075
20.67000 541.326
20.68000 542.218
20.69000 543.234
20.70000 546.874
20.71000 551.567
20.72000 555.814
20.73000 555.291
20.74000 553.479
20.75000 551.879
20.76000 552.565
20.77000 553.506
20.78000 553.070
20.79000 546.975
20.80000 540.269
20.81000 538.868
20.82000 552.086
20.83000 566.150
20.84000 575.374
20.85000 567.312
20.86000 561.095
20.87000 556.949
20.88000 555.371
20.89000 553.797
20.90000 551.676
20.91000 549.119
20.92000 546.601
20.93000 553.594
20.94000 565.264
20.95000 576.009
20.96000 571.129
20.97000 560.646
20.98000 551.342
20.99000 552.757
21.00000 556.746
21.01000 560.198
21.02000 554.507
21.03000 548.465
21.04000 544.993
21.05000 550.907
21.06000 557.683
21.07000 561.631
21.08000 558.621
21.09000 555.289
21.10000 553.198
21.11000 556.551
21.12000 559.034
21.13000 557.196
21.14000 550.638
21.15000 544.104
21.16000 541.132
21.17000 540.670
21.18000 540.219
21.19000 545.562
21.20000 553.322
21.21000 560.271
21.22000 556.012
21.23000 548.169
21.24000 540.816
21.25000 537.296
21.26000 534.589
21.27000 532.295
21.28000 536.628
21.29000 541.006
21.30000 544.418
21.31000 544.690
21.32000 544.720
21.33000 545.319
21.34000 547.166
21.35000 549.057
21.36000 550.189
21.37000 550.692
21.38000 551.044
21.39000 548.986
21.40000 544.620
21.41000 540.306
21.42000 539.923
21.43000 542.002
21.44000 544.021
21.45000 545.652
21.46000 547.046
21.47000 548.993
21.48000 557.329
21.49000 567.486
21.50000 575.437
21.51000 568.442
21.52000 558.649
21.53000 550.532
21.54000 547.032
21.55000 544.583
21.56000 541.651
21.57000 537.316
21.58000 532.892
21.59000 531.164
21.60000 534.724
21.61000 538.422
21.62000 540.523
21.63000 547.681
21.64000 552.675
21.65000 554.609
21.66000 553.964
21.67000 553.427
21.68000 558.280
21.69000 566.139
21.70000 573.704
21.71000 576.771
21.72000 578.058
21.73000 578.987
21.74000 576.417
21.75000 572.961
21.76000 569.642
21.77000 567.131
21.78000 564.753
21.79000 562.829
21.80000 567.461
21.81000 571.757
21.82000 576.051
21.83000 580.340
21.84000 584.628
21.85000 588.002
21.86000 589.777
21.87000 591.523
21.88000 592.460
21.89000 601.765
21.90000 608.115
21.91000 612.553
21.92000 615.567
21.93000 618.799
21.94000 629.769
21.95000 644.589
21.96000 658.708
21.97000 661.407
21.98000 660.345
21.99000 659.550
22.00000 660.979
22.01000 662.907
22.02000 664.373
22.03000 663.440
22.04000 662.163
22.05000 661.157
22.06000 660.084
22.07000 659.220
22.08000 657.987
22.09000 655.903
22.10000 653.784
22.11000 650.939
22.12000 646.962
22.13000 642.973
22.14000 640.963
22.15000 638.070
22.16000 636.177
22.17000 638.226
22.18000 642.879
22.19000 647.112
22.20000 640.249
22.21000 628.459
22.22000 617.352
22.23000 616.528
22.24000 618.597
22.25000 619.428
22.26000 611.330
22.27000 601.462
22.28000 592.135
22.29000 585.286
22.30000 578.745
22.31000 573.738
22.32000 577.838
22.33000 581.572
22.34000 582.925
22.35000 579.368
22.36000 575.662
22.37000 568.466
22.38000 556.449
22.39000 544.406
22.40000 537.711
22.41000 535.783
22.42000 534.010
22.43000 541.462
22.44000 554.332
22.45000 566.469
22.46000 563.480
22.47000 554.492
22.48000 546.132
22.49000 544.981
22.50000 545.680
22.51000 545.822
22.52000 542.464
22.53000 538.497
22.54000 534.043
22.55000 527.618
22.56000 520.983
22.57000 516.060
22.58000 518.056
22.59000 519.909
22.60000 523.039
22.61000 528.518
22.62000 534.047
22.63000 537.291
22.64000 537.741
22.65000 538.184
22.66000 538.181
22.67000 537.830
22.68000 537.435
22.69000 535.219
22.70000 532.050
22.71000 529.127
22.72000 530.269
22.73000 532.849
22.74000 535.216
22.75000 525.590
22.76000 514.480
22.77000 504.937
22.78000 504.010
22.79000 504.397
22.80000 505.814
22.81000 510.948
22.82000 516.418
22.83000 520.343
22.84000 528.022
22.85000 534.022
22.86000 539.146
22.87000 542.832
22.88000 546.498
22.89000 549.222
22.90000 550.934
22.91000 552.638
22.92000 546.317
22.93000 534.542
22.94000 523.003
22.95000 518.554
22.96000 517.417
22.97000 516.316
22.98000 515.704
22.99000 515.247
23.00000 514.834
23.01000 522.125
23.02000 529.953
23.03000 536.102
23.04000 534.125
23.05000 531.072
23.06000 525.324
23.07000 510.923
23.08000 495.870
23.09000 485.455
23.10000 497.915
23.11000 507.882
23.12000 511.731
23.13000 506.661
23.14000 501.517
23.15000 501.909
23.16000 507.526
23.17000 513.097
23.18000 512.328
23.19000 507.723
23.20000 503.458
23.21000 506.981
23.22000 513.753
23.23000 520.471
23.24000 526.573
23.25000 532.501
23.26000 537.763
23.27000 533.844
23.28000 528.976
23.29000 523.927
23.30000 518.102
23.31000 512.189
23.32000 508.267
23.33000 510.050
23.34000 512.187
23.35000 513.608
23.36000 514.807
23.37000 515.690
23.38000 516.351
23.39000 516.724
23.40000 517.096
23.41000 517.169
23.42000 516.994
23.43000 516.821
23.44000 516.671
23.45000 516.536
23.46000 516.421
23.47000 516.657
23.48000 517.024
23.49000 517.385
23.50000 517.693
23.51000 517.988
23.52000 518.244
23.53000 516.821
23.54000 515.373
23.55000 513.154
23.56000 508.007
23.57000 502.575
23.58000 499.077
23.59000 500.522
23.60000 502.214
23.61000 503.292
23.62000 500.436
23.63000 498.309
23.64000 499.322
23.65000 503.914
23.66000 508.495
23.67000 510.413
23.68000 510.374
23.69000 510.336
23.70000 511.775
23.71000 513.862
23.72000 515.853
23.73000 516.447
23.74000 516.575
23.75000 516.570
23.76000 515.459
23.77000 514.104
23.78000 512.947
23.79000 517.608
23.80000 522.226
23.81000 525.065
23.82000 521.894
23.83000 518.230
23.84000 515.786
23.85000 516.127
23.86000 516.576
23.87000 516.849
23.88000 510.811
23.89000 506.448
23.90000 510.699
23.91000 523.570
23.92000 536.360
23.93000 541.796
23.94000 542.437
23.95000 543.061
23.96000 545.367
23.97000 548.268
23.98000 550.493
23.99000 544.436
24.00000 535.925
24.01000 528.257
24.02000 526.577
24.03000 526.068
24.04000 525.642
24.05000 537.894
24.06000 549.347
24.07000 555.449
24.08000 545.425
24.09000 534.308
24.10000 527.420
24.11000 529.155
24.12000 531.142
24.13000 532.292
24.14000 531.416
24.15000 530.790
24.16000 526.352
24.17000 518.564
24.18000 511.013
24.19000 516.990
24.20000 530.812
24.21000 544.157
24.22000 539.806
24.23000 529.176
24.24000 519.367
24.25000 518.042
24.26000 518.952
24.27000 519.341
24.28000 516.504
24.29000 513.112
24.30000 510.345
24.31000 514.053
24.32000 517.639
24.33000 520.960
24.34000 523.570
24.35000 526.141
24.36000 525.825
24.37000 520.261
24.38000 514.587
24.39000 511.482
24.40000 513.769
24.41000 515.345
24.42000 515.764
24.43000 515.286
24.44000 514.735
24.45000 511.330
24.46000 506.448
24.47000 501.780
24.48000 502.416
24.49000 504.735
24.50000 506.628
24.51000 504.766
24.52000 502.026
24.53000 499.317
24.54000 496.773
24.55000 494.255
24.56000 492.253
24.57000 490.399
24.58000 488.916
24.59000 488.359
24.60000 490.022
24.61000 491.783
24.62000 489.542
24.63000 480.822
24.64000 472.012
24.65000 467.475
24.66000 483.916
24.67000 494.918
24.68000 497.606
24.69000 494.580
24.70000 491.705
24.71000 493.184
24.72000 496.674
24.73000 499.974
24.74000 491.553
24.75000 480.454
24.76000 471.341
24.77000 477.271
24.78000 486.313
24.79000 493.255
24.80000 490.164
24.81000 485.765
24.82000 482.365
24.83000 486.243
24.84000 489.746
24.85000 489.501
24.86000 481.217
24.87000 472.663
24.88000 466.162
24.89000 462.614
24.90000 459.091
24.91000 457.290
24.92000 457.092
24.93000 456.981
24.94000 462.890
24.95000 472.476
24.96000 481.659
24.97000 481.839
24.98000 478.310
24.99000 475.013
25.00000 475.421
25.01000 476.724
25.02000 477.631
25.03000 475.930
25.04000 473.754
25.05000 472.670
25.06000 476.203
25.07000 480.253
25.08000 483.291
25.09000 487.757
25.10000 491.312
25.11000 492.487
25.12000 489.104
25.13000 485.610
25.14000 485.778
25.15000 490.616
25.16000 495.464
25.17000 492.501
25.18000 483.168
25.19000 474.098
25.20000 477.121
25.21000 486.726
25.22000 495.408
25.23000 487.716
25.24000 473.998
25.25000 461.355
25.26000 463.913
25.27000 469.561
25.28000 474.065
25.29000 471.987
25.30000 468.859
25.31000 467.105
25.32000 470.503
25.33000 474.394
25.34000 477.218
25.35000 472.605
25.36000 468.781
25.37000 466.218
25.38000 465.807
25.39000 465.432
25.40000 464.257
25.41000 462.184
25.42000 460.117
25.43000 466.607
25.44000 479.188
25.45000 491.400
25.46000 491.390
25.47000 485.446
25.48000 479.704
25.49000 476.874
25.50000 475.000
25.51000 473.300
25.52000 469.888
25.53000 466.545
25.54000 463.152
25.55000 459.505
25.56000 455.824
25.57000 453.887
25.58000 457.776
25.59000 462.132
25.60000 465.185
25.61000 467.074
25.62000 468.470
25.63000 468.049
25.64000 464.868
25.65000 461.660
25.66000 460.038
25.67000 459.983
25.68000 459.928
25.69000 461.637
25.70000 464.437
25.71000 467.141
25.72000 467.464
25.73000 466.755
25.74000 466.201
25.75000 467.500
25.76000 469.341
25.77000 470.986
25.78000 469.861
25.79000 468.416
25.80000 468.395
25.81000 474.726
25.82000 481.820
25.83000 484.829
25.84000 475.680
25.85000 465.724
25.86000 459.010
25.87000 465.599
25.88000 470.782
25.89000 473.113
25.90000 471.606
25.91000 470.073
25.92000 465.152
25.93000 457.294
25.94000 449.526
25.95000 453.823
25.96000 464.761
25.97000 475.189
25.98000 475.602
25.99000 472.139
26.00000 469.027
26.01000 469.472
26.02000 470.842
26.03000 472.044
26.04000 470.637
26.05000 469.049
26.06000 467.427
26.07000 465.671
26.08000 463.901
26.09000 460.020
26.10000 450.530
26.11000 440.738
26.12000 434.403
26.13000 434.921
26.14000 435.401
26.15000 437.197
26.16000 440.561
26.17000 443.920
26.18000 445.657
26.19000 446.152
26.20000 446.639
26.21000 447.618
26.22000 448.808
26.23000 449.890
26.24000 449.272
26.25000 448.068
26.26000 447.404
26.27000 451.418
26.28000 456.512
26.29000 460.893
26.30000 454.024
26.31000 446.802
26.32000 443.019
26.33000 451.330
26.34000 460.691
26.35000 467.906
26.36000 470.033
26.37000 471.943
26.38000 473.123
26.39000 459.790
26.40000 450.072
26.41000 447.103
26.42000 451.197
26.43000 455.242
26.44000 453.677
26.45000 448.307
26.46000 443.064
26.47000 448.366
26.48000 458.036
26.49000 466.868
26.50000 464.793
26.51000 459.356
26.52000 454.240
26.53000 451.512
26.54000 449.271
26.55000 447.386
26.56000 443.022
26.57000 439.117
26.58000 436.776
26.59000 439.332
26.60000 442.244
26.61000 445.764
26.62000 450.576
26.63000 455.429
26.64000 458.286
26.65000 460.065
26.66000 461.313
26.67000 459.861
26.68000 455.930
26.69000 452.093
26.70000 454.485
26.71000 460.634
26.72000 466.588
26.73000 461.379
26.74000 452.154
26.75000 444.271
26.76000 451.032
26.77000 461.810
26.78000 471.114
26.79000 470.870
26.80000 468.911
26.81000 467.300
26.82000 451.781
26.83000 437.765
26.84000 429.748
26.85000 438.493
26.86000 448.232
26.87000 453.994
26.88000 452.237
26.89000 450.303
26.90000 449.223
26.91000 454.284
26.92000 457.771
26.93000 450.409
26.94000 434.275
26.95000 418.600
26.96000 423.310
26.97000 438.973
26.98000 454.001
26.99000 455.678
27.00000 452.708
27.01000 449.937
27.02000 449.011
27.03000 448.535
27.04000 447.924
27.05000 446.554
27.06000 445.063
27.07000 443.868
27.08000 443.335
27.09000 442.954
27.10000 441.484
27.11000 437.298
27.12000 432.983
27.13000 433.870
27.14000 443.522
27.15000 453.314
27.16000 458.464
27.17000 443.550
27.18000 433.492
27.19000 433.136
27.20000 439.721
27.21000 446.136
27.22000 447.092
27.23000 445.429
27.24000 443.850
27.25000 438.438
27.26000 432.296
27.27000 426.975
27.28000 428.193
27.29000 430.821
27.30000 433.410
27.31000 435.799
27.32000 438.162
27.33000 440.006
27.34000 441.755
27.35000 443.144
27.36000 443.983
27.37000 443.596
27.38000 443.164
27.39000 444.267
27.40000 447.670
27.41000 451.096
27.42000 451.732
27.43000 449.655
27.44000 447.577
27.45000 445.455
27.46000 443.306
27.47000 441.356
27.48000 444.272
27.49000 449.272
27.50000 453.963
27.51000 449.617
27.52000 443.279
27.53000 437.561
27.54000 436.126
27.55000 435.505
27.56000 435.287
27.57000 436.844
27.58000 438.611
27.59000 439.950
27.60000 435.048
27.61000 430.880
27.62000 430.835
27.63000 438.990
27.64000 447.369
27.65000 446.921
27.66000 434.743
27.67000 422.517
27.68000 421.725
27.69000 430.690
27.70000 439.645
27.71000 448.079
27.72000 456.217
27.73000 463.607
27.74000 456.663
27.75000 444.237
27.76000 432.730
27.77000 435.720
27.78000 441.758
27.79000 445.755
27.80000 437.490
27.81000 427.176
27.82000 420.332
27.83000 427.039
27.84000 435.114
27.85000 441.042
27.86000 436.465
27.87000 432.499
27.88000 427.599
27.89000 421.040
27.90000 414.450
27.91000 416.391
27.92000 428.347
27.93000 440.287
27.94000 445.147
27.95000 444.663
27.96000 444.056
27.97000 438.922
27.98000 431.504
27.99000 424.845
28.00000 429.942
28.01000 439.052
28.02000 447.365
28.03000 444.826
28.04000 440.380
28.05000 437.523
28.06000 443.057
28.07000 449.812
28.08000 453.667
28.09000 447.447
28.10000 440.368
28.11000 435.347
28.12000 439.375
28.13000 442.723
28.14000 441.706
28.15000 433.796
28.16000 425.800
28.17000 425.083
28.18000 431.878
28.19000 438.635
28.20000 440.029
28.21000 437.862
28.22000 435.775
28.23000 435.889
28.24000 436.994
28.25000 437.620
28.26000 432.120
28.27000 424.755
28.28000 418.140
28.29000 429.273
28.30000 442.141
28.31000 451.536
28.32000 444.775
28.33000 435.974
28.34000 427.076
28.35000 417.877
28.36000 408.657
28.37000 402.356
28.38000 405.765
28.39000 408.545
28.40000 415.797
28.41000 429.323
28.42000 442.884
28.43000 443.403
28.44000 432.120
28.45000 420.947
28.46000 418.764
28.47000 421.868
28.48000 424.964
28.49000 427.862
28.50000 430.681
28.51000 432.670
28.52000 425.751
28.53000 416.420
28.54000 408.185
28.55000 407.286
28.56000 407.630
28.57000 409.310
28.58000 416.488
28.59000 424.262
28.60000 429.916
28.61000 429.720
28.62000 429.185
28.63000 428.834
28.64000 426.867
28.65000 425.393
28.66000 427.592
28.67000 434.351
28.68000 441.087
28.69000 436.571
28.70000 423.078
28.71000 409.788
28.72000 413.146
28.73000 424.976
28.74000 435.944
28.75000 432.299
28.76000 423.407
28.77000 415.354
28.78000 414.955
28.79000 416.395
28.80000 417.642
28.81000 415.706
28.82000 413.639
28.83000 413.655
28.84000 421.288
28.85000 429.623
28.86000 433.104
28.87000 424.624
28.88000 415.590
28.89000 409.916
28.90000 414.975
28.91000 418.751
28.92000 419.867
28.93000 418.074
28.94000 416.287
28.95000 415.724
28.96000 416.026
28.97000 416.320
28.98000 416.771
28.99000 417.275
29.00000 417.380
29.01000 411.941
29.02000 404.727
29.03000 398.448
29.04000 399.495
29.05000 402.101
29.06000 404.311
29.07000 407.956
29.08000 411.173
29.09000 413.824
29.10000 414.632
29.11000 415.297
29.12000 415.813
29.13000 416.001
29.14000 416.177
29.15000 416.282
29.16000 412.131
29.17000 409.157
29.18000 410.133
29.19000 414.898
29.20000 419.595
29.21000 419.037
29.22000 415.183
29.23000 411.441
29.24000 409.531
29.25000 408.454
29.26000 407.676
29.27000 410.363
29.28000 414.038
29.29000 416.660
29.30000 412.128
29.31000 406.254
29.32000 401.384
29.33000 401.971
29.34000 402.979
29.35000 405.360
29.36000 411.724
29.37000 418.342
29.38000 421.504
29.39000 417.876
29.40000 414.069
29.41000 411.905
29.42000 420.510
29.43000 426.528
29.44000 427.064
29.45000 422.977
29.46000 418.942
29.47000 417.546
29.48000 417.624
29.49000 417.700
29.50000 410.989
29.51000 402.286
29.52000 394.610
29.53000 396.990
29.54000 401.920
29.55000 406.038
29.56000 405.340
29.57000 403.850
29.58000 402.645
29.59000 404.038
29.60000 405.381
29.61000 406.322
29.62000 406.220
29.63000 406.064
29.64000 405.955
29.65000 405.929
29.66000 405.905
29.67000 405.892
29.68000 410.898
29.69000 414.299
29.70000 413.530
29.71000 409.652
29.72000 405.784
29.73000 402.254
29.74000 398.892
29.75000 395.689
29.76000 387.759
29.77000 378.932
29.78000 372.126
29.79000 382.240
29.80000 396.159
29.81000 408.441
29.82000 412.203
29.83000 414.742
29.84000 416.743
29.85000 426.082
29.86000 434.060
29.87000 438.850
29.88000 436.261
29.89000 433.374
29.90000 426.328
29.91000 412.796
29.92000 399.188
29.93000 392.325
29.94000 397.106
29.95000 400.356
29.96000 408.841
29.97000 420.788
29.98000 432.149
29.99000 427.909
30.00000 416.730
30.01000 406.197
30.02000 413.018
30.03000 424.035
30.04000 432.785
30.05000 425.156
30.06000 414.274
30.07000 404.896
30.08000 402.426
30.09000 400.814
30.10000 399.580
30.11000 412.215
30.12000 422.950
30.13000 429.644
30.14000 427.987
30.15000 426.076
30.16000 429.211
30.17000 439.333
30.18000 449.495
30.19000 448.096
30.20000 436.391
30.21000 424.734
30.22000 415.928
30.23000 408.800
30.24000 401.973
30.25000 401.382
30.26000 403.269
30.27000 405.024
30.28000 412.474
30.29000 420.579
30.30000 426.807
30.31000 421.225
30.32000 413.580
30.33000 408.681
30.34000 414.950
30.35000 422.409
30.36000 427.946
30.37000 429.788
30.38000 431.056
30.39000 428.436
30.40000 418.645
30.41000 408.698
30.42000 403.758
30.43000 404.950
30.44000 406.156
30.45000 410.605
30.46000 417.573
30.47000 424.291
30.48000 420.736
30.49000 411.794
30.50000 403.409
30.51000 404.234
30.52000 408.328
30.53000 412.082
30.54000 410.849
30.55000 408.694
30.56000 408.274
30.57000 417.413
30.58000 428.011
30.59000 435.539
30.60000 431.977
30.61000 427.412
30.62000 424.135
30.63000 411.488
30.64000 401.493
30.65000 398.379
30.66000 406.567
30.67000 414.921
30.68000 420.029
30.69000 421.637
30.70000 423.236
30.71000 420.977
30.72000 416.082
30.73000 411.430
30.74000 414.081
30.75000 420.150
30.76000 425.356
30.77000 418.844
30.78000 408.624
30.79000 399.394
30.80000 408.966
30.81000 420.852
30.82000 430.162
30.83000 426.966
30.84000 422.111
30.85000 420.095
30.86000 427.210
30.87000 435.016
30.88000 440.421
30.89000 440.866
30.90000 441.071
30.91000 441.924
30.92000 443.720
30.93000 445.526
30.94000 453.857
30.95000 468.358
30.96000 482.739
30.97000 488.649
30.98000 489.299
30.99000 490.545
31.00000 505.520
31.01000 526.230
31.02000 545.398
31.03000 547.053
31.04000 543.772
31.05000 540.858
31.06000 551.637
31.07000 563.178
31.08000 575.657
31.09000 592.156
31.10000 609.114
31.11000 631.943
31.12000 671.611
31.13000 712.327
31.14000 739.428
31.15000 776.703
31.16000 804.476
31.17000 844.596
31.18000 900.693
31.19000 956.858
31.20000 1015.084
31.21000 1075.025
31.22000 1134.177
31.23000 1194.823
31.24000 1254.636
31.25000 1314.718
31.26000 1379.697
31.27000 1446.503
31.28000 1514.995
31.29000 1599.689
31.30000 1688.442
31.31000 1765.802
31.32000 1805.894
31.33000 1834.993
31.34000 1868.570
31.35000 1919.199
31.36000 1971.489
31.37000 2010.656
31.38000 2016.218
31.39000 2020.097
31.40000 2022.572
31.41000 2011.884
31.42000 2003.942
31.43000 1982.533
31.44000 1945.741
31.45000 1908.871
31.46000 1861.243
31.47000 1805.698
31.48000 1751.215
31.49000 1691.599
31.50000 1631.727
31.51000 1570.955
31.52000 1496.826
31.53000 1418.250
31.54000 1339.729
31.55000 1261.670
31.56000 1183.714
31.57000 1117.124
31.58000 1053.396
31.59000 1000.050
31.60000 947.415
31.61000 897.191
31.62000 847.164
31.63000 801.535
31.64000 765.964
31.65000 730.786
31.66000 709.367
31.67000 659.693
31.68000 623.983
31.69000 599.012
31.70000 584.811
31.71000 570.675
31.72000 562.442
31.73000 558.063
31.74000 553.799
31.75000 533.588
31.76000 507.645
31.77000 483.186
31.78000 476.958
31.79000 476.141
31.80000 474.270
31.81000 464.901
31.82000 454.062
31.83000 445.005
31.84000 440.468
31.85000 437.161
31.86000 432.659
31.87000 424.547
31.88000 416.189
31.89000 412.551
31.90000 418.550
31.91000 424.834
31.92000 428.471
31.93000 431.606
31.94000 433.798
31.95000 431.950
31.96000 426.545
31.97000 421.163
31.98000 417.093
31.99000 413.785
32.00000 410.590
32.01000 409.015
32.02000 408.130
32.03000 407.345
32.04000 407.606
32.05000 408.142
32.06000 408.304
32.07000 406.143
32.08000 403.582
32.09000 401.493
32.10000 394.968
32.11000 389.251
32.12000 387.624
32.13000 397.011
32.14000 407.007
32.15000 410.396
32.16000 401.749
32.17000 392.848
32.18000 387.974
32.19000 396.073
32.20000 401.637
32.21000 400.841
32.22000 395.105
32.23000 389.586
32.24000 392.660
32.25000 400.185
32.26000 407.381
32.27000 402.724
32.28000 394.521
32.29000 387.009
32.30000 385.579
32.31000 385.574
32.32000 385.240
32.33000 383.112
32.34000 380.714
32.35000 378.807
32.36000 382.496
32.37000 385.868
32.38000 387.837
32.39000 386.433
32.40000 384.881
32.41000 385.593
32.42000 389.978
32.43000 394.414
32.44000 396.700
32.45000 393.556
32.46000 391.439
32.47000 389.443
32.48000 387.531
32.49000 385.694
32.50000 386.059
32.51000 387.442
32.52000 388.750
32.53000 386.086
32.54000 382.495
32.55000 379.533
32.56000 381.341
32.57000 384.137
32.58000 385.357
32.59000 379.031
32.60000 371.719
32.61000 366.065
32.62000 373.365
32.63000 379.919
32.64000 384.813
32.65000 386.142
32.66000 387.351
32.67000 386.032
32.68000 381.069
32.69000 376.078
32.70000 371.881
32.71000 368.426
32.72000 365.059
32.73000 367.876
32.74000 374.475
32.75000 380.750
32.76000 379.743
32.77000 375.729
32.78000 371.979
32.79000 368.849
32.80000 366.167
32.81000 363.384
32.82000 359.941
32.83000 356.378
32.84000 353.984
32.85000 356.543
32.86000 359.657
32.87000 361.994
32.88000 367.876
32.89000 372.639
32.90000 377.201
32.91000 381.375
32.92000 385.540
32.93000 387.338
32.94000 386.114
32.95000 384.881
32.96000 388.833
32.97000 397.012
32.98000 404.936
32.99000 400.970
33.00000 390.523
33.01000 380.740
33.02000 382.763
33.03000 389.139
33.04000 395.016
33.05000 395.892
33.06000 395.569
33.07000 394.723
33.08000 390.860
33.09000 386.515
33.10000 384.177
33.11000 389.388
33.12000 395.321
33.13000 399.630
33.14000 383.393
33.15000 370.136
33.16000 362.076
33.17000 362.896
33.18000 363.866
33.19000 360.389
33.20000 351.902
33.21000 343.441
33.22000 339.192
33.23000 338.011
33.24000 336.876
33.25000 337.243
33.26000 338.341
33.27000 340.069
33.28000 350.951
33.29000 364.845
33.30000 377.461
33.31000 366.184
33.32000 351.602
33.33000 340.227
33.34000 345.094
33.35000 352.221
33.36000 357.670
33.37000 357.503
33.38000 356.884
33.39000 356.450
33.40000 357.795
33.41000 358.863
33.42000 357.918
33.43000 353.909
33.44000 349.869
33.45000 346.553
33.46000 343.952
33.47000 341.369
33.48000 341.472
33.49000 343.278
33.50000 345.161
33.51000 348.978
33.52000 353.635
33.53000 357.865
33.54000 356.953
33.55000 354.535
33.56000 352.375
33.57000 352.339
33.58000 352.666
33.59000 352.201
33.60000 348.194
33.61000 343.761
33.62000 341.621
33.63000 346.317
33.64000 351.469
33.65000 354.944
33.66000 360.028
33.67000 363.845
33.68000 366.434
33.69000 367.368
33.70000 368.290
33.71000 366.271
33.72000 361.699
33.73000 357.179
33.74000 353.524
33.75000 350.439
33.76000 347.547
33.77000 348.456
33.78000 350.838
33.79000 352.481
33.80000 346.618
33.81000 338.797
33.82000 331.936
33.83000 335.225
33.84000 339.530
33.85000 343.594
33.86000 346.704
33.87000 349.717
33.88000 350.228
33.89000 344.085
33.90000 337.581
33.91000 333.371
33.92000 337.301
33.93000 340.296
33.94000 343.885
33.95000 348.182
33.96000 352.457
33.97000 351.314
33.98000 346.018
33.99000 340.812
34.00000 344.152
34.01000 351.608
34.02000 358.515
34.03000 356.711
34.04000 351.893
34.05000 348.041
34.06000 352.573
34.07000 359.044
34.08000 364.611
34.09000 363.140
34.10000 361.012
34.11000 360.608
34.12000 366.278
34.13000 372.478
34.14000 375.570
34.15000 371.276
34.16000 366.667
34.17000 363.815
34.18000 361.626
34.19000 360.059
34.20000 359.424
34.21000 359.764
34.22000 360.112
34.23000 361.231
34.24000 362.875
34.25000 364.480
34.26000 365.957
34.27000 367.315
34.28000 368.519
34.29000 367.715
34.30000 366.291
34.31000 364.875
34.32000 363.512
34.33000 362.161
34.34000 361.022
34.35000 355.510
34.36000 350.442
34.37000 348.580
34.38000 356.778
34.39000 365.707
34.40000 369.392
34.41000 361.951
34.42000 354.146
34.43000 349.548
34.44000 373.289
34.45000 390.186
34.46000 392.725
34.47000 382.064
34.48000 371.415
34.49000 361.610
34.50000 352.315
34.51000 343.313
34.52000 340.609
34.53000 340.481
34.54000 340.924
34.55000 347.622
34.56000 356.039
34.57000 363.108
34.58000 361.424
34.59000 358.164
34.60000 355.482
34.61000 351.592
34.62000 348.285
34.63000 345.899
34.64000 346.092
34.65000 346.438
34.66000 346.515
34.67000 346.085
34.68000 345.642
34.69000 345.395
34.70000 348.249
34.71000 350.227
34.72000 350.496
34.73000 349.380
34.74000 348.294
34.75000 348.552
34.76000 349.534
34.77000 350.477
34.78000 346.813
34.79000 341.820
34.80000 337.642
34.81000 341.040
34.82000 346.287
34.83000 350.420
34.84000 348.229
34.85000 345.041
34.86000 342.483
34.87000 337.719
34.88000 333.692
34.89000 330.496
34.90000 329.379
34.91000 328.360
34.92000 329.318
34.93000 333.608
34.94000 337.953
34.95000 340.241
34.96000 326.416
34.97000 317.086
34.98000 316.206
34.99000 321.383
35.00000 326.548
35.01000 331.363
35.02000 336.010
35.03000 340.422
35.04000 341.192
35.05000 340.812
35.06000 340.159
35.07000 337.331
35.08000 334.034
35.09000 330.541
35.10000 326.069
35.11000 321.464
35.12000 317.868
35.13000 325.054
35.14000 331.465
35.15000 335.488
35.16000 334.182
35.17000 332.678
35.18000 330.577
35.19000 327.576
35.20000 324.566
35.21000 323.789
35.22000 325.187
35.23000 326.535
35.24000 323.771
35.25000 318.388
35.26000 313.213
35.27000 313.099
35.28000 315.154
35.29000 317.084
35.30000 320.036
35.31000 322.996
35.32000 325.131
35.33000 321.571
35.34000 316.925
35.35000 312.896
35.36000 311.590
35.37000 310.606
35.38000 309.861
35.39000 315.419
35.40000 320.107
35.41000 322.268
35.42000 319.395
35.43000 316.382
35.44000 314.118
35.45000 312.850
35.46000 311.588
35.47000 313.804
35.48000 318.987
35.49000 324.016
35.50000 320.968
35.51000 313.341
35.52000 306.045
35.53000 305.100
35.54000 306.587
35.55000 307.964
35.56000 309.398
35.57000 310.701
35.58000 311.623
35.59000 310.248
35.60000 308.489
35.61000 308.533
35.62000 315.633
35.63000 323.447
35.64000 329.187
35.65000 309.404
35.66000 293.069
35.67000 285.868
35.68000 294.896
35.69000 304.238
35.70000 311.414
35.71000 316.042
35.72000 320.653
35.73000 316.341
35.74000 305.351
35.75000 294.643
35.76000 294.360
35.77000 299.346
35.78000 304.175
35.79000 306.571
35.80000 308.137
35.81000 309.565
35.82000 306.125
35.83000 302.086
35.84000 299.364
35.85000 303.604
35.86000 308.861
35.87000 313.267
35.88000 314.713
35.89000 315.906
35.90000 316.753
35.91000 312.745
35.92000 309.541
35.93000 307.060
35.94000 305.720
35.95000 304.395
35.96000 303.862
35.97000 304.148
35.98000 304.432
35.99000 305.437
36.00000 306.906
36.01000 308.324
36.02000 308.347
36.03000 307.741
36.04000 307.392
36.05000 310.328
36.06000 314.265
36.07000 317.803
36.08000 311.586
36.09000 304.424
36.10000 298.822
36.11000 300.492
36.12000 303.083
36.13000 305.006
36.14000 304.865
36.15000 304.576
36.16000 304.379
36.17000 309.316
36.18000 313.133
36.19000 315.155
36.20000 314.656
36.21000 314.138
36.22000 311.493
36.23000 306.918
36.24000 302.387
36.25000 303.965
36.26000 309.078
36.27000 313.756
36.28000 309.172
36.29000 300.858
36.30000 293.044
36.31000 290.608
36.32000 289.632
36.33000 288.769
36.34000 292.452
36.35000 296.326
36.36000 299.278
36.37000 298.421
36.38000 297.151
36.39000 298.201
36.40000 305.666
36.41000 313.504
36.42000 318.652
36.43000 310.687
36.44000 304.605
36.45000 301.549
36.46000 302.256
36.47000 302.965
36.48000 300.911
36.49000 296.647
36.50000 292.447
36.51000 295.823
36.52000 303.006
36.53000 309.687
36.54000 307.822
36.55000 302.883
36.56000 298.579
36.57000 300.065
36.58000 302.946
36.59000 305.441
36.60000 301.606
36.61000 297.506
36.62000 294.638
36.63000 296.280
36.64000 298.339
36.65000 302.526
36.66000 311.966
36.67000 321.649
36.68000 327.736
36.69000 315.736
36.70000 306.856
36.71000 301.739
36.72000 300.743
36.73000 299.779
36.74000 302.985
36.75000 309.142
36.76000 315.167
36.77000 314.487
36.78000 310.777
36.79000 307.122
36.80000 304.212
36.81000 301.542
36.82000 299.074
36.83000 298.188
36.84000 297.641
36.85000 297.176
36.86000 295.683
36.87000 294.314
36.88000 293.001
36.89000 291.865
36.90000 290.743
36.91000 289.871
36.92000 289.546
36.93000 289.241
36.94000 289.059
36.95000 297.272
36.96000 303.160
36.97000 305.552
36.98000 304.585
36.99000 303.625
37.00000 303.250
37.01000 303.242
37.02000 303.234
37.03000 305.858
37.04000 309.408
37.05000 312.400
37.06000 308.902
37.07000 303.549
37.08000 299.616
37.09000 305.346
37.10000 312.893
37.11000 319.152
37.12000 313.412
37.13000 307.515
37.14000 302.534
37.15000 300.218
37.16000 298.072
37.17000 296.562
37.18000 296.306
37.19000 296.082
37.20000 295.955
37.21000 295.895
37.22000 295.848
37.23000 293.422
37.24000 288.985
37.25000 284.561
37.26000 280.807
37.27000 277.427
37.28000 274.174
37.29000 275.781
37.30000 279.016
37.31000 282.277
37.32000 285.792
37.33000 289.372
37.34000 292.770
37.35000 295.087
37.36000 297.226
37.37000 298.958
37.38000 301.990
37.39000 304.564
37.40000 306.795
37.41000 308.139
37.42000 309.436
37.43000 307.502
37.44000 299.898
37.45000 292.189
37.46000 288.046
37.47000 298.728
37.48000 306.008
37.49000 307.450
37.50000 304.530
37.51000 301.525
37.52000 295.443
37.53000 287.827
37.54000 280.567
37.55000 279.700
37.56000 280.897
37.57000 281.806
37.58000 280.290
37.59000 278.227
37.60000 277.906
37.61000 286.661
37.62000 296.722
37.63000 304.653
37.64000 303.731
37.65000 302.397
37.66000 300.063
37.67000 295.413
37.68000 290.669
37.69000 287.199
37.70000 285.721
37.71000 284.266
37.72000 283.532
37.73000 287.066
37.74000 289.471
37.75000 295.915
37.76000 305.033
37.77000 313.560
37.78000 306.287
37.79000 291.974
37.80000 278.486
37.81000 278.360
37.82000 281.928
37.83000 285.126
37.84000 285.639
37.85000 285.619
37.86000 286.013
37.87000 288.312
37.88000 290.848
37.89000 292.791
37.90000 299.942
37.91000 305.876
37.92000 307.347
37.93000 299.580
37.94000 291.530
37.95000 288.037
37.96000 290.864
37.97000 293.731
37.98000 296.644
37.99000 299.596
38.00000 302.474
38.01000 300.841
38.02000 296.550
38.03000 292.675
38.04000 297.441
38.05000 305.645
38.06000 313.279
38.07000 310.241
38.08000 304.912
38.09000 300.282
38.10000 300.057
38.11000 300.602
38.12000 301.659
38.13000 304.798
38.14000 308.159
38.15000 310.655
38.16000 309.511
38.17000 308.462
38.18000 306.808
38.19000 304.040
38.20000 301.247
38.21000 299.094
38.22000 297.728
38.23000 296.366
38.24000 295.994
38.25000 296.401
38.26000 296.832
38.27000 298.278
38.28000 300.258
38.29000 302.385
38.30000 306.976
38.31000 312.442
38.32000 317.457
38.33000 315.470
38.34000 312.215
38.35000 309.732
38.36000 311.516
38.37000 313.953
38.38000 318.071
38.39000 328.274
38.40000 339.028
38.41000 346.751
38.42000 367.207
38.43000 383.296
38.44000 397.456
38.45000 408.442
38.46000 419.381
38.47000 430.339
38.48000 441.319
38.49000 452.249
38.50000 471.189
38.51000 495.461
38.52000 519.777
38.53000 545.415
38.54000 571.673
38.55000 598.205
38.56000 628.474
38.57000 659.927
38.58000 688.342
38.59000 727.434
38.60000 763.784
38.61000 800.947
38.62000 842.064
38.63000 883.707
38.64000 920.711
38.65000 942.766
38.66000 963.688
38.67000 978.180
38.68000 1010.979
38.69000 1036.142
38.70000 1063.034
38.71000 1092.452
38.72000 1121.889
38.73000 1138.825
38.74000 1143.917
38.75000 1148.967
38.76000 1145.682
38.77000 1137.379
38.78000 1129.401
38.79000 1128.968
38.80000 1131.692
38.81000 1131.666
38.82000 1100.338
38.83000 1060.172
38.84000 1024.498
38.85000 970.098
38.86000 919.918
38.87000 874.000
38.88000 846.397
38.89000 820.891
38.90000 791.918
38.91000 752.982
38.92000 713.424
38.93000 687.079
38.94000 644.429
38.95000 612.553
38.96000 579.854
38.97000 546.089
38.98000 512.328
38.99000 482.616
39.00000 456.280
39.01000 430.289
39.02000 411.776
39.03000 397.781
39.04000 383.792
39.05000 369.896
39.06000 356.035
39.07000 342.993
39.08000 337.855
39.09000 334.700
39.10000 331.948
39.11000 324.798
39.12000 318.073
39.13000 312.564
39.14000 311.690
39.15000 311.269
39.16000 310.292
39.17000 307.887
39.18000 305.411
39.19000 303.831
39.20000 301.241
39.21000 299.344
39.22000 297.359
39.23000 295.273
39.24000 293.200
39.25000 293.512
39.26000 295.581
39.27000 297.611
39.28000 297.216
39.29000 295.685
39.30000 294.199
39.31000 293.395
39.32000 292.818
39.33000 291.955
39.34000 288.737
39.35000 284.995
39.36000 281.798
39.37000 283.274
39.38000 285.075
39.39000 286.624
39.40000 287.317
39.41000 287.940
39.42000 285.777
39.43000 277.234
39.44000 268.440
39.45000 263.082
39.46000 272.711
39.47000 279.712
39.48000 283.244
39.49000 283.290
39.50000 283.352
39.51000 284.804
39.52000 287.165
39.53000 289.465
39.54000 290.604
39.55000 291.203
39.56000 291.261
39.57000 284.652
39.58000 276.060
39.59000 268.814
39.60000 271.171
39.61000 275.413
39.62000 278.959
39.63000 269.965
39.64000 261.222
39.65000 255.790
39.66000 260.371
39.67000 265.636
39.68000 271.073
39.69000 276.866
39.70000 282.670
39.71000 286.032
39.72000 278.158
39.73000 272.592
39.74000 269.736
39.75000 269.271
39.76000 268.805
39.77000 268.289
39.78000 267.744
39.79000 267.218
39.80000 267.299
39.81000 267.599
39.82000 267.813
39.83000 267.135
39.84000 266.221
39.85000 265.704
39.86000 267.660
39.87000 270.043
39.88000 271.988
39.89000 266.260
39.90000 260.915
39.91000 258.894
39.92000 265.845
39.93000 273.294
39.94000 277.000
39.95000 273.877
39.96000 270.609
39.97000 268.817
39.98000 260.893
39.99000 255.465
40.00000 258.196
40.01000 267.279
40.02000 276.183
40.03000 278.001
40.04000 276.143
40.05000 274.366
40.06000 266.414
40.07000 256.993
40.08000 248.691
40.09000 250.273
40.10000 254.175
40.11000 257.820
40.12000 260.066
40.13000 262.101
40.14000 263.720
40.15000 258.400
40.16000 253.614
40.17000 251.012
40.18000 253.669
40.19000 256.559
40.20000 259.521
40.21000 262.601
40.22000 265.683
40.23000 267.273
40.24000 266.609
40.25000 266.141
40.26000 263.253
40.27000 258.697
40.28000 254.286
40.29000 254.125
40.30000 255.932
40.31000 257.641
40.32000 256.897
40.33000 255.506
40.34000 254.343
40.35000 254.918
40.36000 255.853
40.37000 257.033
40.38000 259.390
40.39000 261.900
40.40000 263.842
40.41000 255.785
40.42000 248.800
40.43000 246.313
40.44000 253.499
40.45000 261.012
40.46000 264.414
40.47000 261.880
40.48000 259.298
40.49000 257.840
40.50000 257.430
40.51000 257.049
40.52000 258.630
40.53000 261.413
40.54000 263.927
40.55000 260.394
40.56000 254.360
40.57000 248.721
40.58000 249.567
40.59000 251.976
40.60000 254.057
40.61000 253.975
40.62000 253.499
40.63000 253.177
40.64000 253.513
40.65000 253.923
40.66000 254.231
40.67000 251.506
40.68000 249.232
40.69000 247.709
40.70000 247.627
40.71000 247.581
40.72000 250.280
40.73000 256.490
40.74000 262.706
40.75000 264.220
40.76000 261.875
40.77000 259.544
40.78000 257.888
40.79000 256.600
40.80000 255.427
40.81000 256.307
40.82000 257.944
40.83000 259.454
40.84000 257.706
40.85000 255.418
40.86000 252.812
40.87000 248.372
40.88000 243.638
40.89000 241.866
40.90000 251.243
40.91000 261.689
40.92000 269.280
40.93000 257.785
40.94000 248.224
40.95000 242.784
40.96000 244.400
40.97000 246.136
40.98000 246.276
40.99000 244.615
41.00000 242.958
41.01000 242.063
41.02000 241.725
41.03000 241.485
41.04000 244.497
41.05000 249.094
41.06000 253.623
41.07000 257.158
41.08000 260.366
41.09000 263.279
41.10000 255.566
41.11000 246.693
41.12000 239.306
41.13000 239.461
41.14000 240.668
41.15000 242.436
41.16000 246.077
41.17000 249.871
41.18000 252.531
41.19000 250.693
41.20000 249.172
41.21000 249.286
41.22000 251.892
41.23000 254.525
41.24000 253.806
41.25000 249.769
41.26000 245.759
41.27000 243.837
41.28000 243.272
41.29000 242.701
41.30000 242.004
41.31000 241.252
41.32000 240.540
41.33000 240.312
41.34000 240.225
41.35000 240.148
41.36000 242.281
41.37000 244.513
41.38000 245.905
41.39000 243.536
41.40000 240.714
41.41000 238.142
41.42000 236.317
41.43000 234.542
41.44000 233.344
41.45000 233.796
41.46000 234.167
41.47000 235.385
41.48000 237.749
41.49000 240.121
41.50000 243.970
41.51000 249.104
41.52000 254.181
41.53000 256.618
41.54000 257.517
41.55000 258.221
41.56000 255.073
41.57000 250.429
41.58000 246.017
41.59000 243.965
41.60000 242.530
41.61000 241.271
41.62000 247.292
41.63000 253.527
41.64000 258.309
41.65000 257.318
41.66000 255.730
41.67000 253.280
41.68000 248.530
41.69000 243.656
41.70000 240.498
41.71000 241.204
41.72000 241.777
41.73000 245.026
41.74000 251.469
41.75000 257.893
41.76000 258.349
41.77000 254.220
41.78000 250.161
41.79000 244.218
41.80000 237.539
41.81000 231.319
41.82000 232.418
41.83000 236.054
41.84000 239.335
41.85000 239.524
41.86000 238.998
41.87000 238.545
41.88000 243.734
41.89000 248.839
41.90000 251.766
41.91000 247.015
41.92000 241.594
41.93000 237.274
41.94000 235.577
41.95000 233.993
41.96000 233.012
41.97000 236.603
41.98000 239.229
41.99000 238.552
42.00000 234.404
42.01000 230.294
42.02000 230.527
42.03000 233.717
42.04000 236.831
42.05000 237.129
42.06000 236.182
42.07000 235.578
42.08000 239.473
42.09000 244.758
42.10000 249.653
42.11000 251.620
42.12000 252.987
42.13000 254.139
42.14000 250.683
42.15000 247.303
42.16000 244.080
42.17000 241.346
42.18000 238.647
42.19000 236.619
42.20000 236.015
42.21000 235.457
42.22000 235.128
42.23000 236.365
42.24000 237.247
42.25000 240.598
42.26000 246.226
42.27000 251.738
42.28000 249.585
42.29000 242.792
42.30000 236.212
42.31000 240.534
42.32000 248.836
42.33000 256.367
42.34000 255.432
42.35000 252.167
42.36000 249.750
42.37000 252.851
42.38000 256.946
42.39000 260.317
42.40000 257.185
42.41000 254.016
42.42000 249.304
42.43000 240.261
42.44000 230.960
42.45000 226.022
42.46000 229.360
42.47000 232.896
42.48000 234.872
42.49000 233.617
42.50000 232.751
42.51000 236.106
42.52000 242.886
42.53000 249.513
42.54000 249.282
42.55000 245.354
42.56000 241.583
42.57000 239.869
42.58000 238.968
42.59000 238.132
42.60000 237.907
42.61000 237.833
42.62000 237.809
42.63000 238.074
42.64000 238.385
42.65000 238.634
42.66000 234.477
42.67000 230.774
42.68000 227.548
42.69000 225.519
42.70000 223.547
42.71000 220.881
42.72000 217.044
42.73000 213.188
42.74000 211.155
42.75000 224.215
42.76000 233.059
42.77000 238.094
42.78000 240.394
42.79000 242.552
42.80000 240.139
42.81000 235.528
42.82000 231.148
42.83000 230.956
42.84000 232.037
42.85000 233.346
42.86000 236.481
42.87000 240.010
42.88000 242.192
42.89000 237.628
42.90000 232.137
42.91000 227.848
42.92000 231.454
42.93000 234.830
42.94000 236.670
42.95000 235.076
42.96000 233.354
42.97000 232.692
42.98000 233.625
42.99000 234.573
43.00000 235.505
43.01000 236.420
43.02000 237.318
43.03000 236.726
43.04000 235.186
43.05000 233.776
43.06000 235.560
43.07000 238.716
43.08000 241.678
43.09000 240.709
43.10000 238.787
43.11000 236.696
43.12000 233.436
43.13000 229.953
43.14000 225.826
43.15000 218.846
43.16000 211.529
43.17000 205.978
43.18000 216.480
43.19000 225.555
43.20000 232.290
43.21000 234.355
43.22000 236.291
43.23000 236.901
43.24000 235.742
43.25000 234.575
43.26000 233.426
43.27000 232.296
43.28000 231.149
43.29000 229.108
43.30000 226.560
43.31000 224.213
43.32000 225.744
43.33000 228.763
43.34000 231.559
43.35000 232.457
43.36000 232.825
43.37000 232.956
43.38000 231.658
43.39000 230.122
43.40000 228.924
43.41000 229.057
43.42000 229.325
43.43000 229.522
43.44000 222.700
43.45000 217.137
43.46000 212.433
43.47000 209.260
43.48000 206.116
43.49000 205.385
43.50000 207.498
43.51000 209.610
43.52000 212.293
43.53000 215.387
43.54000 218.384
43.55000 217.747
43.56000 215.270
43.57000 212.954
43.58000 213.136
43.59000 214.175
43.60000 215.124
43.61000 217.475
43.62000 219.846
43.63000 221.551
43.64000 219.726
43.65000 217.384
43.66000 216.246
43.67000 219.301
43.68000 222.716
43.69000 225.141
43.70000 228.706
43.71000 231.455
43.72000 230.704
43.73000 224.404
43.74000 218.035
43.75000 217.365
43.76000 222.600
43.77000 227.805
43.78000 228.203
43.79000 225.406
43.80000 222.738
43.81000 223.618
43.82000 226.102
43.83000 228.386
43.84000 228.102
43.85000 227.035
43.86000 226.076
43.87000 225.016
43.88000 224.070
43.89000 222.708
43.90000 219.405
43.91000 215.857
43.92000 213.599
43.93000 215.347
43.94000 217.382
43.95000 218.774
43.96000 222.153
43.97000 224.730
43.98000 226.859
43.99000 228.356
44.00000 229.848
44.01000 229.399
44.02000 227.189
44.03000 225.000
44.04000 227.237
44.05000 232.017
44.06000 236.480
44.07000 234.170
44.08000 229.128
44.09000 224.414
44.10000 223.248
44.11000 223.045
44.12000 222.866
44.13000 217.364
44.14000 211.797
44.15000 208.020
44.16000 211.643
44.17000 216.070
44.18000 219.237
44.19000 218.910
44.20000 218.380
44.21000 218.031
44.22000 221.267
44.23000 223.710
44.24000 225.900
44.25000 227.777
44.26000 229.644
44.27000 228.404
44.28000 224.678
44.29000 221.007
44.30000 220.284
44.31000 221.106
44.32000 222.113
44.33000 226.278
44.34000 231.582
44.35000 236.154
44.36000 234.038
44.37000 230.308
44.38000 227.076
44.39000 227.903
44.40000 229.143
44.41000 229.846
44.42000 228.571
44.43000 227.113
44.44000 227.647
44.45000 233.109
44.46000 238.801
44.47000 242.380
44.48000 237.485
44.49000 233.849
44.50000 231.597
44.51000 230.865
44.52000 230.132
44.53000 229.161
44.54000 228.020
44.55000 226.904
44.56000 224.842
44.57000 222.431
44.58000 220.505
44.59000 225.358
44.60000 232.391
44.61000 238.651
44.62000 238.837
44.63000 237.726
44.64000 236.783
44.65000 233.515
44.66000 230.510
44.67000 230.539
44.68000 240.480
44.69000 251.191
44.70000 256.166
44.71000 248.475
44.72000 240.328
44.73000 235.442
44.74000 241.872
44.75000 246.515
44.76000 249.627
44.77000 251.264
44.78000 252.862
44.79000 251.335
44.80000 247.839
44.81000 244.444
44.82000 247.528
44.83000 253.069
44.84000 258.071
44.85000 256.792
44.86000 253.714
44.87000 252.059
44.88000 260.099
44.89000 269.965
44.90000 278.151
44.91000 280.230
44.92000 281.359
44.93000 282.971
44.94000 285.986
44.95000 289.092
44.96000 292.730
44.97000 297.417
44.98000 302.133
44.99000 304.817
45.00000 299.819
45.01000 296.323
45.02000 300.475
45.03000 311.101
45.04000 321.513
45.05000 321.009
45.06000 314.385
45.07000 308.008
45.08000 312.445
45.09000 320.459
45.10000 327.515
45.11000 325.165
45.12000 320.420
45.13000 315.701
45.14000 311.141
45.15000 306.607
45.16000 302.936
45.17000 301.409
45.18000 300.340
45.19000 298.452
45.20000 294.433
45.21000 290.304
45.22000 288.819
45.23000 291.984
45.24000 295.236
45.25000 296.986
45.26000 295.165
45.27000 293.906
45.28000 290.592
45.29000 285.739
45.30000 280.913
45.31000 277.055
45.32000 273.680
45.33000 270.464
45.34000 265.849
45.35000 261.130
45.36000 256.848
45.37000 256.236
45.38000 256.451
45.39000 256.711
45.40000 257.199
45.41000 257.719
45.42000 258.130
45.43000 251.539
45.44000 245.780
45.45000 241.641
45.46000 241.263
45.47000 241.037
45.48000 241.067
45.49000 241.498
45.50000 241.934
45.51000 242.154
45.52000 242.263
45.53000 242.309
45.54000 239.691
45.55000 235.304
45.56000 230.861
45.57000 224.929
45.58000 218.333
45.59000 212.115
45.60000 213.018
45.61000 215.811
45.62000 218.452
45.63000 219.995
45.64000 221.318
45.65000 221.609
45.66000 217.143
45.67000 212.084
45.68000 208.207
45.69000 220.850
45.70000 231.746
45.71000 236.977
45.72000 230.459
45.73000 223.580
45.74000 217.215
45.75000 211.566
45.76000 205.923
45.77000 202.097
45.78000 199.900
45.79000 197.745
45.80000 198.181
45.81000 200.146
45.82000 202.107
45.83000 203.977
45.84000 205.811
45.85000 207.518
45.86000 208.470
45.87000 209.146
45.88000 209.531
45.89000 208.076
45.90000 206.300
45.91000 205.309
45.92000 207.523
45.93000 210.080
45.94000 211.980
45.95000 203.876
45.96000 197.133
45.97000 193.999
45.98000 197.547
45.99000 201.242
46.00000 202.797
46.01000 201.722
46.02000 200.641
46.03000 205.558
46.04000 215.167
46.05000 224.541
46.06000 224.138
46.07000 218.592
46.08000 213.166
46.09000 209.754
46.10000 207.059
46.11000 204.585
46.12000 205.903
46.13000 207.882
46.14000 209.758
46.15000 211.059
46.16000 212.271
46.17000 213.255
46.18000 213.411
46.19000 213.491
46.20000 213.549
46.21000 215.258
46.22000 216.623
46.23000 215.625
46.24000 210.730
46.25000 205.778
46.26000 202.067
46.27000 199.702
46.28000 197.347
46.29000 199.128
46.30000 203.753
46.31000 208.318
46.32000 211.083
46.33000 213.003
46.34000 214.595
46.35000 211.707
46.36000 207.396
46.37000 203.500
46.38000 200.492
46.39000 198.010
46.40000 195.714
46.41000 194.323
46.42000 193.052
46.43000 193.107
46.44000 197.437
46.45000 202.092
46.46000 205.318
46.47000 213.178
46.48000 219.217
46.49000 221.647
46.50000 218.788
46.51000 215.883
46.52000 212.555
46.53000 208.826
46.54000 205.128
46.55000 203.071
46.56000 202.052
46.57000 201.128
46.58000 202.386
46.59000 204.560
46.60000 206.430
46.61000 204.833
46.62000 202.257
46.63000 199.968
46.64000 201.572
46.65000 203.590
46.66000 204.886
46.67000 203.070
46.68000 200.898
46.69000 199.631
46.70000 200.974
46.71000 202.479
46.72000 203.482
46.73000 198.504
46.74000 194.705
46.75000 192.977
46.76000 193.939
46.77000 194.912
46.78000 195.479
46.79000 195.707
46.80000 195.933
46.81000 197.445
46.82000 199.611
46.83000 201.814
46.84000 204.709
46.85000 207.862
46.86000 210.058
46.87000 202.997
46.88000 193.610
46.89000 185.424
46.90000 192.620
46.91000 200.916
46.92000 207.481
46.93000 207.436
46.94000 206.743
46.95000 204.342
46.96000 197.551
46.97000 190.538
46.98000 186.060
46.99000 193.083
47.00000 198.342
47.01000 200.652
47.02000 199.580
47.03000 198.516
47.04000 199.641
47.05000 202.384
47.06000 205.075
47.07000 202.292
47.08000 197.006
47.09000 191.951
47.10000 190.351
47.11000 189.906
47.12000 189.436
47.13000 188.757
47.14000 188.031
47.15000 187.412
47.16000 191.421
47.17000 195.354
47.18000 198.288
47.19000 197.826
47.20000 197.084
47.21000 195.973
47.22000 194.012
47.23000 192.019
47.24000 190.803
47.25000 188.651
47.26000 187.105
47.27000 186.665
47.28000 187.339
47.29000 188.000
47.30000 187.442
47.31000 186.086
47.32000 184.765
47.33000 185.256
47.34000 186.485
47.35000 187.625
47.36000 187.657
47.37000 187.360
47.38000 187.409
47.39000 189.938
47.40000 192.954
47.41000 195.476
47.42000 196.831
47.43000 197.838
47.44000 198.936
47.45000 200.309
47.46000 201.701
47.47000 201.280
47.48000 197.142
47.49000 192.894
47.50000 190.431
47.51000 189.537
47.52000 188.919
47.53000 190.216
47.54000 193.206
47.55000 196.148
47.56000 196.313
47.57000 194.860
47.58000 193.456
47.59000 191.701
47.60000 189.917
47.61000 188.482
47.62000 190.671
47.63000 193.820
47.64000 196.562
47.65000 196.769
47.66000 196.537
47.67000 196.348
47.68000 195.826
47.69000 195.371
47.70000 195.062
47.71000 195.151
47.72000 195.262
47.73000 192.815
47.74000 185.695
47.75000 178.475
47.76000 174.513
47.77000 186.531
47.78000 194.806
47.79000 197.891
47.80000 196.931
47.81000 195.977
47.82000 195.228
47.83000 194.587
47.84000 193.973
47.85000 196.932
47.86000 200.857
47.87000 204.115
47.88000 201.462
47.89000 197.420
47.90000 193.959
47.91000 193.668
47.92000 193.857
47.93000 194.007
47.94000 193.437
47.95000 192.925
47.96000 191.863
47.97000 189.473
47.98000 187.024
47.99000 185.640
48.00000 185.990
48.01000 186.364
48.02000 186.558
48.03000 189.125
48.04000 190.836
48.05000 190.150
48.06000 187.810
48.07000 185.585
48.08000 186.787
48.09000 189.579
48.10000 192.220
48.11000 188.422
48.12000 183.073
48.13000 178.666
48.14000 181.435
48.15000 185.696
48.16000 189.679
48.17000 192.322
48.18000 194.789
48.19000 196.699
48.20000 187.231
48.21000 179.042
48.22000 176.187
48.23000 184.829
48.24000 193.861
48.25000 197.952
48.26000 194.895
48.27000 191.780
48.28000 190.518
48.29000 190.990
48.30000 191.433
48.31000 189.753
48.32000 186.770
48.33000 183.828
48.34000 181.838
48.35000 180.240
48.36000 178.747
48.37000 179.819
48.38000 181.442
48.39000 182.539
48.40000 180.161
48.41000 177.146
48.42000 175.770
48.43000 181.360
48.44000 187.736
48.45000 192.524
48.46000 186.644
48.47000 181.537
48.48000 177.017
48.49000 173.624
48.50000 170.259
48.51000 168.959
48.52000 170.305
48.53000 171.659
48.54000 175.589
48.55000 181.621
48.56000 187.523
48.57000 187.303
48.58000 183.734
48.59000 180.470
48.60000 182.662
48.61000 186.872
48.62000 190.754
48.63000 189.810
48.64000 187.893
48.65000 185.878
48.66000 183.304
48.67000 180.641
48.68000 178.761
48.69000 179.837
48.70000 181.197
48.71000 182.186
48.72000 175.311
48.73000 169.724
48.74000 168.785
48.75000 175.816
48.76000 182.984
48.77000 188.059
48.78000 190.766
48.79000 193.461
48.80000 190.284
48.81000 182.890
48.82000 175.738
48.83000 176.737
48.84000 181.712
48.85000 186.423
48.86000 187.280
48.87000 186.864
48.88000 186.486
48.89000 184.621
48.90000 182.684
48.91000 181.001
48.92000 180.600
48.93000 180.379
48.94000 180.144
48.95000 179.865
48.96000 179.582
48.97000 179.383
48.98000 177.600
48.99000 176.205
49.00000 175.580
49.01000 176.131
49.02000 176.695
49.03000 176.958
49.04000 176.923
49.05000 176.888
49.06000 179.649
49.07000 184.148
49.08000 188.411
49.09000 186.694
49.10000 182.372
49.11000 178.336
49.12000 177.755
49.13000 178.190
49.14000 178.579
49.15000 180.226
49.16000 181.875
49.17000 183.872
49.18000 187.437
49.19000 191.190
49.20000 191.773
49.21000 182.874
49.22000 173.339
49.23000 166.897
49.24000 168.814
49.25000 170.421
49.26000 173.191
49.27000 177.536
49.28000 181.887
49.29000 183.705
49.30000 183.313
49.31000 182.926
49.32000 182.438
49.33000 181.903
49.34000 181.427
49.35000 182.098
49.36000 183.215
49.37000 183.871
49.38000 179.815
49.39000 174.526
49.40000 169.884
49.41000 174.478
49.42000 179.778
49.43000 183.728
49.44000 182.313
49.45000 180.342
49.46000 180.267
49.47000 185.249
49.48000 190.507
49.49000 193.915
49.50000 186.770
49.51000 181.382
49.52000 179.513
49.53000 181.855
49.54000 184.190
49.55000 182.972
49.56000 179.020
49.57000 175.135
49.58000 172.937
49.59000 171.650
49.60000 170.417
49.61000 170.044
49.62000 169.969
49.63000 169.783
49.64000 168.634
49.65000 167.260
49.66000 166.078
49.67000 171.573
49.68000 177.069
49.69000 180.789
49.70000 178.233
49.71000 175.127
49.72000 172.505
49.73000 171.033
49.74000 169.612
49.75000 168.731
49.76000 172.627
49.77000 175.474
49.78000 176.040
49.79000 174.204
49.80000 172.375
49.81000 171.364
49.82000 170.912
49.83000 170.471
49.84000 170.624
49.85000 171.032
49.86000 171.557
49.87000 173.627
49.88000 176.175
49.89000 178.408
49.90000 178.280
49.91000 177.667
49.92000 177.151
49.93000 173.367
49.94000 169.856
49.95000 167.092
49.96000 166.682
49.97000 166.444
49.98000 167.688
49.99000 172.088
50.00000 176.591
50.01000 179.249
50.02000 181.019
50.03000 182.264
50.04000 184.078
50.05000 186.415
50.06000 188.646
50.07000 183.618
50.08000 174.191
50.09000 165.059
50.10000 166.149
50.11000 171.138
50.12000 175.694
50.13000 175.479
50.14000 173.948
50.15000 172.538
50.16000 171.912
50.17000 171.427
50.18000 171.028
50.19000 168.794
50.20000 166.788
50.21000 167.671
50.22000 176.660
50.23000 186.136
50.24000 190.987
50.25000 187.052
50.26000 182.906
50.27000 180.588
50.28000 185.400
50.29000 188.736
50.30000 186.668
50.31000 180.206
50.32000 173.879
50.33000 173.616
50.34000 176.628
50.35000 179.520
50.36000 181.299
50.37000 182.583
50.38000 183.727
50.39000 183.554
50.40000 183.060
50.41000 182.015
50.42000 177.830
50.43000 173.149
50.44000 169.390
50.45000 177.120
50.46000 184.262
50.47000 190.938
50.48000 196.447
50.49000 201.900
50.50000 206.793
50.51000 210.738
50.52000 214.668
50.53000 216.741
50.54000 209.407
50.55000 204.454
50.56000 204.028
50.57000 206.860
50.58000 209.626
50.59000 210.231
50.60000 209.795
50.61000 209.380
50.62000 206.125
50.63000 202.264
50.64000 199.382
50.65000 204.344
50.66000 211.007
50.67000 216.525
50.68000 216.300
50.69000 215.285
50.70000 214.492
50.71000 217.192
50.72000 219.568
50.73000 219.785
50.74000 215.165
50.75000 210.365
50.76000 210.305
50.77000 217.381
50.78000 224.529
50.79000 226.537
50.80000 223.515
50.81000 220.507
50.82000 218.709
50.83000 217.682
50.84000 216.578
50.85000 213.552
50.86000 209.700
50.87000 206.083
50.88000 203.248
50.89000 200.870
50.90000 198.611
50.91000 197.174
50.92000 195.895
50.93000 195.039
50.94000 196.056
50.95000 197.297
50.96000 198.238
50.97000 192.239
50.98000 187.168
50.99000 183.210
51.00000 181.477
51.01000 179.805
51.02000 177.985
51.03000 175.966
51.04000 173.947
51.05000 172.607
51.06000 171.851
51.07000 171.159
51.08000 173.877
51.09000 178.533
51.10000 182.814
51.11000 179.848
51.12000 174.098
51.13000 168.770
51.14000 165.591
51.15000 163.231
51.16000 161.813
51.17000 166.088
51.18000 171.319
51.19000 175.345
51.20000 174.636
51.21000 173.446
51.22000 172.571
51.23000 169.683
51.24000 167.366
51.25000 166.271
51.26000 167.354
51.27000 168.481
51.28000 168.578
51.29000 167.460
51.30000 166.343
51.31000 166.895
51.32000 168.702
51.33000 170.476
51.34000 171.006
51.35000 170.904
51.36000 170.837
51.37000 171.293
51.38000 171.930
51.39000 172.512
51.40000 172.704
51.41000 172.795
51.42000 172.753
51.43000 172.002
51.44000 171.147
51.45000 170.196
51.46000 168.909
51.47000 167.594
51.48000 166.660
51.49000 164.700
51.50000 163.176
51.51000 162.260
51.52000 162.309
51.53000 162.370
51.54000 164.857
51.55000 169.862
51.56000 174.839
51.57000 174.756
51.58000 171.311
51.59000 167.909
51.60000 165.722
51.61000 164.083
51.62000 162.735
51.63000 165.118
51.64000 168.643
51.65000 171.812
51.66000 173.953
51.67000 175.645
51.68000 175.831
51.69000 168.973
51.70000 161.219
51.71000 156.227
51.72000 159.820
51.73000 164.029
51.74000 166.909
51.75000 166.933
51.76000 166.883
51.77000 165.932
51.78000 163.712
51.79000 161.484
51.80000 161.747
51.81000 164.278
51.82000 166.784
51.83000 165.676
51.84000 162.470
51.85000 159.532
51.86000 162.345
51.87000 167.482
51.88000 172.405
51.89000 175.016
51.90000 176.998
51.91000 178.749
51.92000 172.901
51.93000 166.685
51.94000 161.667
51.95000 161.611
51.96000 162.098
51.97000 163.242
51.98000 166.214
51.99000 169.293
52.00000 171.317
52.01000 167.490
52.02000 164.573
52.03000 163.979
52.04000 166.284
52.05000 168.589
52.06000 167.874
52.07000 164.737
52.08000 161.647
52.09000 162.030
52.10000 164.198
52.11000 166.399
52.12000 169.164
52.13000 172.132
52.14000 174.008
52.15000 165.855
52.16000 155.279
52.17000 146.113
52.18000 152.222
52.19000 159.448
52.20000 164.623
52.21000 162.253
52.22000 159.183
52.23000 157.196
52.24000 157.889
52.25000 158.707
52.26000 159.223
52.27000 159.023
52.28000 158.871
52.29000 158.098
52.30000 156.641
52.31000 155.202
52.32000 156.286
52.33000 159.161
52.34000 161.976
52.35000 161.629
52.36000 159.850
52.37000 158.356
52.38000 160.871
52.39000 164.676
52.40000 167.965
52.41000 167.194
52.42000 165.554
52.43000 164.161
52.44000 159.590
52.45000 155.394
52.46000 152.870
52.47000 155.822
52.48000 159.199
52.49000 163.086
52.50000 168.102
52.51000 173.158
52.52000 176.193
52.53000 170.735
52.54000 166.801
52.55000 163.338
52.56000 160.330
52.57000 157.368
52.58000 158.091
52.59000 161.138
52.60000 164.099
52.61000 165.804
52.62000 166.917
52.63000 167.784
52.64000 165.781
52.65000 162.955
52.66000 160.686
52.67000 162.220
52.68000 164.473
52.69000 166.342
52.70000 163.076
52.71000 159.880
52.72000 158.266
52.73000 161.274
52.74000 164.578
52.75000 164.894
52.76000 159.309
52.77000 153.565
52.78000 150.292
52.79000 155.490
52.80000 159.143
52.81000 163.388
52.82000 168.136
52.83000 172.842
52.84000 175.449
52.85000 176.877
52.86000 178.252
52.87000 175.048
52.88000 170.408
52.89000 165.915
52.90000 162.879
52.91000 160.214
52.92000 158.152
52.93000 159.682
52.94000 161.806
52.95000 163.527
52.96000 160.264
52.97000 157.201
52.98000 155.678
52.99000 158.167
53.00000 160.863
53.01000 162.153
53.02000 160.964
53.03000 159.728
53.04000 159.062
53.05000 155.400
53.06000 152.923
53.07000 156.144
53.08000 163.637
53.09000 170.839
53.10000 167.583
53.11000 159.089
53.12000 150.992
53.13000 149.531
53.14000 150.263
53.15000 151.435
53.16000 156.322
53.17000 162.049
53.18000 166.304
53.19000 162.856
53.20000 158.295
53.21000 154.697
53.22000 162.720
53.23000 169.942
53.24000 173.880
53.25000 170.178
53.26000 166.165
53.27000 163.984
53.28000 164.675
53.29000 165.400
53.30000 165.767
53.31000 166.621
53.32000 167.191
53.33000 167.597
53.34000 167.894
53.35000 168.145
53.36000 167.148
53.37000 165.593
53.38000 164.128
53.39000 163.568
53.40000 163.305
53.41000 162.678
53.42000 159.403
53.43000 155.598
53.44000 152.919
53.45000 155.432
53.46000 158.595
53.47000 161.020
53.48000 161.028
53.49000 160.901
53.50000 159.580
53.51000 155.780
53.52000 151.903
53.53000 153.191
53.54000 161.668
53.55000 170.189
53.56000 172.965
53.57000 170.586
53.58000 168.215
53.59000 166.345
53.60000 164.772
53.61000 163.200
53.62000 161.646
53.63000 160.098
53.64000 158.657
53.65000 160.988
53.66000 164.010
53.67000 166.605
53.68000 166.498
53.69000 165.916
53.70000 164.853
53.71000 161.823
53.72000 158.582
53.73000 156.173
53.74000 158.496
53.75000 160.513
53.76000 160.712
53.77000 157.545
53.78000 154.302
53.79000 153.385
53.80000 155.332
53.81000 157.283
53.82000 158.610
53.83000 159.437
53.84000 160.255
53.85000 160.629
53.86000 160.769
53.87000 161.019
53.88000 163.086
53.89000 165.802
53.90000 168.294
53.91000 165.152
53.92000 161.150
53.93000 157.061
53.94000 152.492
53.95000 147.849
53.96000 145.276
53.97000 150.217
53.98000 155.842
53.99000 159.887
54.00000 155.581
54.01000 151.994
54.02000 150.874
54.03000 153.828
54.04000 156.842
54.05000 157.846
54.06000 156.669
54.07000 155.496
54.08000 154.385
54.09000 153.330
54.10000 152.309
54.11000 152.354
54.12000 152.900
54.13000 153.263
54.14000 151.115
54.15000 148.169
54.16000 145.506
54.17000 150.442
54.18000 156.196
54.19000 160.914
54.20000 160.581
54.21000 159.573
54.22000 158.946
54.23000 159.547
54.24000 160.242
54.25000 160.725
54.26000 163.488
54.27000 165.629
54.28000 165.833
54.29000 163.191
54.30000 160.524
54.31000 156.773
54.32000 151.989
54.33000 147.245
54.34000 150.244
54.35000 157.925
54.36000 165.357
54.37000 166.961
54.38000 166.119
54.39000 165.109
54.40000 162.179
54.41000 158.706
54.42000 155.619
54.43000 157.388
54.44000 159.706
54.45000 162.062
54.46000 164.581
54.47000 167.120
54.48000 168.316
54.49000 165.644
54.50000 162.728
54.51000 160.784
54.52000 153.234
54.53000 147.535
54.54000 147.813
54.55000 155.867
54.56000 163.944
54.57000 166.605
54.58000 164.735
54.59000 162.889
54.60000 158.350
54.61000 152.478
54.62000 146.959
54.63000 147.932
54.64000 151.340
54.65000 154.644
54.66000 156.943
54.67000 158.988
54.68000 160.773
54.69000 165.963
54.70000 170.878
54.71000 173.477
54.72000 167.212
54.73000 160.078
54.74000 155.232
54.75000 156.278
54.76000 157.623
54.77000 158.482
54.78000 151.634
54.79000 146.550
54.80000 146.783
54.81000 153.126
54.82000 159.459
54.83000 162.789
54.84000 163.898
54.85000 164.986
54.86000 162.693
54.87000 158.871
54.88000 155.362
54.89000 156.533
54.90000 159.269
54.91000 161.561
54.92000 160.172
54.93000 157.962
54.94000 156.072
54.95000 153.481
54.96000 151.212
54.97000 149.825
54.98000 151.436
54.99000 153.295
55.00000 155.048
55.01000 156.558
55.02000 158.059
55.03000 158.974
55.04000 152.010
55.05000 146.966
55.06000 148.222
55.07000 155.833
55.08000 163.384
55.09000 165.236
55.10000 163.346
55.11000 161.506
55.12000 161.394
55.13000 162.016
55.14000 162.883
55.15000 166.792
55.16000 171.608
55.17000 175.704
55.18000 174.641
55.19000 172.561
55.20000 170.821
55.21000 167.052
55.22000 163.714
55.23000 160.588
55.24000 158.105
55.25000 155.666
55.26000 155.123
55.27000 158.470
55.28000 161.934
55.29000 163.944
55.30000 170.794
55.31000 175.619
55.32000 177.057
55.33000 175.495
55.34000 173.969
55.35000 174.572
55.36000 176.418
55.37000 178.201
55.38000 179.828
55.39000 181.303
55.40000 182.726
55.41000 183.596
55.42000 184.320
55.43000 184.622
55.44000 182.297
55.45000 179.517
55.46000 177.245
55.47000 180.184
55.48000 183.039
55.49000 185.603
55.50000 187.378
55.51000 189.109
55.52000 188.686
55.53000 184.321
55.54000 179.871
55.55000 177.427
55.56000 199.316
55.57000 214.379
55.58000 218.701
55.59000 214.631
55.60000 210.778
55.61000 215.661
55.62000 225.091
55.63000 234.113
55.64000 241.144
55.65000 247.039
55.66000 253.291
55.67000 262.712
55.68000 272.880
55.69000 282.835
55.70000 291.620
55.71000 300.229
55.72000 307.083
55.73000 324.128
55.74000 338.606
55.75000 352.530
55.76000 365.116
55.77000 377.643
55.78000 390.519
55.79000 403.967
55.80000 417.423
55.81000 424.378
55.82000 453.917
55.83000 473.854
55.84000 496.220
55.85000 520.265
55.86000 543.702
55.87000 549.153
55.88000 546.247
55.89000 543.497
55.90000 549.493
55.91000 557.535
55.92000 565.664
55.93000 574.466
55.94000 583.408
55.95000 590.789
55.96000 590.653
55.97000 589.529
55.98000 588.659
55.99000 585.638
56.00000 583.112
56.01000 579.505
56.02000 573.565
56.03000 567.544
56.04000 558.372
56.05000 544.630
56.06000 530.853
56.07000 516.519
56.08000 501.668
56.09000 486.951
56.10000 481.807
56.11000 482.552
56.12000 482.459
56.13000 463.368
56.14000 436.394
56.15000 411.175
56.16000 401.587
56.17000 396.852
56.18000 390.731
56.19000 375.422
56.20000 358.427
56.21000 341.825
56.22000 326.896
56.23000 312.157
56.24000 301.082
56.25000 284.161
56.26000 270.653
56.27000 261.218
56.28000 259.633
56.29000 258.245
56.30000 251.873
56.31000 239.101
56.32000 226.321
56.33000 219.808
56.34000 218.473
56.35000 217.114
56.36000 214.660
56.37000 211.606
56.38000 208.410
56.39000 202.659
56.40000 195.962
56.41000 189.784
56.42000 186.653
56.43000 184.525
56.44000 182.135
56.45000 178.221
56.46000 174.062
56.47000 170.054
56.48000 166.615
56.49000 163.231
56.50000 160.770
56.51000 165.998
56.52000 170.312
56.53000 173.302
56.54000 174.015
56.55000 174.689
56.56000 171.093
56.57000 162.658
56.58000 154.248
56.59000 152.488
56.60000 155.558
56.61000 158.628
56.62000 161.689
56.63000 164.747
56.64000 167.319
56.65000 162.796
56.66000 155.926
56.67000 149.684
56.68000 150.914
56.69000 153.455
56.70000 156.104
56.71000 159.296
56.72000 162.565
56.73000 164.315
56.74000 160.960
56.75000 157.191
56.76000 154.545
56.77000 162.162
56.78000 168.229
56.79000 166.896
56.80000 154.254
56.81000 141.492
56.82000 137.326
56.83000 141.710
56.84000 146.065
56.85000 149.361
56.86000 151.931
56.87000 154.509
56.88000 157.274
56.89000 160.121
56.90000 162.589
56.91000 160.448
56.92000 156.949
56.93000 153.821
56.94000 154.812
56.95000 156.374
56.96000 157.761
56.97000 158.361
56.98000 158.867
56.99000 158.565
57.00000 155.846
57.01000 152.964
57.02000 151.016
57.03000 147.317
57.04000 144.525
57.05000 142.975
57.06000 143.112
57.07000 143.256
57.08000 141.017
57.09000 136.697
57.10000 132.426
57.11000 135.615
57.12000 142.928
57.13000 149.968
57.14000 151.559
57.15000 151.026
57.16000 150.547
57.17000 150.615
57.18000 150.825
57.19000 151.011
57.20000 150.473
57.21000 149.905
57.22000 148.457
57.23000 143.504
57.24000 138.188
57.25000 135.224
57.26000 138.548
57.27000 142.216
57.28000 144.595
57.29000 147.893
57.30000 150.321
57.31000 151.309
57.32000 150.571
57.33000 149.830
57.34000 149.121
57.35000 148.436
57.36000 147.762
57.37000 148.431
57.38000 149.746
57.39000 150.972
57.40000 150.787
57.41000 150.112
57.42000 149.074
57.43000 144.878
57.44000 139.946
57.45000 135.700
57.46000 138.196
57.47000 141.161
57.48000 142.811
57.49000 139.803
57.50000 136.385
57.51000 133.903
57.52000 133.655
57.53000 133.504
57.54000 133.410
57.55000 139.850
57.56000 144.545
57.57000 146.330
57.58000 145.046
57.59000 143.776
57.60000 144.293
57.61000 146.031
57.62000 147.729
57.63000 149.361
57.64000 150.895
57.65000 152.325
57.66000 152.381
57.67000 152.010
57.68000 151.311
57.69000 148.143
57.70000 144.468
57.71000 141.370
57.72000 141.357
57.73000 141.680
57.74000 142.127
57.75000 142.966
57.76000 143.833
57.77000 143.910
57.78000 142.302
57.79000 140.637
57.80000 139.654
57.81000 140.000
57.82000 140.250
57.83000 139.807
57.84000 138.721
57.85000 137.660
57.86000 138.263
57.87000 139.877
57.88000 141.440
57.89000 141.103
57.90000 140.046
57.91000 139.088
57.92000 139.214
57.93000 139.639
57.94000 139.889
57.95000 138.997
57.96000 137.899
57.97000 136.995
57.98000 137.366
57.99000 137.788
58.00000 137.242
58.01000 133.978
58.02000 130.550
58.03000 131.426
58.04000 140.492
58.05000 149.757
58.06000 154.942
58.07000 145.173
58.08000 138.378
58.09000 135.125
58.10000 134.757
58.11000 134.454
58.12000 137.078
58.13000 141.287
58.14000 145.327
58.15000 143.971
58.16000 140.855
58.17000 138.037
58.18000 138.016
58.19000 138.680
58.20000 139.253
58.21000 139.301
58.22000 139.265
58.23000 139.237
58.24000 137.540
58.25000 136.036
58.26000 135.074
58.27000 135.470
58.28000 135.932
58.29000 136.014
58.30000 135.451
58.31000 134.878
58.32000 134.576
58.33000 134.442
58.34000 134.353
58.35000 134.635
58.36000 135.183
58.37000 135.660
58.38000 133.812
58.39000 130.842
58.40000 128.021
58.41000 129.754
58.42000 132.729
58.43000 135.367
58.44000 135.304
58.45000 134.654
58.46000 134.489
58.47000 136.759
58.48000 139.364
58.49000 141.401
58.50000 141.581
58.51000 141.608
58.52000 141.770
58.53000 142.237
58.54000 142.715
58.55000 141.361
58.56000 137.243
58.57000 133.096
58.58000 131.350
58.59000 131.957
58.60000 132.569
58.61000 133.601
58.62000 134.900
58.63000 136.121
58.64000 135.414
58.65000 133.875
58.66000 132.430
58.67000 135.554
58.68000 139.614
58.69000 143.357
58.70000 144.890
58.71000 146.000
58.72000 145.868
58.73000 140.231
58.74000 133.938
58.75000 129.159
58.76000 128.809
58.77000 128.762
58.78000 129.076
58.79000 130.113
58.80000 131.170
58.81000 133.548
58.82000 137.693
58.83000 141.844
58.84000 141.408
58.85000 137.028
58.86000 132.700
58.87000 131.144
58.88000 131.168
58.89000 131.289
58.90000 133.299
58.91000 136.036
58.92000 138.573
58.93000 139.318
58.94000 139.571
58.95000 139.745
58.96000 139.438
58.97000 139.051
58.98000 139.107
58.99000 140.909
59.00000 142.889
59.01000 144.345
59.02000 137.080
59.03000 131.100
59.04000 130.194
59.05000 138.349
59.06000 146.682
59.07000 147.861
59.08000 140.580
59.09000 133.302
59.10000 129.321
59.11000 127.858
59.12000 126.442
59.13000 126.780
59.14000 128.008
59.15000 129.205
59.16000 129.926
59.17000 130.483
59.18000 130.992
59.19000 132.423
59.20000 133.881
59.21000 135.321
59.22000 136.658
59.23000 137.980
59.24000 138.867
59.25000 138.229
59.26000 137.461
59.27000 136.914
59.28000 136.380
59.29000 135.974
59.30000 135.658
59.31000 135.483
59.32000 135.310
59.33000 137.121
59.34000 140.994
59.35000 144.846
59.36000 142.515
59.37000 136.098
59.38000 129.918
59.39000 130.363
59.40000 133.811
59.41000 136.974
59.42000 136.451
59.43000 134.799
59.44000 133.315
59.45000 132.885
59.46000 132.696
59.47000 132.386
59.48000 131.510
59.49000 130.563
59.50000 131.355
59.51000 137.564
59.52000 144.162
59.53000 148.681
59.54000 140.787
59.55000 134.576
59.56000 133.791
59.57000 140.669
59.58000 147.597
59.59000 146.903
59.60000 139.257
59.61000 131.684
59.62000 128.675
59.63000 128.409
59.64000 128.201
59.65000 129.253
59.66000 130.815
59.67000 132.313
59.68000 133.117
59.69000 133.731
59.70000 134.274
59.71000 136.272
59.72000 138.221
59.73000 139.890
59.74000 140.399
59.75000 140.781
59.76000 140.726
59.77000 139.456
59.78000 138.115
59.79000 137.232
59.80000 134.386
59.81000 132.257
59.82000 129.136
59.83000 124.775
59.84000 120.428
59.85000 122.230
59.86000 128.975
59.87000 135.620
59.88000 136.355
59.89000 134.003
59.90000 131.688
59.91000 129.991
59.92000 128.519
59.93000 127.499
59.94000 130.639
59.95000 134.786
59.96000 138.381
59.97000 138.294
59.98000 137.730
59.99000 137.233
60.00000 136.983
60.01000 136.756
60.02000 136.228
60.03000 134.950
60.04000 133.638
60.05000 132.812
60.06000 128.326
60.07000 125.038
60.08000 125.851
60.09000 131.183
60.10000 136.493
60.11000 138.177
60.12000 137.282
60.13000 136.406
60.14000 133.670
60.15000 130.190
60.16000 127.031
60.17000 128.374
60.18000 131.168
60.19000 133.742
60.20000 134.574
60.21000 135.033
60.22000 135.423
60.23000 131.812
60.24000 128.326
60.25000 126.413
60.26000 129.662
60.27000 133.313
60.28000 135.316
60.29000 133.667
60.30000 131.887
60.31000 130.817
60.32000 132.665
60.33000 133.999
60.34000 134.267
60.35000 133.507
60.36000 132.753
60.37000 132.562
60.38000 132.728
60.39000 132.888
60.40000 131.866
60.41000 130.416
60.42000 129.110
60.43000 129.487
60.44000 130.348
60.45000 131.143
60.46000 131.489
60.47000 131.751
60.48000 131.968
60.49000 129.710
60.50000 127.604
60.51000 127.013
60.52000 130.853
60.53000 134.978
60.54000 136.317
60.55000 132.145
60.56000 127.825
60.57000 125.361
60.58000 130.261
60.59000 133.701
60.60000 136.934
60.61000 139.990
60.62000 142.986
60.63000 142.859
60.64000 140.977
60.65000 139.165
60.66000 140.138
60.67000 142.047
60.68000 143.344
60.69000 138.601
60.70000 132.315
60.71000 127.752
60.72000 133.485
60.73000 140.925
60.74000 146.954
60.75000 142.584
60.76000 138.176
60.77000 134.278
60.78000 131.708
60.79000 129.207
60.80000 128.764
60.81000 131.950
60.82000 135.205
60.83000 136.959
60.84000 134.358
60.85000 132.591
60.86000 134.140
60.87000 138.180
60.88000 142.089
60.89000 141.281
60.90000 138.108
60.91000 135.082
60.92000 136.829
60.93000 139.953
60.94000 142.834
60.95000 143.669
60.96000 144.040
60.97000 144.289
60.98000 143.900
60.99000 143.419
61.00000 143.039
61.01000 143.240
61.02000 143.442
61.03000 142.665
61.04000 139.608
61.05000 136.458
61.06000 134.254
61.07000 133.534
61.08000 132.832
61.09000 132.477
61.10000 135.061
61.11000 136.762
61.12000 135.636
61.13000 132.626
61.14000 129.626
61.15000 126.875
61.16000 124.236
61.17000 121.748
61.18000 126.982
61.19000 133.916
61.20000 139.960
61.21000 139.513
61.22000 137.767
61.23000 135.998
61.24000 134.125
61.25000 132.239
61.26000 130.793
61.27000 134.125
61.28000 137.023
61.29000 139.956
61.30000 142.962
61.31000 145.971
61.32000 146.209
61.33000 142.582
61.34000 138.932
61.35000 137.205
61.36000 137.209
61.37000 137.203
61.38000 136.545
61.39000 135.501
61.40000 134.715
61.41000 139.324
61.42000 146.092
61.43000 152.393
61.44000 150.292
61.45000 146.348
61.46000 142.808
61.47000 141.833
61.48000 141.308
61.49000 141.479
61.50000 144.499
61.51000 147.825
61.52000 150.299
61.53000 160.419
61.54000 168.632
61.55000 176.971
61.56000 185.544
61.57000 194.122
61.58000 202.343
61.59000 210.124
61.60000 217.889
61.61000 224.415
61.62000 229.932
61.63000 235.341
61.64000 236.222
61.65000 234.712
61.66000 233.635
61.67000 239.815
61.68000 248.587
61.69000 256.640
61.70000 252.735
61.71000 246.701
61.72000 242.007
61.73000 244.746
61.74000 248.629
61.75000 250.890
61.76000 247.253
61.77000 243.077
61.78000 240.073
61.79000 221.749
61.80000 207.185
61.81000 195.387
61.82000 188.163
61.83000 181.008
61.84000 173.796
61.85000 166.524
61.86000 159.283
61.87000 153.697
61.88000 149.318
61.89000 145.076
61.90000 145.009
61.91000 146.910
61.92000 148.699
61.93000 148.966
61.94000 148.748
61.95000 148.551
61.96000 141.506
61.97000 134.033
61.98000 128.502
61.99000 132.465
62.00000 137.699
62.01000 142.134
62.02000 143.984
62.03000 145.636
62.04000 146.782
62.05000 141.255
62.06000 136.915
62.07000 135.930
62.08000 139.879
62.09000 143.871
62.10000 143.076
62.11000 137.719
62.12000 132.405
62.13000 135.406
62.14000 143.449
62.15000 151.130
62.16000 150.361
62.17000 146.038
62.18000 141.584
62.19000 135.633
62.20000 129.257
62.21000 123.590
62.22000 127.796
62.23000 133.043
62.24000 137.714
62.25000 139.893
62.26000 141.786
62.27000 142.818
62.28000 141.366
62.29000 139.757
62.30000 138.683
62.31000 140.863
62.32000 142.540
62.33000 143.700
62.34000 144.186
62.35000 144.669
62.36000 145.658
62.37000 147.071
62.38000 148.466
62.39000 149.201
62.40000 149.560
62.41000 149.620
62.42000 144.155
62.43000 136.614
62.44000 129.676
62.45000 128.601
62.46000 129.005
62.47000 129.357
62.48000 134.479
62.49000 139.527
62.50000 143.658
62.51000 144.268
62.52000 144.533
62.53000 143.738
62.54000 140.214
62.55000 136.551
62.56000 134.208
62.57000 147.620
62.58000 157.592
62.59000 157.830
62.60000 146.867
62.61000 135.930
62.62000 132.405
62.63000 134.373
62.64000 136.305
62.65000 139.252
62.66000 142.580
62.67000 145.638
62.68000 144.668
62.69000 142.347
62.70000 140.063
62.71000 138.088
62.72000 136.183
62.73000 134.553
62.74000 137.962
62.75000 141.441
62.76000 144.183
62.77000 144.414
62.78000 144.437
62.79000 144.040
62.80000 142.676
62.81000 141.274
62.82000 140.418
62.83000 143.240
62.84000 145.288
62.85000 145.781
62.86000 144.700
62.87000 143.608
62.88000 141.384
62.89000 138.415
62.90000 135.523
62.91000 136.769
62.92000 139.703
62.93000 142.314
62.94000 140.918
62.95000 138.324
62.96000 136.307
62.97000 138.430
62.98000 141.371
62.99000 143.832
63.00000 141.181
63.01000 138.454
63.02000 136.471
63.03000 136.745
63.04000 137.174
63.05000 139.037
63.06000 143.844
63.07000 148.740
63.08000 151.583
63.09000 141.958
63.10000 135.152
63.11000 133.526
63.12000 136.495
63.13000 139.483
63.14000 143.667
63.15000 148.549
63.16000 153.265
63.17000 151.275
63.18000 146.901
63.19000 142.496
63.20000 137.777
63.21000 132.974
63.22000 129.557
63.23000 134.802
63.24000 141.550
63.25000 147.064
63.26000 149.377
63.27000 150.993
63.28000 151.176
63.29000 147.469
63.30000 143.545
63.31000 141.936
63.32000 144.570
63.33000 147.295
63.34000 148.793
63.35000 152.066
63.36000 154.317
63.37000 155.257
63.38000 155.171
63.39000 155.057
63.40000 153.831
63.41000 152.025
63.42000 150.296
63.43000 149.454
63.44000 148.961
63.45000 148.309
63.46000 146.252
63.47000 143.864
63.48000 141.771
63.49000 141.300
63.50000 141.075
63.51000 140.895
63.52000 149.225
63.53000 156.557
63.54000 161.087
63.55000 158.830
63.56000 156.271
63.57000 156.723
63.58000 162.095
63.59000 167.537
63.60000 170.353
63.61000 158.288
63.62000 150.174
63.63000 145.257
63.64000 142.555
63.65000 139.979
63.66000 141.121
63.67000 143.994
63.68000 146.713
63.69000 143.831
63.70000 139.559
63.71000 136.388
63.72000 141.655
63.73000 148.683
63.74000 154.449
63.75000 154.131
63.76000 153.012
63.77000 152.146
63.78000 152.007
63.79000 151.941
63.80000 152.447
63.81000 154.191
63.82000 155.977
63.83000 157.575
63.84000 158.900
63.85000 160.222
63.86000 160.656
63.87000 160.254
63.88000 159.850
63.89000 159.260
63.90000 158.555
63.91000 157.823
63.92000 156.475
63.93000 154.871
63.94000 153.371
63.95000 156.467
63.96000 160.449
63.97000 163.003
63.98000 156.072
63.99000 147.397
64.00000 140.403
64.01000 140.577
64.02000 141.565
64.03000 142.307
64.04000 145.829
64.05000 148.717
64.06000 151.775
64.07000 155.165
64.08000 158.562
64.09000 159.012
64.10000 155.668
64.11000 152.314
64.12000 156.224
64.13000 166.111
64.14000 175.708
64.15000 171.583
64.16000 159.929
64.17000 148.816
64.18000 147.477
64.19000 149.765
64.20000 151.876
64.21000 152.848
64.22000 153.466
64.23000 154.127
64.24000 155.040
64.25000 155.993
64.26000 155.375
64.27000 148.816
64.28000 141.682
64.29000 136.491
64.30000 150.481
64.31000 161.979
64.32000 168.344
64.33000 165.879
64.34000 163.260
64.35000 161.964
64.36000 162.168
64.37000 162.373
64.38000 160.816
64.39000 157.993
64.40000 155.260
64.41000 155.569
64.42000 157.367
64.43000 159.139
64.44000 160.540
64.45000 161.818
64.46000 162.980
64.47000 161.236
64.48000 159.128
64.49000 156.871
64.50000 153.857
64.51000 150.736
64.52000 149.967
64.53000 157.119
64.54000 164.915
64.55000 170.392
64.56000 163.940
64.57000 158.705
64.58000 156.212
64.59000 157.918
64.60000 159.669
64.61000 163.699
64.62000 170.000
64.63000 176.259
64.64000 176.868
64.65000 173.854
64.66000 170.888
64.67000 169.145
64.68000 167.937
64.69000 166.924
64.70000 168.297
64.71000 170.374
64.72000 172.231
64.73000 169.062
64.74000 165.446
64.75000 163.656
64.76000 170.090
64.77000 177.522
64.78000 182.518
64.79000 180.202
64.80000 177.394
64.81000 175.494
64.82000 178.815
64.83000 181.401
64.84000 181.424
64.85000 177.967
64.86000 174.496
64.87000 177.082
64.88000 184.968
64.89000 192.766
64.90000 191.021
64.91000 183.934
64.92000 177.297
64.93000 179.656
64.94000 185.527
64.95000 190.644
64.96000 188.032
64.97000 183.392
64.98000 179.317
64.99000 180.521
65.00000 182.333
65.01000 184.368
65.02000 187.292
65.03000 190.309
65.04000 192.680
65.05000 193.322
65.06000 193.870
65.07000 194.225
65.08000 190.887
65.09000 188.386
65.10000 186.900
65.11000 186.632
65.12000 186.374
65.13000 188.234
65.14000 191.729
65.15000 195.166
65.16000 202.244
65.17000 210.904
65.18000 219.049
65.19000 218.903
65.20000 215.869
65.21000 213.280
65.22000 214.583
65.23000 216.792
65.24000 218.695
65.25000 216.607
65.26000 214.331
65.27000 214.404
65.28000 222.801
65.29000 231.932
65.30000 238.196
65.31000 237.604
65.32000 236.714
65.33000 236.162
65.34000 247.344
65.35000 255.503
65.36000 260.982
65.37000 263.627
65.38000 266.267
65.39000 268.279
65.40000 269.863
65.41000 271.410
65.42000 271.729
65.43000 271.495
65.44000 271.628
65.45000 276.612
65.46000 283.104
65.47000 288.670
65.48000 287.265
65.49000 284.424
65.50000 282.029
65.51000 287.510
65.52000 292.939
65.53000 297.570
65.54000 299.682
65.55000 301.609
65.56000 305.213
65.57000 312.401
65.58000 319.707
65.59000 324.024
65.60000 321.396
65.61000 319.503
65.62000 321.185
65.63000 326.181
65.64000 331.313
65.65000 345.704
65.66000 365.729
65.67000 385.133
65.68000 398.512
65.69000 408.836
65.70000 421.027
65.71000 453.868
65.72000 492.421
65.73000 531.269
65.74000 572.042
65.75000 613.165
65.76000 647.047
65.77000 699.203
65.78000 743.795
65.79000 786.509
65.80000 823.932
65.81000 861.037
65.82000 884.526
65.83000 882.060
65.84000 878.965
65.85000 877.231
65.86000 900.960
65.87000 917.435
65.88000 921.043
65.89000 914.151
65.90000 907.262
65.91000 900.528
65.92000 893.877
65.93000 887.492
65.94000 852.603
65.95000 810.194
65.96000 767.120
65.97000 717.801
65.98000 666.947
65.99000 616.728
66.00000 570.140
66.01000 524.128
66.02000 487.153
66.03000 448.110
66.04000 416.302
66.05000 385.389
66.06000 356.723
66.07000 328.167
66.08000 310.015
66.09000 309.544
66.10000 309.365
66.11000 309.270
66.12000 293.760
66.13000 283.269
66.14000 280.744
66.15000 283.970
66.16000 287.017
66.17000 284.144
66.18000 278.409
66.19000 272.959
66.20000 271.637
66.21000 271.663
66.22000 272.129
66.23000 276.135
66.24000 280.913
66.25000 286.557
66.26000 296.564
66.27000 307.173
66.28000 315.472
66.29000 317.010
66.30000 317.808
66.31000 321.505
66.32000 331.717
66.33000 342.174
66.34000 351.853
66.35000 360.354
66.36000 368.844
66.37000 375.332
66.38000 379.854
66.39000 384.403
66.40000 391.296
66.41000 399.690
66.42000 407.791
66.43000 408.597
66.44000 406.254
66.45000 404.054
66.46000 398.228
66.47000 391.951
66.48000 386.118
66.49000 383.383
66.50000 381.242
66.51000 378.760
66.52000 374.761
66.53000 370.580
66.54000 367.404
66.55000 350.316
66.56000 336.161
66.57000 325.353
66.58000 321.259
66.59000 317.354
66.60000 309.661
66.61000 296.889
66.62000 284.101
66.63000 283.281
66.64000 292.774
66.65000 302.130
66.66000 304.075
66.67000 301.791
66.68000 299.651
66.69000 300.298
66.70000 302.019
66.71000 303.615
66.72000 302.632
66.73000 301.145
66.74000 299.604
66.75000 297.730
66.76000 295.800
66.77000 295.873
66.78000 303.839
66.79000 312.612
66.80000 319.068
66.81000 320.356
66.82000 321.139
66.83000 318.353
66.84000 309.181
66.85000 299.883
66.86000 298.551
66.87000 306.657
66.88000 314.759
66.89000 312.944
66.90000 303.630
66.91000 294.666
66.92000 298.913
66.93000 309.880
66.94000 320.237
66.95000 321.016
66.96000 318.497
66.97000 316.195
66.98000 319.853
66.99000 324.318
67.00000 328.550
67.01000 331.535
67.02000 334.338
67.03000 336.829
67.04000 338.231
67.05000 339.538
67.06000 340.468
67.07000 335.773
67.08000 332.017
67.09000 328.588
67.10000 325.680
67.11000 322.779
67.12000 323.765
67.13000 328.801
67.14000 333.810
67.15000 340.882
67.16000 349.241
67.17000 357.377
67.18000 359.320
67.19000 358.450
67.20000 357.519
67.21000 355.811
67.22000 353.865
67.23000 352.114
67.24000 353.107
67.25000 354.465
67.26000 355.195
67.27000 352.976
67.28000 350.380
67.29000 349.383
67.30000 353.373
67.31000 357.723
67.32000 360.703
67.33000 366.002
67.34000 370.028
67.35000 371.692
67.36000 370.014
67.37000 368.314
67.38000 369.165
67.39000 372.348
67.40000 375.501
67.41000 372.509
67.42000 365.962
67.43000 360.079
67.44000 368.513
67.45000 382.755
67.46000 395.728
67.47000 394.935
67.48000 390.381
67.49000 386.357
67.50000 385.760
67.51000 385.773
67.52000 387.650
67.53000 397.272
67.54000 407.744
67.55000 414.915
67.56000 412.898
67.57000 410.341
67.58000 408.657
67.59000 414.609
67.60000 419.124
67.61000 420.484
67.62000 417.892
67.63000 415.297
67.64000 416.009
67.65000 419.385
67.66000 422.711
67.67000 428.969
67.68000 436.568
67.69000 443.651
67.70000 441.839
67.71000 436.806
67.72000 432.284
67.73000 432.479
67.74000 433.818
67.75000 434.979
67.76000 437.679
67.77000 440.183
67.78000 443.543
67.79000 450.063
67.80000 456.878
67.81000 461.995
67.82000 462.892
67.83000 463.591
67.84000 464.032
67.85000 454.038
67.86000 446.684
67.87000 445.322
67.88000 450.575
67.89000 455.835
67.90000 461.558
67.91000 467.611
67.92000 473.538
67.93000 474.206
67.94000 472.434
67.95000 471.403
67.96000 480.798
67.97000 493.562
67.98000 504.698
67.99000 502.941
68.00000 498.414
68.01000 494.569
68.02000 504.674
68.03000 514.748
68.04000 521.279
68.05000 516.177
68.06000 510.164
68.07000 509.572
68.08000 521.012
68.09000 532.891
68.10000 540.031
68.11000 541.378
68.12000 542.295
68.13000 540.359
68.14000 535.659
68.15000 531.040
68.16000 532.893
68.17000 538.843
68.18000 544.625
68.19000 545.143
68.20000 543.502
68.21000 542.549
68.22000 549.670
68.23000 559.115
68.24000 567.616
68.25000 569.645
68.26000 570.448
68.27000 571.115
68.28000 573.073
68.29000 574.818
68.30000 574.919
68.31000 570.203
68.32000 565.177
68.33000 568.574
68.34000 588.659
68.35000 609.198
68.36000 620.920
68.37000 628.320
68.38000 633.477
68.39000 643.913
68.40000 658.843
68.41000 673.508
68.42000 674.426
68.43000 667.598
68.44000 661.021
68.45000 663.269
68.46000 668.538
68.47000 674.406
68.48000 686.210
68.49000 699.532
68.50000 711.465
68.51000 715.084
68.52000 717.321
68.53000 719.135
68.54000 737.338
68.55000 753.508
68.56000 768.213
68.57000 779.085
68.58000 789.758
68.59000 806.607
68.60000 834.369
68.61000 862.339
68.62000 877.423
68.63000 950.174
68.64000 999.937
68.65000 1038.448
68.66000 1068.494
68.67000 1098.784
68.68000 1137.934
68.69000 1181.537
68.70000 1223.120
68.71000 1280.652
68.72000 1339.063
68.73000 1396.156
68.74000 1442.102
68.75000 1485.519
68.76000 1527.948
68.77000 1565.197
68.78000 1601.693
68.79000 1630.509
68.80000 1699.778
68.81000 1758.117
68.82000 1818.889
68.83000 1885.341
68.84000 1952.026
68.85000 2031.802
68.86000 2132.167
68.87000 2232.783
68.88000 2283.772
68.89000 2569.059
68.90000 2762.221
68.91000 3170.810
68.92000 3723.103
68.93000 4300.623
68.94000 5562.119
68.95000 7130.450
68.96000 8609.380
68.97000 11619.922
68.98000 14803.258
68.99000 18084.336
69.00000 22079.418
69.01000 26217.633
69.02000 30257.881
69.03000 33844.242
69.04000 37373.598
69.05000 40081.945
69.06000 42674.566
69.07000 44716.945
69.08000 46272.172
69.09000 46811.988
69.10000 47320.160
69.11000 47672.777
69.12000 47808.133
69.13000 47941.980
69.14000 48263.461
69.15000 48753.535
69.16000 49242.996
69.17000 49694.223
69.18000 50122.770
69.19000 50508.043
69.20000 49982.598
69.21000 49092.293
69.22000 48263.246
69.23000 45670.605
69.24000 42896.102
69.25000 40168.813
69.26000 37741.578
69.27000 35367.250
69.28000 33080.977
69.29000 31155.914
69.30000 29269.795
69.31000 27866.340
69.32000 26681.178
69.33000 25768.908
69.34000 24975.691
69.35000 24403.891
69.36000 23837.070
69.37000 23183.055
69.38000 22421.262
69.39000 21660.539
69.40000 20391.818
69.41000 18727.215
69.42000 17054.863
69.43000 15055.300
69.44000 12882.724
69.45000 10736.823
69.46000 9040.237
69.47000 7504.375
69.48000 6094.027
69.49000 4974.300
69.50000 4037.420
69.51000 3172.693
69.52000 2709.419
69.53000 2308.070
69.54000 1956.438
69.55000 1785.948
69.56000 1632.040
69.57000 1521.272
69.58000 1427.749
69.59000 1356.745
69.60000 1297.256
69.61000 1256.848
69.62000 1216.727
69.63000 1176.483
69.64000 1136.104
69.65000 1095.901
69.66000 1063.472
69.67000 1036.792
69.68000 1010.229
69.69000 987.283
69.70000 966.044
69.71000 944.907
69.72000 925.185
69.73000 905.913
69.74000 888.487
69.75000 867.869
69.76000 849.130
69.77000 831.678
69.78000 820.535
69.79000 810.237
69.80000 800.172
69.81000 790.861
69.82000 781.608
69.83000 775.185
69.84000 763.042
69.85000 753.743
69.86000 743.184
69.87000 730.771
69.88000 718.341
69.89000 709.188
69.90000 703.163
69.91000 697.186
69.92000 687.007
69.93000 674.428
69.94000 662.181
69.95000 657.698
69.96000 656.487
69.97000 654.653
69.98000 645.656
69.99000 634.623
70.00000 624.813
