20.00000 560.657
20.01000 559.074
20.02000 557.264
20.03000 555.391
20.04000 553.270
20.05000 551.126
20.06000 549.559
20.07000 553.251
20.08000 556.303
20.09000 557.781
20.10000 556.547
20.11000 555.265
20.12000 556.864
20.13000 561.710
20.14000 566.542
20.15000 571.257
20.16000 575.846
20.17000 580.010
20.18000 570.629
20.19000 554.768
20.20000 540.148
20.21000 542.796
20.22000 550.983
20.23000 558.383
20.24000 557.757
20.25000 555.716
20.26000 554.363
20.27000 556.342
20.28000 558.760
20.29000 561.210
20.30000 563.759
20.31000 566.316
20.32000 568.074
20.33000 565.784
20.34000 563.967
20.35000 558.739
20.36000 548.681
20.37000 538.595
20.38000 542.241
20.39000 558.322
20.40000 574.240
20.41000 579.549
20.42000 578.611
20.43000 577.433
20.44000 571.340
20.45000 563.302
20.46000 556.504
20.47000 562.526
20.48000 571.930
20.49000 580.185
20.50000 572.874
20.51000 564.315
20.52000 558.266
20.53000 562.112
20.54000 566.968
20.55000 569.878
20.56000 567.678
20.57000 565.210
20.58000 563.626
20.59000 551.550
20.60000 542.604
20.61000 540.785
20.62000 547.174
20.63000 553.560
20.64000 557.496
20.65000 559.633
20.66000 561.728
20.67000 566.529
20.68000 572.421
20.69000 577.229
20.70000 566.464
20.71000 550.608
20.72000 536.515
20.73000 536.437
20.74000 539.381
20.75000 541.879
20.76000 541.430
20.77000 540.720
20.78000 541.021
20.79000 544.593
20.80000 548.415
20.81000 553.063
20.82000 559.501
20.83000 566.001
20.84000 569.854
20.85000 567.583
20.86000 565.940
20.87000 562.792
20.88000 558.248
20.89000 553.710
20.90000 549.481
20.91000 545.438
20.92000 541.526
20.93000 543.026
20.94000 546.503
20.95000 549.691
20.96000 549.808
20.97000 549.099
20.98000 549.841
20.99000 559.690
21.00000 571.123
21.01000 580.454
21.02000 571.014
21.03000 561.680
21.04000 556.140
21.05000 560.742
21.06000 565.898
21.07000 567.754
21.08000 563.697
21.09000 559.522
21.10000 557.264
21.11000 560.749
21.12000 563.118
21.13000 560.862
21.14000 555.140
21.15000 549.568
21.16000 549.320
21.17000 551.716
21.18000 553.997
21.19000 550.370
21.20000 545.191
21.21000 541.080
21.22000 545.672
21.23000 552.179
21.24000 557.393
21.25000 556.097
21.26000 553.901
21.27000 552.186
21.28000 554.265
21.29000 556.162
21.30000 557.566
21.31000 557.880
21.32000 558.154
21.33000 556.705
21.34000 552.720
21.35000 548.711
21.36000 549.024
21.37000 553.419
21.38000 557.766
21.39000 558.709
21.40000 557.563
21.41000 556.276
21.42000 551.863
21.43000 546.167
21.44000 540.852
21.45000 545.399
21.46000 551.969
21.47000 557.233
21.48000 554.121
21.49000 549.519
21.50000 545.808
21.51000 545.744
21.52000 546.073
21.53000 546.317
21.54000 541.805
21.55000 538.090
21.56000 540.467
21.57000 553.969
21.58000 567.707
21.59000 576.000
21.60000 577.755
21.61000 579.493
21.62000 582.791
21.63000 587.255
21.64000 591.625
21.65000 592.535
21.66000 591.693
21.67000 591.059
21.68000 593.604
21.69000 597.228
21.70000 600.529
21.71000 609.491
21.72000 618.553
21.73000 626.395
21.74000 627.960
21.75000 628.636
21.76000 629.737
21.77000 632.266
21.78000 634.911
21.79000 636.764
21.80000 664.549
21.81000 686.304
21.82000 702.261
21.83000 709.510
21.84000 716.672
21.85000 726.875
21.86000 740.016
21.87000 753.051
21.88000 764.459
21.89000 774.666
21.90000 785.437
21.91000 809.250
21.92000 838.519
21.93000 867.212
21.94000 889.450
21.95000 909.882
21.96000 927.979
21.97000 927.557
21.98000 924.279
21.99000 923.788
22.00000 934.942
22.01000 947.382
22.02000 955.339
22.03000 950.854
22.04000 945.641
22.05000 942.223
22.06000 949.123
22.07000 954.367
22.08000 945.799
22.09000 920.304
22.10000 894.828
22.11000 885.695
22.12000 889.317
22.13000 892.880
22.14000 873.756
22.15000 843.937
22.16000 815.091
22.17000 801.666
22.18000 793.575
22.19000 783.596
22.20000 757.463
22.21000 727.630
22.22000 702.050
22.23000 690.535
22.24000 682.530
22.25000 674.187
22.26000 664.683
22.27000 655.082
22.28000 645.149
22.29000 634.455
22.30000 623.730
22.31000 617.214
22.32000 624.144
22.33000 629.194
22.34000 621.662
22.35000 601.709
22.36000 581.956
22.37000 578.844
22.38000 586.348
22.39000 593.641
22.40000 589.606
22.41000 581.186
22.42000 572.959
22.43000 566.957
22.44000 561.590
22.45000 557.574
22.46000 562.630
22.47000 569.370
22.48000 574.937
22.49000 565.551
22.50000 556.419
22.51000 550.285
22.52000 552.629
22.53000 555.486
22.54000 555.678
22.55000 550.816
22.56000 545.832
22.57000 543.059
22.58000 537.702
22.59000 533.999
22.60000 532.375
22.61000 532.407
22.62000 532.499
22.63000 535.064
22.64000 538.930
22.65000 542.628
22.66000 550.017
22.67000 558.111
22.68000 564.908
22.69000 560.322
22.70000 553.077
22.71000 545.885
22.72000 538.981
22.73000 532.120
22.74000 526.689
22.75000 528.361
22.76000 530.196
22.77000 527.117
22.78000 512.548
22.79000 497.506
22.80000 491.901
22.81000 501.033
22.82000 510.338
22.83000 515.012
22.84000 514.024
22.85000 513.359
22.86000 512.258
22.87000 510.871
22.88000 509.675
22.89000 513.269
22.90000 518.943
22.91000 524.269
22.92000 520.362
22.93000 514.352
22.94000 509.412
22.95000 511.810
22.96000 515.599
22.97000 518.151
22.98000 515.314
22.99000 511.851
23.00000 509.241
23.01000 518.047
23.02000 525.503
23.03000 528.251
23.04000 521.899
23.05000 515.317
23.06000 513.194
23.07000 516.764
23.08000 520.349
23.09000 524.141
23.10000 528.086
23.11000 532.130
23.12000 540.500
23.13000 551.186
23.14000 560.706
23.15000 550.438
23.16000 533.064
23.17000 517.121
23.18000 521.380
23.19000 529.471
23.20000 536.059
23.21000 534.410
23.22000 531.511
23.23000 528.587
23.24000 525.576
23.25000 522.558
23.26000 520.406
23.27000 517.901
23.28000 515.980
23.29000 514.001
23.30000 511.931
23.31000 509.860
23.32000 509.447
23.33000 510.743
23.34000 512.033
23.35000 509.396
23.36000 504.227
23.37000 499.275
23.38000 499.990
23.39000 503.213
23.40000 506.357
23.41000 508.525
23.42000 510.405
23.43000 512.084
23.44000 511.260
23.45000 510.119
23.46000 508.536
23.47000 504.992
23.48000 501.214
23.49000 498.107
23.50000 496.967
23.51000 495.955
23.52000 495.278
23.53000 508.590
23.54000 518.739
23.55000 517.358
23.56000 500.962
23.57000 484.528
23.58000 480.069
23.59000 485.549
23.60000 490.953
23.61000 491.853
23.62000 490.340
23.63000 489.000
23.64000 490.693
23.65000 493.497
23.66000 496.315
23.67000 499.261
23.68000 502.240
23.69000 504.819
23.70000 506.226
23.71000 507.267
23.72000 506.837
23.73000 501.061
23.74000 494.799
23.75000 491.940
23.76000 497.336
23.77000 503.102
23.78000 506.689
23.79000 509.209
23.80000 511.014
23.81000 507.348
23.82000 497.919
23.83000 488.604
23.84000 491.908
23.85000 503.747
23.86000 515.296
23.87000 515.508
23.88000 510.829
23.89000 506.652
23.90000 508.809
23.91000 512.879
23.92000 515.246
23.93000 505.366
23.94000 493.065
23.95000 482.786
23.96000 483.591
23.97000 485.384
23.98000 486.505
23.99000 485.618
24.00000 484.595
24.01000 484.495
24.02000 486.244
24.03000 488.046
24.04000 489.076
24.05000 492.333
24.06000 494.615
24.07000 497.267
24.08000 500.232
24.09000 503.184
24.10000 505.433
24.11000 507.293
24.12000 509.081
24.13000 498.576
24.14000 484.438
24.15000 472.093
24.16000 476.757
24.17000 485.638
24.18000 492.606
24.19000 488.630
24.20000 482.917
24.21000 478.335
24.22000 490.995
24.23000 502.552
24.24000 509.656
24.25000 505.753
24.26000 501.338
24.27000 500.442
24.28000 505.371
24.29000 510.387
24.30000 512.988
24.31000 497.372
24.32000 486.914
24.33000 486.776
24.34000 493.757
24.35000 500.465
24.36000 499.388
24.37000 494.736
24.38000 490.341
24.39000 491.069
24.40000 493.183
24.41000 494.021
24.42000 485.466
24.43000 475.015
24.44000 469.116
24.45000 484.258
24.46000 502.034
24.47000 515.636
24.48000 507.897
24.49000 500.625
24.50000 495.454
24.51000 494.579
24.52000 493.831
24.53000 489.631
24.54000 480.751
24.55000 471.851
24.56000 473.776
24.57000 485.042
24.58000 496.175
24.59000 500.287
24.60000 500.420
24.61000 500.718
24.62000 504.117
24.63000 508.693
24.64000 512.922
24.65000 503.317
24.66000 491.554
24.67000 482.135
24.68000 486.417
24.69000 492.922
24.70000 496.500
24.71000 489.022
24.72000 480.480
24.73000 474.285
24.74000 483.609
24.75000 491.352
24.76000 497.162
24.77000 499.713
24.78000 502.210
24.79000 500.786
24.80000 495.050
24.81000 489.336
24.82000 485.430
24.83000 482.822
24.84000 480.368
24.85000 482.547
24.86000 486.894
24.87000 490.952
24.88000 491.139
24.89000 490.113
24.90000 489.188
24.91000 482.367
24.92000 475.318
24.93000 470.467
24.94000 475.991
24.95000 482.845
24.96000 486.732
24.97000 481.405
24.98000 475.419
24.99000 471.335
25.00000 472.970
25.01000 474.326
25.02000 475.995
25.03000 478.097
25.04000 480.197
25.05000 477.151
25.06000 469.559
25.07000 462.051
25.08000 468.004
25.09000 481.412
25.10000 494.080
25.11000 492.269
25.12000 484.856
25.13000 477.882
25.14000 475.294
25.15000 473.838
25.16000 472.565
25.17000 476.779
25.18000 481.169
25.19000 484.246
25.20000 482.263
25.21000 479.780
25.22000 477.429
25.23000 475.416
25.24000 473.420
25.25000 472.150
25.26000 472.586
25.27000 472.924
25.28000 474.271
25.29000 476.752
25.30000 479.219
25.31000 479.421
25.32000 477.997
25.33000 476.603
25.34000 473.534
25.35000 469.819
25.36000 466.567
25.37000 469.715
25.38000 474.909
25.39000 479.840
25.40000 482.731
25.41000 485.194
25.42000 487.275
25.43000 490.781
25.44000 493.870
25.45000 494.585
25.46000 487.784
25.47000 480.430
25.48000 472.750
25.49000 464.381
25.50000 455.990
25.51000 451.065
25.52000 456.088
25.53000 459.680
25.54000 466.855
25.55000 477.261
25.56000 487.471
25.57000 485.809
25.58000 477.159
25.59000 468.802
25.60000 468.139
25.61000 470.372
25.62000 472.460
25.63000 473.059
25.64000 473.266
25.65000 472.522
25.66000 465.966
25.67000 458.424
25.68000 452.299
25.69000 461.720
25.70000 470.694
25.71000 478.266
25.72000 482.171
25.73000 485.885
25.74000 484.097
25.75000 472.670
25.76000 461.065
25.77000 454.862
25.78000 458.505
25.79000 461.013
25.80000 466.334
25.81000 473.714
25.82000 480.807
25.83000 478.414
25.84000 471.415
25.85000 464.766
25.86000 465.815
25.87000 469.099
25.88000 471.745
25.89000 469.334
25.90000 465.838
25.91000 462.726
25.92000 461.499
25.93000 460.526
25.94000 459.770
25.95000 458.965
25.96000 458.322
25.97000 459.538
25.98000 464.772
25.99000 470.144
26.00000 473.094
26.01000 472.560
26.02000 471.997
26.03000 469.268
26.04000 464.546
26.05000 459.873
26.06000 458.385
26.07000 458.810
26.08000 459.070
26.09000 455.848
26.10000 451.228
26.11000 446.929
26.12000 450.854
26.13000 456.392
26.14000 461.622
26.15000 464.926
26.16000 467.895
26.17000 470.394
26.18000 471.006
26.19000 471.422
26.20000 471.728
26.21000 457.635
26.22000 446.115
26.23000 439.519
26.24000 441.718
26.25000 444.089
26.26000 447.697
26.27000 452.754
26.28000 457.798
26.29000 460.871
26.30000 462.460
26.31000 464.013
26.32000 464.298
26.33000 463.955
26.34000 463.260
26.35000 457.365
26.36000 449.745
26.37000 442.825
26.38000 445.828
26.39000 450.402
26.40000 453.313
26.41000 447.889
26.42000 441.316
26.43000 438.711
26.44000 449.149
26.45000 460.610
26.46000 468.578
26.47000 458.364
26.48000 450.173
26.49000 447.534
26.50000 453.043
26.51000 458.623
26.52000 463.720
26.53000 468.362
26.54000 472.963
26.55000 466.415
26.56000 453.304
26.57000 440.730
26.58000 439.970
26.59000 444.044
26.60000 447.825
26.61000 448.427
26.62000 448.159
26.63000 447.923
26.64000 446.744
26.65000 445.582
26.66000 444.086
26.67000 441.221
26.68000 438.210
26.69000 438.401
26.70000 447.281
26.71000 456.649
26.72000 462.739
26.73000 464.665
26.74000 466.013
26.75000 459.456
26.76000 443.448
26.77000 427.493
26.78000 427.767
26.79000 440.405
26.80000 452.819
26.81000 457.902
26.82000 459.241
26.83000 459.891
26.84000 450.046
26.85000 436.651
26.86000 425.243
26.87000 430.344
26.88000 439.136
26.89000 446.643
26.90000 447.709
26.91000 447.841
26.92000 449.040
26.93000 453.817
26.94000 458.882
26.95000 461.420
26.96000 458.289
26.97000 454.945
26.98000 452.932
26.99000 448.312
27.00000 445.009
27.01000 446.357
27.02000 452.179
27.03000 457.961
27.04000 460.686
27.05000 461.505
27.06000 462.299
27.07000 453.710
27.08000 441.859
27.09000 430.764
27.10000 428.118
27.11000 427.826
27.12000 428.320
27.13000 433.947
27.14000 440.502
27.15000 445.891
27.16000 442.194
27.17000 438.335
27.18000 434.972
27.19000 432.980
27.20000 431.069
27.21000 433.753
27.22000 444.958
27.23000 456.353
27.24000 462.623
27.25000 457.554
27.26000 454.047
27.27000 451.230
27.28000 448.949
27.29000 446.639
27.30000 443.190
27.31000 439.155
27.32000 435.301
27.33000 441.630
27.34000 450.771
27.35000 458.365
27.36000 452.774
27.37000 444.175
27.38000 437.523
27.39000 441.060
27.40000 446.067
27.41000 450.008
27.42000 441.612
27.43000 434.064
27.44000 428.543
27.45000 427.661
27.46000 426.961
27.47000 426.798
27.48000 427.456
27.49000 428.122
27.50000 427.957
27.51000 426.973
27.52000 426.059
27.53000 430.833
27.54000 439.222
27.55000 447.203
27.56000 445.437
27.57000 439.531
27.58000 434.000
27.59000 434.859
27.60000 437.290
27.61000 439.186
27.62000 437.498
27.63000 435.148
27.64000 434.607
27.65000 441.751
27.66000 449.762
27.67000 455.763
27.68000 445.735
27.69000 437.153
27.70000 433.235
27.71000 438.128
27.72000 443.230
27.73000 444.507
27.74000 441.018
27.75000 437.521
27.76000 436.074
27.77000 436.251
27.78000 436.336
27.79000 432.617
27.80000 426.906
27.81000 421.642
27.82000 423.639
27.83000 428.187
27.84000 432.348
27.85000 434.340
27.86000 435.663
27.87000 436.771
27.88000 436.735
27.89000 436.530
27.90000 435.237
27.91000 430.155
27.92000 424.749
27.93000 420.921
27.94000 425.840
27.95000 429.851
27.96000 431.590
27.97000 429.796
27.98000 427.960
27.99000 429.079
28.00000 433.164
28.01000 437.223
28.02000 436.867
28.03000 433.700
28.04000 430.648
28.05000 430.466
28.06000 431.527
28.07000 432.234
28.08000 428.761
28.09000 424.077
28.10000 419.907
28.11000 430.148
28.12000 441.411
28.13000 449.803
28.14000 445.752
28.15000 440.260
28.16000 434.957
28.17000 430.193
28.18000 425.463
28.19000 422.324
28.20000 428.662
28.21000 433.521
28.22000 435.370
28.23000 433.393
28.24000 431.408
28.25000 431.666
28.26000 433.738
28.27000 435.781
28.28000 436.684
28.29000 436.970
28.30000 437.115
28.31000 434.877
28.32000 431.785
28.33000 428.249
28.34000 420.729
28.35000 412.264
28.36000 404.961
28.37000 410.214
28.38000 416.279
28.39000 422.507
28.40000 429.309
28.41000 436.162
28.42000 441.863
28.43000 444.827
28.44000 447.675
28.45000 449.430
28.46000 440.548
28.47000 434.078
28.48000 433.643
28.49000 439.408
28.50000 445.072
28.51000 440.926
28.52000 430.298
28.53000 419.947
28.54000 421.389
28.55000 427.720
28.56000 433.821
28.57000 437.118
28.58000 439.587
28.59000 441.441
28.60000 438.992
28.61000 435.712
28.62000 432.984
28.63000 424.749
28.64000 417.391
28.65000 411.464
28.66000 409.722
28.67000 408.250
28.68000 406.052
28.69000 402.430
28.70000 398.771
28.71000 396.700
28.72000 406.411
28.73000 413.191
28.74000 416.579
28.75000 417.164
28.76000 417.741
28.77000 417.939
28.78000 417.930
28.79000 417.921
28.80000 423.162
28.81000 429.851
28.82000 435.527
28.83000 431.892
28.84000 426.001
28.85000 421.399
28.86000 423.979
28.87000 427.669
28.88000 430.612
28.89000 433.191
28.90000 435.246
28.91000 435.211
28.92000 430.124
28.93000 424.813
28.94000 420.655
28.95000 418.363
28.96000 416.096
28.97000 414.935
28.98000 419.366
28.99000 422.313
29.00000 422.038
29.01000 419.592
29.02000 417.308
29.03000 419.440
29.04000 423.555
29.05000 427.433
29.06000 425.070
29.07000 421.190
29.08000 417.849
29.09000 418.373
29.10000 419.658
29.11000 421.570
29.12000 426.309
29.13000 431.391
29.14000 435.257
29.15000 428.447
29.16000 422.530
29.17000 419.854
29.18000 423.659
29.19000 427.645
29.20000 427.807
29.21000 422.909
29.22000 417.991
29.23000 413.811
29.24000 410.263
29.25000 406.866
29.26000 410.906
29.27000 419.067
29.28000 426.536
29.29000 421.506
29.30000 411.833
29.31000 402.917
29.32000 411.564
29.33000 423.188
29.34000 431.635
29.35000 421.980
29.36000 409.463
29.37000 400.916
29.38000 407.015
29.39000 414.480
29.40000 419.858
29.41000 417.912
29.42000 416.162
29.43000 415.444
29.44000 416.427
29.45000 417.435
29.46000 416.885
29.47000 414.664
29.48000 412.453
29.49000 411.844
29.50000 412.330
29.51000 412.920
29.52000 416.452
29.53000 421.331
29.54000 425.659
29.55000 422.881
29.56000 417.922
29.57000 413.470
29.58000 414.584
29.59000 416.539
29.60000 419.925
29.61000 429.901
29.62000 440.699
29.63000 445.063
29.64000 429.887
29.65000 413.367
29.66000 402.181
29.67000 414.353
29.68000 423.935
29.69000 424.887
29.70000 414.185
29.71000 403.436
29.72000 405.697
29.73000 419.166
29.74000 432.471
29.75000 433.021
29.76000 426.536
29.77000 420.307
29.78000 418.892
29.79000 419.300
29.80000 419.748
29.81000 420.594
29.82000 421.539
29.83000 422.363
29.84000 427.715
29.85000 432.913
29.86000 436.708
29.87000 435.228
29.88000 433.242
29.89000 433.810
29.90000 440.784
29.91000 448.067
29.92000 452.659
29.93000 454.361
29.94000 455.560
29.95000 456.287
29.96000 456.496
29.97000 456.717
29.98000 458.470
29.99000 461.297
30.00000 464.060
30.01000 466.583
30.02000 468.893
30.03000 471.034
30.04000 470.923
30.05000 470.107
30.06000 468.773
30.07000 463.550
30.08000 457.528
30.09000 452.462
30.10000 453.814
30.11000 455.625
30.12000 456.479
30.13000 454.368
30.14000 452.047
30.15000 449.670
30.16000 447.179
30.17000 444.684
30.18000 443.235
30.19000 437.029
30.20000 432.654
30.21000 430.567
30.22000 430.492
30.23000 430.322
30.24000 424.845
30.25000 416.314
30.26000 408.089
30.27000 413.963
30.28000 424.601
30.29000 434.660
30.30000 438.953
30.31000 441.765
30.32000 443.822
30.33000 441.383
30.34000 438.202
30.35000 435.631
30.36000 436.891
30.37000 438.222
30.38000 437.388
30.39000 431.020
30.40000 424.375
30.41000 423.287
30.42000 431.716
30.43000 440.308
30.44000 444.846
30.45000 440.155
30.46000 436.961
30.47000 433.098
30.48000 428.759
30.49000 424.488
30.50000 422.358
30.51000 421.246
30.52000 420.193
30.53000 422.594
30.54000 425.819
30.55000 428.788
30.56000 429.792
30.57000 430.383
30.58000 432.604
30.59000 442.639
30.60000 453.696
30.61000 462.232
30.62000 459.637
30.63000 456.934
30.64000 453.886
30.65000 450.108
30.66000 446.307
30.67000 445.733
30.68000 449.695
30.69000 453.687
30.70000 453.224
30.71000 448.763
30.72000 444.408
30.73000 446.350
30.74000 451.985
30.75000 457.613
30.76000 463.095
30.77000 468.519
30.78000 473.553
30.79000 474.414
30.80000 474.205
30.81000 474.063
30.82000 474.325
30.83000 474.656
30.84000 476.364
30.85000 483.461
30.86000 491.102
30.87000 496.701
30.88000 496.728
30.89000 496.525
30.90000 503.650
30.91000 523.567
30.92000 543.717
30.93000 559.466
30.94000 570.187
30.95000 580.865
30.96000 591.671
30.97000 602.476
30.98000 613.312
30.99000 625.154
31.00000 637.481
31.01000 650.850
31.02000 678.982
31.03000 711.907
31.04000 741.714
31.05000 780.393
31.06000 816.137
31.07000 856.471
31.08000 919.279
31.09000 985.098
31.10000 1051.571
31.11000 1120.149
31.12000 1188.886
31.13000 1236.327
31.14000 1338.049
31.15000 1415.867
31.16000 1511.900
31.17000 1634.045
31.18000 1756.388
31.19000 1867.856
31.20000 1969.345
31.21000 2069.852
31.22000 2198.945
31.23000 2342.088
31.24000 2483.720
31.25000 2593.615
31.26000 2690.810
31.27000 2788.838
31.28000 2895.615
31.29000 3004.729
31.30000 3100.684
31.31000 3195.716
31.32000 3277.344
31.33000 3351.269
31.34000 3394.464
31.35000 3434.469
31.36000 3456.287
31.37000 3429.833
31.38000 3400.784
31.39000 3382.058
31.40000 3372.127
31.41000 3365.000
31.42000 3319.169
31.43000 3228.187
31.44000 3137.098
31.45000 3038.144
31.46000 2933.340
31.47000 2830.530
31.48000 2712.705
31.49000 2592.037
31.50000 2471.306
31.51000 2349.661
31.52000 2227.714
31.53000 2106.009
31.54000 1986.251
31.55000 1866.919
31.56000 1765.441
31.57000 1633.423
31.58000 1519.027
31.59000 1412.718
31.60000 1332.905
31.61000 1255.156
31.62000 1186.127
31.63000 1136.242
31.64000 1087.038
31.65000 1057.717
31.66000 977.781
31.67000 920.824
31.68000 871.470
31.69000 829.244
31.70000 787.122
31.71000 752.187
31.72000 721.632
31.73000 692.040
31.74000 666.092
31.75000 642.955
31.76000 620.471
31.77000 605.052
31.78000 591.557
31.79000 577.944
31.80000 563.583
31.81000 549.090
31.82000 537.231
31.83000 524.108
31.84000 513.245
31.85000 504.117
31.86000 499.680
31.87000 495.504
31.88000 490.844
31.89000 485.308
31.90000 479.753
31.91000 476.730
31.92000 460.660
31.93000 449.645
31.94000 444.393
31.95000 443.516
31.96000 442.387
31.97000 432.065
31.98000 417.126
31.99000 402.889
32.00000 405.492
32.01000 413.166
32.02000 420.688
32.03000 426.964
32.04000 432.962
32.05000 436.867
32.06000 430.095
32.07000 421.823
32.08000 415.346
32.09000 427.678
32.10000 438.734
32.11000 443.431
32.12000 433.908
32.13000 423.856
32.14000 414.907
32.15000 407.601
32.16000 400.311
32.17000 397.830
32.18000 399.953
32.19000 402.118
32.20000 407.328
32.21000 414.430
32.22000 421.201
32.23000 420.432
32.24000 416.531
32.25000 412.886
32.26000 409.386
32.27000 406.248
32.28000 403.606
32.29000 404.202
32.30000 405.381
32.31000 406.898
32.32000 409.821
32.33000 412.896
32.34000 415.187
32.35000 408.244
32.36000 402.425
32.37000 399.211
32.38000 400.807
32.39000 402.510
32.40000 403.699
32.41000 404.265
32.42000 404.828
32.43000 397.162
32.44000 383.202
32.45000 369.678
32.46000 372.850
32.47000 384.570
32.48000 395.651
32.49000 396.755
32.50000 394.433
32.51000 392.314
32.52000 389.192
32.53000 386.222
32.54000 383.687
32.55000 383.424
32.56000 383.488
32.57000 384.939
32.58000 391.115
32.59000 397.681
32.60000 402.297
32.61000 391.918
32.62000 383.614
32.63000 380.510
32.64000 385.313
32.65000 390.199
32.66000 390.701
32.67000 386.912
32.68000 383.151
32.69000 386.050
32.70000 393.047
32.71000 399.722
32.72000 398.740
32.73000 394.519
32.74000 391.270
32.75000 399.134
32.76000 410.144
32.77000 419.914
32.78000 429.796
32.79000 438.377
32.80000 445.902
32.81000 448.958
32.82000 451.512
32.83000 462.112
32.84000 495.298
32.85000 529.836
32.86000 552.574
32.87000 562.894
32.88000 570.282
32.89000 576.341
32.90000 580.752
32.91000 585.178
32.92000 595.286
32.93000 609.886
32.94000 624.254
32.95000 623.710
32.96000 615.650
32.97000 607.924
32.98000 605.603
32.99000 605.172
33.00000 603.867
33.01000 594.960
33.02000 584.291
33.03000 575.124
33.04000 554.197
33.05000 535.032
33.06000 514.789
33.07000 490.809
33.08000 466.510
33.09000 446.944
33.10000 438.365
33.11000 430.232
33.12000 425.266
33.13000 408.905
33.14000 397.112
33.15000 390.670
33.16000 389.582
33.17000 388.431
33.18000 381.763
33.19000 371.532
33.20000 361.583
33.21000 359.630
33.22000 361.053
33.23000 362.228
33.24000 360.492
33.25000 357.917
33.26000 355.420
33.27000 353.451
33.28000 351.582
33.29000 350.035
33.30000 344.242
33.31000 339.057
33.32000 337.396
33.33000 345.811
33.34000 354.850
33.35000 359.391
33.36000 355.299
33.37000 350.994
33.38000 348.585
33.39000 351.987
33.40000 354.353
33.41000 355.173
33.42000 354.746
33.43000 354.239
33.44000 350.312
33.45000 344.567
33.46000 339.064
33.47000 343.915
33.48000 351.882
33.49000 358.880
33.50000 357.223
33.51000 353.520
33.52000 349.239
33.53000 341.820
33.54000 333.930
33.55000 327.667
33.56000 334.199
33.57000 340.359
33.58000 345.330
33.59000 347.490
33.60000 349.531
33.61000 350.141
33.62000 348.486
33.63000 346.803
33.64000 345.952
33.65000 345.971
33.66000 345.965
33.67000 344.182
33.68000 341.229
33.69000 338.329
33.70000 336.815
33.71000 335.909
33.72000 335.057
33.73000 341.559
33.74000 349.469
33.75000 356.538
33.76000 357.744
33.77000 357.824
33.78000 357.021
33.79000 352.329
33.80000 347.177
33.81000 343.282
33.82000 345.466
33.83000 347.483
33.84000 347.573
33.85000 343.892
33.86000 340.113
33.87000 339.812
33.88000 344.008
33.89000 348.216
33.90000 352.031
33.91000 355.510
33.92000 358.716
33.93000 349.499
33.94000 333.551
33.95000 318.696
33.96000 322.782
33.97000 333.748
33.98000 343.828
33.99000 346.271
34.00000 346.807
34.01000 346.692
34.02000 342.953
34.03000 338.658
34.04000 335.358
34.05000 335.650
34.06000 336.265
34.07000 336.705
34.08000 341.773
34.09000 345.799
34.10000 345.299
34.11000 337.508
34.12000 329.618
34.13000 327.255
34.14000 330.668
34.15000 334.062
34.16000 335.537
34.17000 335.721
34.18000 336.009
34.19000 339.077
34.20000 343.390
34.21000 346.836
34.22000 339.480
34.23000 328.885
34.24000 319.402
34.25000 322.068
34.26000 326.472
34.27000 330.717
34.28000 334.243
34.29000 337.683
34.30000 339.338
34.31000 335.696
34.32000 331.703
34.33000 329.020
34.34000 320.763
34.35000 314.515
34.36000 316.573
34.37000 329.586
34.38000 342.630
34.39000 345.382
34.40000 339.484
34.41000 333.664
34.42000 334.663
34.43000 339.299
34.44000 343.297
34.45000 335.842
34.46000 324.147
34.47000 313.890
34.48000 317.128
34.49000 323.686
34.50000 329.378
34.51000 327.727
34.52000 325.334
34.53000 324.049
34.54000 326.836
34.55000 330.000
34.56000 331.427
34.57000 328.589
34.58000 325.555
34.59000 323.659
34.60000 324.581
34.61000 325.276
34.62000 326.182
34.63000 327.315
34.64000 328.429
34.65000 327.424
34.66000 324.967
34.67000 322.569
34.68000 323.991
34.69000 327.019
34.70000 329.858
34.71000 330.280
34.72000 329.962
34.73000 328.959
34.74000 322.945
34.75000 315.929
34.76000 310.052
34.77000 315.660
34.78000 321.507
34.79000 325.010
34.80000 321.415
34.81000 317.335
34.82000 314.379
34.83000 313.704
34.84000 313.095
34.85000 312.745
34.86000 312.158
34.87000 311.750
34.88000 313.368
34.89000 316.725
34.90000 319.959
34.91000 316.886
34.92000 310.264
34.93000 303.890
34.94000 305.376
34.95000 309.552
34.96000 313.537
34.97000 315.686
34.98000 317.374
34.99000 319.048
35.00000 320.643
35.01000 322.226
35.02000 323.498
35.03000 323.764
35.04000 323.901
35.05000 323.397
35.06000 321.288
35.07000 319.103
35.08000 319.331
35.09000 323.600
35.10000 327.933
35.11000 330.194
35.12000 326.758
35.13000 324.429
35.14000 321.549
35.15000 318.284
35.16000 314.984
35.17000 310.643
35.18000 305.818
35.19000 301.256
35.20000 304.801
35.21000 310.378
35.22000 315.054
35.23000 312.999
35.24000 309.568
35.25000 307.475
35.26000 311.648
35.27000 316.618
35.28000 320.433
35.29000 316.585
35.30000 313.117
35.31000 312.115
35.32000 316.214
35.33000 320.468
35.34000 323.591
35.35000 325.162
35.36000 326.722
35.37000 324.831
35.38000 319.923
35.39000 315.055
35.40000 312.350
35.41000 310.884
35.42000 309.472
35.43000 309.094
35.44000 309.113
35.45000 309.130
35.46000 306.061
35.47000 302.593
35.48000 300.624
35.49000 307.536
35.50000 315.910
35.51000 321.005
35.52000 313.574
35.53000 304.917
35.54000 298.615
35.55000 302.313
35.56000 305.542
35.57000 308.846
35.58000 312.281
35.59000 315.718
35.60000 318.618
35.61000 320.918
35.62000 323.208
35.63000 322.212
35.64000 318.908
35.65000 315.641
35.66000 313.531
35.67000 311.969
35.68000 310.260
35.69000 306.530
35.70000 302.160
35.71000 298.216
35.72000 307.450
35.73000 317.978
35.74000 325.170
35.75000 316.424
35.76000 305.603
35.77000 298.793
35.78000 304.591
35.79000 311.307
35.80000 315.908
35.81000 316.316
35.82000 316.522
35.83000 313.538
35.84000 306.087
35.85000 298.611
35.86000 298.020
35.87000 303.590
35.88000 309.101
35.89000 307.635
35.90000 302.216
35.91000 297.169
35.92000 299.587
35.93000 304.927
35.94000 309.648
35.95000 308.074
35.96000 304.856
35.97000 302.037
35.98000 306.384
35.99000 311.148
36.00000 314.924
36.01000 314.849
36.02000 314.386
36.03000 312.802
36.04000 308.306
36.05000 303.659
36.06000 300.690
36.07000 295.180
36.08000 291.136
36.09000 293.143
36.10000 302.036
36.11000 310.888
36.12000 311.872
36.13000 307.141
36.14000 302.506
36.15000 301.837
36.16000 303.033
36.17000 304.336
36.18000 307.152
36.19000 310.456
36.20000 313.731
36.21000 316.774
36.22000 319.768
36.23000 322.303
36.24000 320.149
36.25000 317.822
36.26000 315.077
36.27000 310.998
36.28000 306.819
36.29000 302.488
36.30000 297.830
36.31000 293.162
36.32000 290.408
36.33000 294.400
36.34000 297.256
36.35000 303.059
36.36000 311.556
36.37000 319.952
36.38000 322.030
36.39000 320.345
36.40000 318.715
36.41000 317.894
36.42000 317.423
36.43000 316.342
36.44000 308.877
36.45000 299.713
36.46000 292.018
36.47000 293.419
36.48000 296.383
36.49000 298.797
36.50000 300.017
36.51000 300.912
36.52000 301.418
36.53000 300.894
36.54000 300.315
36.55000 301.649
36.56000 306.373
36.57000 311.163
36.58000 313.739
36.59000 299.089
36.60000 289.104
36.61000 286.989
36.62000 290.706
36.63000 294.402
36.64000 297.406
36.65000 300.068
36.66000 302.600
36.67000 299.618
36.68000 295.181
36.69000 291.102
36.70000 289.902
36.71000 289.329
36.72000 288.778
36.73000 288.338
36.74000 287.913
36.75000 287.582
36.76000 291.347
36.77000 294.597
36.78000 296.502
36.79000 295.462
36.80000 294.319
36.81000 295.867
36.82000 301.336
36.83000 306.837
36.84000 304.999
36.85000 296.312
36.86000 287.721
36.87000 285.692
36.88000 287.647
36.89000 289.890
36.90000 298.360
36.91000 309.360
36.92000 319.611
36.93000 318.148
36.94000 313.949
36.95000 310.335
36.96000 310.423
36.97000 311.162
36.98000 310.755
36.99000 305.708
37.00000 300.169
37.01000 296.071
37.02000 299.717
37.03000 302.878
37.04000 306.353
37.05000 310.396
37.06000 314.451
37.07000 314.429
37.08000 309.573
37.09000 304.720
37.10000 303.421
37.11000 304.800
37.12000 306.143
37.13000 306.180
37.14000 305.565
37.15000 304.588
37.16000 298.181
37.17000 289.949
37.18000 282.462
37.19000 286.781
37.20000 292.918
37.21000 298.218
37.22000 299.260
37.23000 299.706
37.24000 300.040
37.25000 300.002
37.26000 299.933
37.27000 299.885
37.28000 299.414
37.29000 299.047
37.30000 297.768
37.31000 295.134
37.32000 292.487
37.33000 290.210
37.34000 288.287
37.35000 286.380
37.36000 288.628
37.37000 293.359
37.38000 298.045
37.39000 301.698
37.40000 304.923
37.41000 307.564
37.42000 303.761
37.43000 298.176
37.44000 293.236
37.45000 298.520
37.46000 304.671
37.47000 308.993
37.48000 305.758
37.49000 301.699
37.50000 298.682
37.51000 298.525
37.52000 298.532
37.53000 298.536
37.54000 296.342
37.55000 294.697
37.56000 294.514
37.57000 296.103
37.58000 297.689
37.59000 297.532
37.60000 296.031
37.61000 294.554
37.62000 297.075
37.63000 301.483
37.64000 305.392
37.65000 301.555
37.66000 295.067
37.67000 289.201
37.68000 288.573
37.69000 289.130
37.70000 289.607
37.71000 293.542
37.72000 297.278
37.73000 298.683
37.74000 292.181
37.75000 285.029
37.76000 281.386
37.77000 285.710
37.78000 290.341
37.79000 293.141
37.80000 294.949
37.81000 296.230
37.82000 296.244
37.83000 295.024
37.84000 293.844
37.85000 295.814
37.86000 299.771
37.87000 303.614
37.88000 304.701
37.89000 304.630
37.90000 304.153
37.91000 299.063
37.92000 292.673
37.93000 287.416
37.94000 289.666
37.95000 293.293
37.96000 296.282
37.97000 307.237
37.98000 316.985
37.99000 323.518
38.00000 321.056
38.01000 318.060
38.02000 315.234
38.03000 312.727
38.04000 310.226
38.05000 308.842
38.06000 308.271
38.07000 307.877
38.08000 307.117
38.09000 306.069
38.10000 304.914
38.11000 299.460
38.12000 291.773
38.13000 284.424
38.14000 293.536
38.15000 307.353
38.16000 319.487
38.17000 317.056
38.18000 311.261
38.19000 307.616
38.20000 315.362
38.21000 324.776
38.22000 332.209
38.23000 327.087
38.24000 322.123
38.25000 319.794
38.26000 323.558
38.27000 327.566
38.28000 333.783
38.29000 343.410
38.30000 353.076
38.31000 361.918
38.32000 369.939
38.33000 378.005
38.34000 389.889
38.35000 404.229
38.36000 418.200
38.37000 423.140
38.38000 424.199
38.39000 425.191
38.40000 446.344
38.41000 470.885
38.42000 495.545
38.43000 521.006
38.44000 546.617
38.45000 570.519
38.46000 587.076
38.47000 602.790
38.48000 614.601
38.49000 661.344
38.50000 699.571
38.51000 733.813
38.52000 760.438
38.53000 786.877
38.54000 816.880
38.55000 851.382
38.56000 885.842
38.57000 913.188
38.58000 934.727
38.59000 956.338
38.60000 981.009
38.61000 1007.300
38.62000 1033.395
38.63000 1056.240
38.64000 1077.928
38.65000 1097.805
38.66000 1111.058
38.67000 1121.471
38.68000 1130.743
38.69000 1133.838
38.70000 1136.007
38.71000 1133.975
38.72000 1117.138
38.73000 1099.010
38.74000 1086.128
38.75000 1045.422
38.76000 1013.546
38.77000 984.386
38.78000 959.505
38.79000 934.675
38.80000 902.316
38.81000 862.288
38.82000 822.514
38.83000 791.153
38.84000 765.686
38.85000 740.105
38.86000 711.628
38.87000 681.883
38.88000 651.935
38.89000 619.541
38.90000 586.431
38.91000 556.896
38.92000 524.753
38.93000 496.353
38.94000 471.137
38.95000 459.896
38.96000 450.297
38.97000 440.056
38.98000 427.954
38.99000 415.733
39.00000 407.587
39.01000 380.532
39.02000 360.139
39.03000 343.834
39.04000 332.792
39.05000 321.790
39.06000 319.153
39.07000 323.376
39.08000 327.539
39.09000 324.988
39.10000 318.991
39.11000 313.169
39.12000 310.374
39.13000 308.675
39.14000 307.672
39.15000 313.006
39.16000 319.863
39.17000 325.791
39.18000 314.356
39.19000 302.381
39.20000 291.588
39.21000 285.041
39.22000 278.875
39.23000 276.666
39.24000 283.961
39.25000 291.671
39.26000 296.446
39.27000 289.695
39.28000 284.731
39.29000 284.764
39.30000 289.998
39.31000 295.186
39.32000 295.585
39.33000 292.780
39.34000 290.045
39.35000 284.570
39.36000 278.177
39.37000 272.714
39.38000 278.776
39.39000 288.280
39.40000 296.463
39.41000 295.269
39.42000 292.244
39.43000 289.721
39.44000 281.938
39.45000 274.960
39.46000 269.350
39.47000 267.787
39.48000 266.489
39.49000 266.680
39.50000 269.824
39.51000 273.049
39.52000 274.884
39.53000 275.556
39.54000 276.022
39.55000 277.414
39.56000 279.579
39.57000 281.753
39.58000 284.325
39.59000 287.117
39.60000 289.798
39.61000 287.703
39.62000 284.094
39.63000 280.566
39.64000 277.794
39.65000 275.207
39.66000 272.430
39.67000 268.579
39.68000 264.558
39.69000 261.342
39.70000 265.984
39.71000 270.322
39.72000 271.893
39.73000 266.694
39.74000 261.187
39.75000 262.031
39.76000 273.267
39.77000 284.651
39.78000 290.519
39.79000 293.657
39.80000 295.702
39.81000 289.985
39.82000 278.973
39.83000 268.451
39.84000 271.648
39.85000 281.078
39.86000 289.974
39.87000 284.798
39.88000 276.129
39.89000 268.869
39.90000 271.852
39.91000 276.879
39.92000 280.486
39.93000 277.606
39.94000 273.925
39.95000 271.116
39.96000 268.399
39.97000 266.264
39.98000 264.321
39.99000 262.770
40.00000 261.230
40.01000 261.575
40.02000 264.447
40.03000 267.329
40.04000 266.255
40.05000 261.810
40.06000 257.408
40.07000 255.194
40.08000 254.207
40.09000 253.369
40.10000 255.287
40.11000 258.239
40.12000 260.964
40.13000 262.908
40.14000 264.476
40.15000 264.707
40.16000 257.218
40.17000 248.493
40.18000 242.658
40.19000 247.617
40.20000 253.599
40.21000 257.925
40.22000 260.711
40.23000 262.793
40.24000 263.972
40.25000 263.646
40.26000 263.296
40.27000 265.715
40.28000 271.143
40.29000 276.547
40.30000 275.554
40.31000 270.172
40.32000 264.787
40.33000 259.352
40.34000 253.893
40.35000 249.098
40.36000 253.047
40.37000 259.709
40.38000 265.702
40.39000 259.747
40.40000 252.398
40.41000 247.189
40.42000 251.961
40.43000 257.996
40.44000 262.768
40.45000 263.663
40.46000 264.285
40.47000 264.708
40.48000 265.804
40.49000 266.637
40.50000 267.316
40.51000 267.783
40.52000 268.247
40.53000 266.636
40.54000 263.215
40.55000 259.833
40.56000 257.328
40.57000 255.373
40.58000 253.473
40.59000 252.635
40.60000 252.204
40.61000 251.446
40.62000 247.464
40.63000 242.660
40.64000 238.466
40.65000 245.475
40.66000 253.042
40.67000 258.941
40.68000 258.491
40.69000 257.423
40.70000 256.840
40.71000 257.491
40.72000 258.203
40.73000 258.654
40.74000 250.810
40.75000 245.020
40.76000 246.973
40.77000 257.518
40.78000 267.991
40.79000 267.540
40.80000 259.337
40.81000 251.312
40.82000 254.909
40.83000 263.620
40.84000 271.544
40.85000 268.772
40.86000 262.618
40.87000 256.920
40.88000 254.700
40.89000 253.204
40.90000 251.942
40.91000 253.603
40.92000 255.307
40.93000 257.234
40.94000 259.861
40.95000 262.538
40.96000 264.462
40.97000 264.803
40.98000 265.094
40.99000 265.264
41.00000 253.290
41.01000 244.816
41.02000 244.017
41.03000 250.057
41.04000 256.035
41.05000 258.363
41.06000 258.565
41.07000 258.761
41.08000 259.930
41.09000 261.387
41.10000 262.631
41.11000 261.707
41.12000 260.219
41.13000 258.591
41.14000 256.116
41.15000 253.500
41.16000 251.379
41.17000 247.167
41.18000 243.566
41.19000 241.306
41.20000 242.517
41.21000 243.905
41.22000 246.767
41.23000 252.184
41.24000 257.645
41.25000 260.548
41.26000 255.935
41.27000 252.817
41.28000 253.832
41.29000 257.839
41.30000 261.656
41.31000 259.373
41.32000 254.159
41.33000 249.212
41.34000 243.622
41.35000 238.276
41.36000 233.667
41.37000 234.803
41.38000 237.158
41.39000 240.047
41.40000 245.526
41.41000 251.348
41.42000 255.857
41.43000 253.919
41.44000 251.997
41.45000 251.242
41.46000 252.979
41.47000 254.799
41.48000 254.938
41.49000 252.687
41.50000 250.417
41.51000 252.445
41.52000 258.380
41.53000 264.225
41.54000 264.480
41.55000 261.416
41.56000 258.343
41.57000 255.082
41.58000 251.748
41.59000 248.649
41.60000 249.336
41.61000 250.862
41.62000 251.575
41.63000 247.279
41.64000 242.124
41.65000 237.999
41.66000 237.948
41.67000 238.317
41.68000 238.587
41.69000 247.378
41.70000 254.527
41.71000 255.269
41.72000 244.696
41.73000 233.907
41.74000 228.938
41.75000 230.703
41.76000 232.471
41.77000 235.271
41.78000 238.805
41.79000 242.221
41.80000 241.656
41.81000 239.142
41.82000 236.956
41.83000 239.523
41.84000 243.650
41.85000 247.393
41.86000 248.689
41.87000 249.365
41.88000 249.961
41.89000 250.159
41.90000 250.302
41.91000 250.169
41.92000 249.137
41.93000 248.036
41.94000 247.272
41.95000 241.205
41.96000 236.498
41.97000 236.004
41.98000 241.621
41.99000 247.288
42.00000 248.757
42.01000 246.322
42.02000 243.911
42.03000 242.382
42.04000 241.407
42.05000 240.720
42.06000 246.237
42.07000 254.264
42.08000 261.131
42.09000 255.596
42.10000 246.708
42.11000 238.878
42.12000 242.818
42.13000 247.988
42.14000 250.792
42.15000 244.040
42.16000 236.279
42.17000 230.978
42.18000 232.281
42.19000 233.948
42.20000 235.027
42.21000 236.792
42.22000 238.094
42.23000 239.129
42.24000 239.851
42.25000 240.561
42.26000 239.074
42.27000 235.934
42.28000 232.851
42.29000 230.050
42.30000 227.483
42.31000 225.240
42.32000 227.832
42.33000 232.043
42.34000 236.026
42.35000 238.152
42.36000 239.867
42.37000 241.329
42.38000 236.256
42.39000 231.224
42.40000 227.983
42.41000 230.682
42.42000 233.852
42.43000 237.355
42.44000 241.596
42.45000 245.865
42.46000 248.421
42.47000 238.137
42.48000 230.752
42.49000 226.701
42.50000 225.817
42.51000 224.974
42.52000 227.101
42.53000 231.061
42.54000 234.899
42.55000 233.664
42.56000 230.512
42.57000 227.618
42.58000 227.557
42.59000 228.277
42.60000 228.895
42.61000 228.851
42.62000 228.689
42.63000 228.557
42.64000 222.547
42.65000 217.094
42.66000 214.039
42.67000 217.545
42.68000 221.425
42.69000 224.090
42.70000 224.528
42.71000 224.919
42.72000 225.132
42.73000 234.859
42.74000 241.533
42.75000 241.819
42.76000 237.195
42.77000 232.636
42.78000 230.503
42.79000 229.604
42.80000 228.745
42.81000 230.786
42.82000 233.598
42.83000 235.859
42.84000 233.494
42.85000 230.086
42.86000 227.207
42.87000 227.065
42.88000 227.312
42.89000 227.507
42.90000 238.514
42.91000 248.027
42.92000 252.039
42.93000 243.605
42.94000 234.695
42.95000 231.489
42.96000 236.890
42.97000 242.377
42.98000 242.363
42.99000 237.007
43.00000 231.724
43.01000 232.121
43.02000 236.088
43.03000 239.777
43.04000 236.980
43.05000 231.458
43.06000 226.292
43.07000 222.123
43.08000 218.591
43.09000 216.102
43.10000 220.498
43.11000 226.151
43.12000 230.927
43.13000 232.019
43.14000 232.701
43.15000 233.210
43.16000 233.241
43.17000 233.242
43.18000 231.694
43.19000 227.247
43.20000 222.734
43.21000 221.697
43.22000 224.940
43.23000 228.188
43.24000 230.606
43.25000 232.364
43.26000 234.043
43.27000 232.584
43.28000 229.500
43.29000 226.735
43.30000 229.070
43.31000 233.177
43.32000 236.930
43.33000 241.587
43.34000 245.908
43.35000 248.852
43.36000 244.522
43.37000 239.131
43.38000 235.579
43.39000 238.361
43.40000 241.677
43.41000 244.016
43.42000 230.243
43.43000 219.305
43.44000 215.255
43.45000 221.803
43.46000 228.469
43.47000 232.604
43.48000 234.228
43.49000 235.840
43.50000 233.207
43.51000 227.939
43.52000 222.914
43.53000 223.776
43.54000 227.160
43.55000 230.109
43.56000 228.004
43.57000 224.451
43.58000 221.293
43.59000 221.424
43.60000 222.070
43.61000 222.804
43.62000 223.914
43.63000 225.067
43.64000 226.560
43.65000 229.017
43.66000 231.534
43.67000 233.198
43.68000 229.487
43.69000 226.652
43.70000 224.108
43.71000 221.928
43.72000 219.753
43.73000 218.815
43.74000 218.868
43.75000 218.919
43.76000 218.805
43.77000 218.609
43.78000 218.463
43.79000 219.142
43.80000 220.113
43.81000 220.907
43.82000 220.134
43.83000 218.992
43.84000 218.009
43.85000 227.101
43.86000 236.076
43.87000 241.771
43.88000 235.951
43.89000 229.132
43.90000 224.744
43.91000 226.065
43.92000 227.623
43.93000 228.579
43.94000 230.277
43.95000 231.499
43.96000 230.837
43.97000 228.262
43.98000 225.727
43.99000 226.801
44.00000 230.234
44.01000 233.575
44.02000 232.145
44.03000 228.801
44.04000 226.102
44.05000 231.131
44.06000 238.415
44.07000 244.166
44.08000 239.334
44.09000 232.485
44.10000 226.800
44.11000 227.500
44.12000 228.697
44.13000 230.886
44.14000 235.949
44.15000 241.193
44.16000 243.705
44.17000 240.912
44.18000 237.983
44.19000 236.334
44.20000 235.915
44.21000 235.622
44.22000 232.906
44.23000 228.213
44.24000 223.599
44.25000 222.527
44.26000 223.361
44.27000 224.160
44.28000 225.752
44.29000 227.506
44.30000 229.228
44.31000 230.668
44.32000 232.040
44.33000 232.985
44.34000 231.578
44.35000 229.813
44.36000 228.407
44.37000 232.422
44.38000 236.048
44.39000 238.307
44.40000 237.295
44.41000 236.141
44.42000 234.777
44.43000 233.076
44.44000 231.371
44.45000 230.503
44.46000 229.201
44.47000 228.365
44.48000 231.305
44.49000 236.762
44.50000 242.102
44.51000 244.345
44.52000 245.211
44.53000 246.027
44.54000 246.529
44.55000 246.904
44.56000 246.982
44.57000 244.967
44.58000 242.546
44.59000 241.570
44.60000 247.043
44.61000 253.290
44.62000 258.028
44.63000 263.455
44.64000 267.753
44.65000 271.573
44.66000 274.449
44.67000 277.299
44.68000 281.384
44.69000 287.084
44.70000 292.785
44.71000 300.190
44.72000 308.989
44.73000 317.672
44.74000 320.846
44.75000 321.001
44.76000 321.875
44.77000 335.477
44.78000 353.758
44.79000 370.585
44.80000 384.365
44.81000 396.020
44.82000 407.730
44.83000 419.741
44.84000 431.799
44.85000 444.280
44.86000 458.299
44.87000 472.459
44.88000 482.628
44.89000 500.428
44.90000 514.306
44.91000 530.232
44.92000 549.497
44.93000 568.809
44.94000 579.054
44.95000 579.696
44.96000 580.333
44.97000 580.437
44.98000 580.182
44.99000 580.110
45.00000 585.083
45.01000 592.341
45.02000 598.224
45.03000 586.639
45.04000 569.754
45.05000 554.616
45.06000 556.414
45.07000 560.925
45.08000 564.639
45.09000 564.722
45.10000 564.360
45.11000 561.084
45.12000 549.054
45.13000 536.433
45.14000 527.919
45.15000 504.320
45.16000 486.442
45.17000 472.756
45.18000 464.669
45.19000 456.608
45.20000 446.675
45.21000 435.149
45.22000 423.767
45.23000 412.671
45.24000 402.019
45.25000 391.689
45.26000 387.287
45.27000 385.104
45.28000 382.065
45.29000 370.847
45.30000 357.591
45.31000 346.064
45.32000 341.848
45.33000 339.246
45.34000 336.717
45.35000 334.456
45.36000 332.221
45.37000 329.909
45.38000 327.405
45.39000 324.891
45.40000 323.313
45.41000 313.402
45.42000 306.147
45.43000 302.010
45.44000 301.247
45.45000 300.433
45.46000 293.213
45.47000 281.552
45.48000 270.159
45.49000 272.981
45.50000 281.962
45.51000 290.304
45.52000 290.273
45.53000 287.652
45.54000 285.234
45.55000 284.308
45.56000 283.685
45.57000 283.162
45.58000 277.522
45.59000 272.289
45.60000 268.347
45.61000 268.358
45.62000 268.644
45.63000 267.182
45.64000 262.126
45.65000 256.963
45.66000 253.978
45.67000 259.421
45.68000 263.259
45.69000 258.274
45.70000 245.618
45.71000 233.177
45.72000 232.211
45.73000 237.776
45.74000 243.138
45.75000 242.571
45.76000 239.913
45.77000 237.555
45.78000 238.128
45.79000 239.446
45.80000 240.464
45.81000 239.717
45.82000 238.682
45.83000 237.847
45.84000 230.514
45.85000 224.047
45.86000 219.994
45.87000 222.045
45.88000 224.394
45.89000 225.802
45.90000 225.616
45.91000 225.404
45.92000 225.293
45.93000 226.346
45.94000 227.068
45.95000 228.883
45.96000 231.470
45.97000 233.805
45.98000 228.460
45.99000 219.507
46.00000 211.031
46.01000 209.669
46.02000 210.477
46.03000 211.507
46.04000 214.213
46.05000 217.267
46.06000 219.705
46.07000 219.219
46.08000 218.357
46.09000 217.693
46.10000 213.250
46.11000 209.517
46.12000 208.416
46.13000 212.826
46.14000 217.408
46.15000 216.911
46.16000 209.354
46.17000 201.754
46.18000 204.053
46.19000 215.124
46.20000 226.015
46.21000 226.535
46.22000 221.040
46.23000 215.507
46.24000 209.244
46.25000 202.697
46.26000 196.628
46.27000 197.795
46.28000 200.533
46.29000 203.128
46.30000 204.867
46.31000 206.463
46.32000 207.809
46.33000 208.189
46.34000 208.473
46.35000 208.680
46.36000 208.781
46.37000 208.854
46.38000 206.772
46.39000 200.968
46.40000 195.098
46.41000 194.880
46.42000 201.044
46.43000 207.190
46.44000 209.488
46.45000 209.017
46.46000 208.477
46.47000 205.781
46.48000 202.054
46.49000 198.800
46.50000 202.152
46.51000 207.626
46.52000 212.574
46.53000 210.297
46.54000 206.950
46.55000 204.856
46.56000 208.820
46.57000 213.586
46.58000 216.499
46.59000 213.523
46.60000 210.109
46.61000 207.761
46.62000 205.829
46.63000 204.389
46.64000 204.334
46.65000 206.242
46.66000 208.163
46.67000 207.382
46.68000 204.152
46.69000 200.954
46.70000 200.759
46.71000 202.304
46.72000 203.761
46.73000 203.396
46.74000 202.309
46.75000 201.680
46.76000 205.794
46.77000 211.161
46.78000 215.872
46.79000 209.741
46.80000 202.883
46.81000 198.143
46.82000 201.753
46.83000 206.216
46.84000 209.106
46.85000 207.865
46.86000 206.407
46.87000 205.470
46.88000 200.687
46.89000 197.147
46.90000 194.279
46.91000 192.187
46.92000 190.121
46.93000 192.367
46.94000 197.783
46.95000 203.093
46.96000 202.382
46.97000 198.870
46.98000 195.476
46.99000 193.780
47.00000 192.639
47.01000 192.256
47.02000 197.913
47.03000 204.873
47.04000 210.780
47.05000 209.700
47.06000 208.001
47.07000 204.791
47.08000 196.680
47.09000 188.193
47.10000 184.178
47.11000 189.874
47.12000 195.906
47.13000 199.484
47.14000 200.707
47.15000 201.558
47.16000 198.865
47.17000 192.891
47.18000 186.966
47.19000 184.310
47.20000 183.624
47.21000 182.960
47.22000 182.446
47.23000 182.016
47.24000 182.060
47.25000 187.139
47.26000 193.574
47.27000 199.094
47.28000 198.871
47.29000 197.646
47.30000 196.646
47.31000 196.408
47.32000 196.280
47.33000 194.926
47.34000 190.294
47.35000 185.483
47.36000 186.066
47.37000 196.322
47.38000 206.773
47.39000 212.427
47.40000 201.593
47.41000 194.169
47.42000 189.335
47.43000 186.444
47.44000 183.573
47.45000 181.387
47.46000 179.544
47.47000 177.788
47.48000 178.411
47.49000 179.722
47.50000 181.187
47.51000 183.905
47.52000 186.898
47.53000 189.606
47.54000 190.869
47.55000 191.932
47.56000 192.762
47.57000 190.479
47.58000 188.463
47.59000 186.933
47.60000 186.483
47.61000 186.071
47.62000 185.844
47.63000 185.890
47.64000 185.938
47.65000 187.873
47.66000 191.595
47.67000 195.276
47.68000 196.142
47.69000 195.279
47.70000 194.253
47.71000 189.633
47.72000 183.536
47.73000 177.847
47.74000 181.784
47.75000 187.746
47.76000 192.511
47.77000 189.592
47.78000 185.304
47.79000 182.219
47.80000 184.067
47.81000 186.447
47.82000 188.213
47.83000 190.787
47.84000 192.823
47.85000 194.895
47.86000 197.035
47.87000 199.176
47.88000 197.599
47.89000 191.555
47.90000 185.517
47.91000 184.777
47.92000 188.074
47.93000 191.253
47.94000 190.083
47.95000 186.708
47.96000 183.491
47.97000 182.677
47.98000 182.679
47.99000 182.681
48.00000 185.830
48.01000 189.246
48.02000 192.159
48.03000 192.485
48.04000 192.444
48.05000 192.663
48.06000 193.758
48.07000 194.924
48.08000 195.741
48.09000 189.785
48.10000 185.086
48.11000 181.239
48.12000 178.672
48.13000 176.118
48.14000 177.587
48.15000 182.945
48.16000 188.260
48.17000 188.409
48.18000 185.375
48.19000 182.402
48.20000 180.845
48.21000 179.881
48.22000 178.952
48.23000 178.414
48.24000 177.986
48.25000 177.607
48.26000 182.294
48.27000 187.146
48.28000 191.534
48.29000 193.977
48.30000 196.205
48.31000 196.840
48.32000 193.046
48.33000 188.993
48.34000 186.335
48.35000 186.816
48.36000 187.221
48.37000 187.020
48.38000 186.076
48.39000 185.139
48.40000 186.717
48.41000 190.259
48.42000 193.743
48.43000 192.451
48.44000 188.815
48.45000 185.464
48.46000 186.624
48.47000 189.347
48.48000 191.584
48.49000 189.668
48.50000 186.799
48.51000 184.339
48.52000 181.564
48.53000 179.181
48.54000 177.846
48.55000 180.106
48.56000 182.667
48.57000 184.756
48.58000 185.760
48.59000 186.721
48.60000 187.306
48.61000 184.247
48.62000 182.035
48.63000 181.242
48.64000 181.852
48.65000 182.481
48.66000 184.632
48.67000 187.755
48.68000 190.789
48.69000 188.617
48.70000 184.443
48.71000 180.681
48.72000 181.707
48.73000 184.099
48.74000 186.777
48.75000 191.375
48.76000 196.331
48.77000 200.425
48.78000 193.243
48.79000 186.269
48.80000 180.797
48.81000 179.576
48.82000 178.613
48.83000 178.761
48.84000 181.017
48.85000 183.324
48.86000 184.608
48.87000 184.126
48.88000 183.784
48.89000 182.196
48.90000 179.614
48.91000 177.139
48.92000 179.088
48.93000 183.364
48.94000 187.457
48.95000 188.342
48.96000 188.113
48.97000 188.024
48.98000 189.164
48.99000 190.590
49.00000 191.785
49.01000 191.731
49.02000 191.493
49.03000 191.304
49.04000 190.007
49.05000 188.889
49.06000 187.309
49.07000 184.652
49.08000 181.950
49.09000 179.787
49.10000 178.464
49.11000 177.152
49.12000 176.492
49.13000 180.225
49.14000 182.700
49.15000 183.572
49.16000 183.400
49.17000 183.279
49.18000 184.427
49.19000 186.127
49.20000 187.722
49.21000 182.619
49.22000 176.189
49.23000 171.063
49.24000 174.901
49.25000 180.442
49.26000 184.514
49.27000 182.196
49.28000 179.134
49.29000 176.825
49.30000 182.258
49.31000 186.893
49.32000 188.707
49.33000 185.063
49.34000 181.281
49.35000 179.686
49.36000 180.884
49.37000 182.091
49.38000 183.500
49.39000 185.066
49.40000 186.577
49.41000 185.669
49.42000 183.464
49.43000 181.373
49.44000 181.240
49.45000 181.809
49.46000 182.332
49.47000 184.537
49.48000 186.861
49.49000 188.278
49.50000 184.715
49.51000 180.396
49.52000 176.114
49.53000 171.966
49.54000 167.831
49.55000 164.881
49.56000 168.285
49.57000 171.090
49.58000 173.465
49.59000 175.156
49.60000 176.839
49.61000 177.438
49.62000 176.919
49.63000 176.404
49.64000 176.341
49.65000 176.576
49.66000 176.579
49.67000 170.484
49.68000 161.690
49.69000 154.062
49.70000 160.751
49.71000 171.684
49.72000 181.454
49.73000 185.517
49.74000 188.094
49.75000 189.306
49.76000 184.449
49.77000 178.869
49.78000 174.343
49.79000 172.916
49.80000 171.690
49.81000 170.869
49.82000 177.628
49.83000 182.791
49.84000 184.152
49.85000 180.556
49.86000 176.944
49.87000 175.820
49.88000 176.764
49.89000 177.694
49.90000 179.028
49.91000 180.539
49.92000 182.044
49.93000 183.448
49.94000 184.815
49.95000 186.184
49.96000 187.569
49.97000 188.959
49.98000 190.162
49.99000 185.869
50.00000 181.491
50.01000 178.631
50.02000 181.294
50.03000 184.461
50.04000 188.161
50.05000 193.154
50.06000 198.205
50.07000 201.349
50.08000 192.896
50.09000 186.690
50.10000 182.996
50.11000 181.949
50.12000 180.909
50.13000 180.552
50.14000 180.656
50.15000 180.757
50.16000 184.059
50.17000 188.594
50.18000 192.703
50.19000 191.439
50.20000 188.551
50.21000 186.031
50.22000 186.167
50.23000 186.828
50.24000 187.380
50.25000 188.395
50.26000 189.285
50.27000 190.040
50.28000 190.390
50.29000 190.713
50.30000 190.549
50.31000 189.409
50.32000 188.242
50.33000 187.574
50.34000 197.253
50.35000 204.041
50.36000 207.963
50.37000 209.454
50.38000 210.983
50.39000 214.436
50.40000 218.960
50.41000 223.311
50.42000 227.855
50.43000 232.182
50.44000 235.932
50.45000 234.206
50.46000 231.121
50.47000 228.879
50.48000 231.468
50.49000 234.824
50.50000 237.516
50.51000 247.129
50.52000 255.439
50.53000 261.596
50.54000 262.429
50.55000 263.013
50.56000 263.422
50.57000 263.542
50.58000 263.657
50.59000 263.717
50.60000 267.005
50.61000 269.221
50.62000 270.885
50.63000 272.167
50.64000 273.435
50.65000 274.264
50.66000 274.892
50.67000 275.485
50.68000 276.738
50.69000 278.074
50.70000 279.158
50.71000 278.392
50.72000 277.251
50.73000 277.524
50.74000 284.342
50.75000 291.981
50.76000 297.828
50.77000 290.748
50.78000 284.453
50.79000 276.396
50.80000 264.732
50.81000 252.962
50.82000 247.210
50.83000 249.626
50.84000 252.086
50.85000 249.049
50.86000 241.266
50.87000 233.544
50.88000 229.013
50.89000 226.291
50.90000 223.778
50.91000 225.206
50.92000 228.132
50.93000 230.836
50.94000 227.020
50.95000 222.113
50.96000 217.159
50.97000 211.932
50.98000 206.662
50.99000 201.989
51.00000 199.574
51.01000 197.378
51.02000 195.784
51.03000 195.242
51.04000 194.865
51.05000 195.654
51.06000 198.412
51.07000 201.202
51.08000 201.877
51.09000 200.225
51.10000 198.580
51.11000 196.954
51.12000 195.360
51.13000 193.687
51.14000 189.645
51.15000 184.494
51.16000 179.970
51.17000 183.867
51.18000 190.407
51.19000 196.299
51.20000 194.538
51.21000 191.608
51.22000 189.594
51.23000 191.909
51.24000 194.780
51.25000 195.245
51.26000 188.230
51.27000 180.680
51.28000 175.527
51.29000 173.832
51.30000 172.645
51.31000 173.312
51.32000 176.546
51.33000 179.792
51.34000 179.170
51.35000 175.127
51.36000 171.129
51.37000 171.287
51.38000 173.788
51.39000 176.090
51.40000 174.481
51.41000 171.358
51.42000 168.824
51.43000 172.189
51.44000 177.075
51.45000 181.350
51.46000 181.593
51.47000 181.228
51.48000 180.704
51.49000 179.570
51.50000 178.374
51.51000 177.617
51.52000 177.983
51.53000 178.406
51.54000 178.676
51.55000 171.360
51.56000 165.948
51.57000 164.000
51.58000 165.948
51.59000 167.884
51.60000 167.667
51.61000 165.903
51.62000 164.175
51.63000 164.025
51.64000 164.605
51.65000 165.259
51.66000 166.958
51.67000 168.991
51.68000 170.913
51.69000 171.979
51.70000 172.866
51.71000 173.615
51.72000 170.439
51.73000 167.351
51.74000 165.422
51.75000 167.163
51.76000 169.174
51.77000 170.886
51.78000 171.961
51.79000 173.014
51.80000 173.633
51.81000 169.675
51.82000 166.864
51.83000 166.103
51.84000 167.194
51.85000 168.212
51.86000 164.795
51.87000 158.765
51.88000 152.939
51.89000 155.085
51.90000 160.073
51.91000 164.182
51.92000 159.229
51.93000 151.892
51.94000 145.534
51.95000 145.154
51.96000 145.790
51.97000 146.307
51.98000 153.366
51.99000 159.668
52.00000 164.432
52.01000 165.172
52.02000 165.701
52.03000 166.221
52.04000 166.726
52.05000 167.231
52.06000 167.501
52.07000 165.075
52.08000 163.419
52.09000 161.855
52.10000 160.360
52.11000 158.886
52.12000 158.128
52.13000 157.717
52.14000 157.326
52.15000 159.655
52.16000 162.625
52.17000 164.987
52.18000 162.539
52.19000 159.058
52.20000 156.767
52.21000 160.333
52.22000 164.689
52.23000 168.071
52.24000 169.238
52.25000 170.032
52.26000 170.755
52.27000 171.328
52.28000 171.895
52.29000 172.105
52.30000 171.799
52.31000 171.489
52.32000 168.829
52.33000 164.005
52.34000 159.255
52.35000 159.418
52.36000 162.532
52.37000 165.508
52.38000 165.579
52.39000 164.482
52.40000 163.461
52.41000 166.939
52.42000 171.173
52.43000 174.396
52.44000 171.291
52.45000 167.088
52.46000 163.375
52.47000 161.623
52.48000 160.076
52.49000 158.935
52.50000 156.995
52.51000 155.458
52.52000 155.350
52.53000 157.794
52.54000 160.289
52.55000 162.116
52.56000 163.160
52.57000 164.200
52.58000 165.262
52.59000 166.334
52.60000 167.300
52.61000 164.550
52.62000 159.960
52.63000 155.640
52.64000 155.309
52.65000 156.302
52.66000 157.205
52.67000 158.443
52.68000 159.601
52.69000 161.063
52.70000 164.053
52.71000 167.254
52.72000 169.042
52.73000 166.180
52.74000 162.953
52.75000 160.709
52.76000 157.928
52.77000 155.817
52.78000 154.318
52.79000 153.718
52.80000 153.126
52.81000 152.096
52.82000 150.653
52.83000 149.223
52.84000 154.704
52.85000 164.232
52.86000 173.365
52.87000 173.815
52.88000 170.708
52.89000 168.119
52.90000 171.169
52.91000 175.763
52.92000 179.818
52.93000 170.559
52.94000 160.531
52.95000 152.357
52.96000 151.756
52.97000 151.968
52.98000 153.546
52.99000 158.837
53.00000 164.336
53.01000 167.913
53.02000 172.081
53.03000 175.146
53.04000 173.611
53.05000 166.570
53.06000 159.540
53.07000 157.247
53.08000 158.567
53.09000 159.863
53.10000 159.603
53.11000 158.593
53.12000 157.871
53.13000 161.535
53.14000 166.684
53.15000 171.564
53.16000 174.197
53.17000 176.328
53.18000 178.148
53.19000 173.671
53.20000 169.150
53.21000 164.788
53.22000 160.957
53.23000 157.169
53.24000 155.865
53.25000 160.144
53.26000 164.633
53.27000 167.335
53.28000 165.954
53.29000 164.944
53.30000 162.851
53.31000 159.713
53.32000 156.623
53.33000 157.106
53.34000 159.819
53.35000 162.451
53.36000 168.650
53.37000 175.938
53.38000 182.457
53.39000 180.371
53.40000 175.886
53.41000 171.868
53.42000 170.907
53.43000 170.499
53.44000 170.164
53.45000 172.323
53.46000 174.323
53.47000 174.990
53.48000 171.969
53.49000 168.733
53.50000 167.082
53.51000 168.371
53.52000 169.726
53.53000 170.472
53.54000 167.716
53.55000 165.821
53.56000 166.442
53.57000 169.022
53.58000 171.537
53.59000 171.561
53.60000 170.304
53.61000 169.104
53.62000 164.208
53.63000 158.473
53.64000 153.673
53.65000 156.853
53.66000 161.854
53.67000 165.511
53.68000 162.122
53.69000 157.716
53.70000 154.246
53.71000 155.073
53.72000 156.023
53.73000 159.102
53.74000 167.055
53.75000 175.199
53.76000 178.774
53.77000 175.370
53.78000 171.892
53.79000 168.495
53.80000 165.179
53.81000 161.906
53.82000 162.289
53.83000 164.997
53.84000 167.529
53.85000 165.842
53.86000 162.362
53.87000 159.102
53.88000 156.693
53.89000 154.721
53.90000 153.090
53.91000 153.733
53.92000 154.797
53.93000 155.792
53.94000 156.495
53.95000 157.165
53.96000 157.667
53.97000 157.707
53.98000 157.716
53.99000 158.529
54.00000 160.861
54.01000 163.229
54.02000 162.868
54.03000 159.102
54.04000 155.333
54.05000 152.970
54.06000 151.730
54.07000 150.585
54.08000 153.377
54.09000 158.232
54.10000 162.723
54.11000 161.282
54.12000 157.756
54.13000 154.529
54.14000 153.643
54.15000 153.341
54.16000 153.528
54.17000 156.337
54.18000 159.534
54.19000 161.710
54.20000 160.332
54.21000 158.649
54.22000 157.457
54.23000 156.360
54.24000 155.529
54.25000 155.538
54.26000 156.858
54.27000 158.193
54.28000 159.880
54.29000 161.923
54.30000 163.951
54.31000 161.276
54.32000 155.636
54.33000 150.102
54.34000 147.208
54.35000 145.458
54.36000 144.300
54.37000 150.159
54.38000 158.054
54.39000 165.084
54.40000 165.126
54.41000 164.015
54.42000 162.895
54.43000 161.732
54.44000 160.564
54.45000 159.536
54.46000 158.913
54.47000 158.315
54.48000 157.918
54.49000 152.906
54.50000 149.117
54.51000 148.656
54.52000 152.433
54.53000 156.223
54.54000 159.645
54.55000 162.769
54.56000 165.847
54.57000 163.126
54.58000 157.481
54.59000 151.926
54.60000 147.892
54.61000 144.402
54.62000 141.475
54.63000 143.590
54.64000 146.904
54.65000 149.763
54.66000 153.185
54.67000 156.161
54.68000 158.610
54.69000 159.188
54.70000 159.600
54.71000 160.431
54.72000 162.256
54.73000 164.123
54.74000 165.275
54.75000 163.590
54.76000 162.354
54.77000 162.719
54.78000 164.729
54.79000 166.709
54.80000 165.704
54.81000 162.725
54.82000 159.823
54.83000 158.839
54.84000 158.709
54.85000 158.518
54.86000 157.588
54.87000 156.441
54.88000 155.933
54.89000 159.910
54.90000 164.753
54.91000 168.783
54.92000 166.189
54.93000 163.390
54.94000 162.302
54.95000 166.222
54.96000 170.465
54.97000 173.722
54.98000 175.040
54.99000 176.307
55.00000 177.024
55.01000 169.528
55.02000 164.295
55.03000 161.340
55.04000 160.271
55.05000 159.240
55.06000 160.012
55.07000 161.764
55.08000 163.446
55.09000 163.110
55.10000 162.109
55.11000 161.634
55.12000 166.015
55.13000 171.573
55.14000 176.849
55.15000 180.559
55.16000 184.026
55.17000 186.793
55.18000 180.261
55.19000 174.306
55.20000 170.137
55.21000 170.290
55.22000 170.635
55.23000 171.597
55.24000 173.555
55.25000 175.528
55.26000 176.538
55.27000 176.322
55.28000 176.175
55.29000 175.897
55.30000 175.530
55.31000 175.284
55.32000 178.313
55.33000 182.816
55.34000 187.058
55.35000 187.872
55.36000 187.672
55.37000 187.753
55.38000 189.849
55.39000 192.342
55.40000 195.554
55.41000 202.011
55.42000 208.862
55.43000 214.075
55.44000 221.030
55.45000 226.593
55.46000 231.124
55.47000 233.587
55.48000 235.993
55.49000 240.035
55.50000 246.245
55.51000 252.459
55.52000 257.829
55.53000 262.476
55.54000 267.219
55.55000 276.754
55.56000 288.946
55.57000 300.917
55.58000 308.885
55.59000 315.366
55.60000 321.340
55.61000 347.755
55.62000 375.931
55.63000 401.440
55.64000 411.730
55.65000 419.612
55.66000 429.469
55.67000 446.622
55.68000 464.456
55.69000 477.308
55.70000 500.655
55.71000 518.915
55.72000 539.277
55.73000 563.108
55.74000 586.990
55.75000 614.745
55.76000 646.658
55.77000 678.415
55.78000 701.652
55.79000 718.828
55.80000 735.839
55.81000 748.147
55.82000 758.301
55.83000 769.267
55.84000 790.740
55.85000 815.440
55.86000 837.622
55.87000 839.745
55.88000 838.069
55.89000 837.147
55.90000 839.706
55.91000 842.698
55.92000 847.654
55.93000 858.581
55.94000 869.919
55.95000 877.599
55.96000 834.156
55.97000 800.656
55.98000 778.364
55.99000 771.225
56.00000 764.164
56.01000 752.938
56.02000 738.122
56.03000 723.485
56.04000 702.603
56.05000 678.803
56.06000 655.449
56.07000 640.490
56.08000 628.711
56.09000 616.163
56.10000 596.161
56.11000 574.279
56.12000 555.212
56.13000 530.607
56.14000 508.817
56.15000 486.725
56.16000 463.493
56.17000 440.153
56.18000 419.795
56.19000 406.929
56.20000 394.425
56.21000 386.536
56.22000 364.188
56.23000 347.838
56.24000 334.995
56.25000 326.000
56.26000 317.003
56.27000 307.588
56.28000 297.880
56.29000 288.389
56.30000 273.285
56.31000 256.296
56.32000 240.112
56.33000 234.678
56.34000 232.608
56.35000 230.505
56.36000 228.154
56.37000 225.752
56.38000 223.731
56.39000 208.299
56.40000 194.000
56.41000 184.537
56.42000 190.057
56.43000 196.642
56.44000 200.919
56.45000 200.400
56.46000 199.733
56.47000 199.345
56.48000 194.100
56.49000 190.395
56.50000 187.109
56.51000 184.193
56.52000 181.318
56.53000 180.811
56.54000 181.668
56.55000 182.494
56.56000 178.432
56.57000 172.837
56.58000 167.927
56.59000 169.846
56.60000 173.520
56.61000 176.480
56.62000 175.183
56.63000 173.182
56.64000 171.564
56.65000 167.465
56.66000 163.931
56.67000 161.367
56.68000 161.285
56.69000 161.326
56.70000 162.272
56.71000 164.771
56.72000 167.295
56.73000 168.630
56.74000 164.820
56.75000 162.242
56.76000 161.372
56.77000 161.724
56.78000 162.101
56.79000 163.245
56.80000 164.755
56.81000 166.185
56.82000 162.360
56.83000 157.291
56.84000 153.052
56.85000 155.191
56.86000 158.668
56.87000 161.607
56.88000 161.962
56.89000 161.978
56.90000 161.991
56.91000 164.635
56.92000 166.884
56.93000 166.415
56.94000 160.196
56.95000 153.789
56.96000 147.358
56.97000 140.892
56.98000 134.429
56.99000 133.937
57.00000 138.811
57.01000 143.665
57.02000 147.362
57.03000 150.379
57.04000 153.251
57.05000 153.196
57.06000 151.990
57.07000 150.870
57.08000 149.756
57.09000 148.752
57.10000 147.958
57.11000 148.444
57.12000 149.145
57.13000 150.526
57.14000 154.568
57.15000 158.880
57.16000 162.039
57.17000 160.800
57.18000 159.667
57.19000 158.223
57.20000 156.236
57.21000 154.240
57.22000 151.025
57.23000 146.416
57.24000 141.821
57.25000 142.398
57.26000 146.713
57.27000 150.864
57.28000 149.605
57.29000 145.725
57.30000 142.054
57.31000 141.361
57.32000 141.634
57.33000 141.881
57.34000 137.034
57.35000 131.802
57.36000 128.228
57.37000 132.773
57.38000 138.408
57.39000 143.543
57.40000 147.067
57.41000 150.468
57.42000 152.817
57.43000 145.689
57.44000 140.090
57.45000 138.137
57.46000 141.415
57.47000 144.733
57.48000 146.797
57.49000 147.708
57.50000 148.611
57.51000 146.963
57.52000 143.856
57.53000 140.960
57.54000 142.525
57.55000 145.876
57.56000 148.886
57.57000 148.306
57.58000 146.766
57.59000 145.411
57.60000 144.612
57.61000 144.007
57.62000 143.479
57.63000 143.258
57.64000 143.069
57.65000 143.921
57.66000 147.540
57.67000 151.309
57.68000 153.739
57.69000 157.056
57.70000 159.492
57.71000 157.843
57.72000 151.423
57.73000 145.031
57.74000 145.159
57.75000 150.141
57.76000 155.028
57.77000 152.858
57.78000 147.410
57.79000 142.326
57.80000 142.579
57.81000 144.599
57.82000 145.933
57.83000 141.719
57.84000 136.294
57.85000 131.679
57.86000 135.399
57.87000 139.485
57.88000 142.494
57.89000 141.970
57.90000 141.170
57.91000 141.402
57.92000 143.904
57.93000 146.486
57.94000 148.025
57.95000 145.834
57.96000 144.257
57.97000 143.128
57.98000 142.419
57.99000 141.703
58.00000 140.547
58.01000 139.124
58.02000 137.745
58.03000 138.937
58.04000 141.056
58.05000 142.950
58.06000 142.403
58.07000 141.191
58.08000 140.377
58.09000 142.092
58.10000 144.254
58.11000 146.023
58.12000 143.505
58.13000 141.066
58.14000 140.199
58.15000 143.588
58.16000 147.214
58.17000 149.692
58.18000 150.083
58.19000 150.431
58.20000 150.620
58.21000 149.368
58.22000 148.509
58.23000 148.332
58.24000 148.673
58.25000 148.912
58.26000 145.441
58.27000 140.106
58.28000 135.021
58.29000 135.132
58.30000 136.859
58.31000 138.523
58.32000 139.660
58.33000 140.681
58.34000 141.817
58.35000 143.543
58.36000 145.351
58.37000 146.767
58.38000 141.054
58.39000 136.033
58.40000 132.899
58.41000 133.994
58.42000 135.247
58.43000 136.654
58.44000 138.290
58.45000 139.929
58.46000 141.613
58.47000 143.340
58.48000 145.017
58.49000 142.917
58.50000 138.468
58.51000 134.227
58.52000 134.722
58.53000 137.186
58.54000 139.489
58.55000 141.435
58.56000 143.110
58.57000 144.079
58.58000 140.446
58.59000 135.982
58.60000 133.529
58.61000 139.423
58.62000 146.231
58.63000 151.302
58.64000 142.754
58.65000 135.488
58.66000 129.873
58.67000 127.313
58.68000 124.821
58.69000 128.113
58.70000 138.445
58.71000 148.771
58.72000 151.248
58.73000 147.659
58.74000 144.120
58.75000 142.513
58.76000 141.896
58.77000 141.119
58.78000 137.835
58.79000 133.690
58.80000 129.907
58.81000 133.129
58.82000 137.399
58.83000 140.876
58.84000 140.210
58.85000 138.948
58.86000 137.726
58.87000 136.642
58.88000 135.569
58.89000 134.814
58.90000 132.746
58.91000 131.141
58.92000 131.715
58.93000 135.605
58.94000 139.529
58.95000 141.406
58.96000 141.278
58.97000 141.150
58.98000 138.482
58.99000 134.275
59.00000 130.162
59.01000 128.298
59.02000 127.386
59.03000 126.896
59.04000 131.238
59.05000 136.948
59.06000 142.017
59.07000 145.756
59.08000 148.783
59.09000 149.653
59.10000 141.383
59.11000 132.085
59.12000 126.123
59.13000 129.537
59.14000 133.513
59.15000 136.131
59.16000 134.424
59.17000 133.092
59.18000 134.077
59.19000 137.943
59.20000 141.810
59.21000 143.460
59.22000 143.356
59.23000 143.254
59.24000 143.178
59.25000 143.118
59.26000 142.854
59.27000 139.278
59.28000 134.542
59.29000 130.554
59.30000 133.068
59.31000 137.092
59.32000 140.550
59.33000 140.088
59.34000 139.210
59.35000 138.435
59.36000 138.023
59.37000 137.641
59.38000 137.855
59.39000 139.453
59.40000 141.108
59.41000 142.119
59.42000 139.210
59.43000 137.098
59.44000 135.044
59.45000 133.049
59.46000 131.066
59.47000 130.256
59.48000 130.204
59.49000 130.153
59.50000 130.411
59.51000 130.783
59.52000 131.158
59.53000 131.560
59.54000 131.970
59.55000 132.565
59.56000 134.423
59.57000 136.520
59.58000 138.256
59.59000 135.406
59.60000 132.618
59.61000 131.289
59.62000 134.138
59.63000 137.247
59.64000 139.441
59.65000 139.879
59.66000 140.274
59.67000 140.495
59.68000 138.349
59.69000 136.856
59.70000 134.998
59.71000 132.845
59.72000 130.790
59.73000 132.977
59.74000 137.420
59.75000 141.677
59.76000 140.754
59.77000 138.170
59.78000 135.895
59.79000 136.378
59.80000 137.513
59.81000 138.708
59.82000 140.222
59.83000 141.785
59.84000 143.026
59.85000 132.940
59.86000 124.022
59.87000 119.678
59.88000 126.163
59.89000 133.107
59.90000 137.781
59.91000 138.867
59.92000 139.907
59.93000 140.433
59.94000 134.259
59.95000 130.187
59.96000 131.866
59.97000 137.337
59.98000 142.528
59.99000 140.497
60.00000 135.292
60.01000 130.397
60.02000 132.432
60.03000 136.153
60.04000 139.028
60.05000 136.009
60.06000 131.857
60.07000 128.764
60.08000 130.342
60.09000 132.473
60.10000 134.084
60.11000 134.453
60.12000 134.681
60.13000 134.591
60.14000 133.881
60.15000 133.154
60.16000 134.500
60.17000 138.528
60.18000 142.562
60.19000 143.082
60.20000 140.715
60.21000 138.346
60.22000 135.888
60.23000 133.381
60.24000 131.041
60.25000 131.602
60.26000 133.218
60.27000 134.703
60.28000 136.330
60.29000 137.813
60.30000 139.127
60.31000 139.503
60.32000 139.734
60.33000 139.955
60.34000 140.143
60.35000 140.327
60.36000 140.459
60.37000 137.914
60.38000 135.881
60.39000 135.320
60.40000 137.135
60.41000 138.982
60.42000 139.027
60.43000 137.187
60.44000 135.357
60.45000 135.081
60.46000 135.839
60.47000 136.610
60.48000 137.731
60.49000 139.010
60.50000 139.896
60.51000 135.880
60.52000 130.393
60.53000 125.482
60.54000 126.037
60.55000 127.457
60.56000 129.282
60.57000 132.927
60.58000 136.792
60.59000 139.790
60.60000 140.210
60.61000 140.460
60.62000 140.628
60.63000 134.770
60.64000 130.294
60.65000 127.761
60.66000 127.793
60.67000 127.831
60.68000 124.977
60.69000 119.691
60.70000 114.474
60.71000 118.321
60.72000 126.940
60.73000 135.149
60.74000 135.973
60.75000 134.061
60.76000 132.149
60.77000 130.229
60.78000 128.307
60.79000 126.639
60.80000 126.657
60.81000 126.899
60.82000 126.884
60.83000 125.924
60.84000 124.876
60.85000 124.426
60.86000 125.443
60.87000 126.527
60.88000 127.205
60.89000 129.101
60.90000 130.481
60.91000 131.503
60.92000 132.141
60.93000 132.780
60.94000 133.523
60.95000 134.336
60.96000 135.131
60.97000 135.915
60.98000 136.661
60.99000 137.267
61.00000 136.083
61.01000 134.351
61.02000 133.284
61.03000 137.081
61.04000 141.853
61.05000 145.850
61.06000 140.568
61.07000 135.218
61.08000 131.278
61.09000 131.607
61.10000 132.229
61.11000 132.225
61.12000 130.947
61.13000 129.632
61.14000 128.876
61.15000 130.112
61.16000 130.986
61.17000 133.609
61.18000 137.733
61.19000 141.740
61.20000 139.683
61.21000 134.211
61.22000 128.944
61.23000 129.373
61.24000 131.793
61.25000 134.043
61.26000 134.651
61.27000 134.846
61.28000 135.664
61.29000 140.094
61.30000 145.107
61.31000 149.139
61.32000 140.828
61.33000 133.134
61.34000 127.756
61.35000 128.178
61.36000 128.877
61.37000 130.792
61.38000 134.745
61.39000 138.730
61.40000 140.810
61.41000 141.105
61.42000 141.313
61.43000 142.661
61.44000 144.807
61.45000 147.022
61.46000 151.293
61.47000 156.520
61.48000 161.463
61.49000 161.352
61.50000 159.802
61.51000 159.566
61.52000 169.163
61.53000 180.774
61.54000 194.017
61.55000 214.912
61.56000 236.782
61.57000 253.571
61.58000 267.800
61.59000 278.905
61.60000 290.482
61.61000 303.040
61.62000 315.627
61.63000 325.276
61.64000 330.887
61.65000 336.470
61.66000 336.733
61.67000 332.338
61.68000 327.972
61.69000 325.277
61.70000 323.541
61.71000 321.882
61.72000 321.717
61.73000 322.127
61.74000 322.507
61.75000 321.608
61.76000 320.506
61.77000 316.862
61.78000 298.139
61.79000 276.930
61.80000 256.286
61.81000 237.800
61.82000 219.525
61.83000 206.220
61.84000 191.410
61.85000 179.952
61.86000 171.226
61.87000 167.167
61.88000 163.188
61.89000 158.749
61.90000 153.799
61.91000 148.868
61.92000 146.156
61.93000 145.038
61.94000 143.974
61.95000 144.589
61.96000 146.001
61.97000 147.258
61.98000 146.406
61.99000 144.883
62.00000 143.509
62.01000 142.208
62.02000 141.078
62.03000 139.897
62.04000 138.469
62.05000 137.010
62.06000 136.669
62.07000 139.849
62.08000 143.286
62.09000 145.641
62.10000 142.077
62.11000 139.266
62.12000 139.518
62.13000 144.065
62.14000 148.637
62.15000 148.899
62.16000 145.299
62.17000 141.737
62.18000 141.553
62.19000 143.304
62.20000 144.988
62.21000 145.313
62.22000 145.105
62.23000 144.748
62.24000 142.862
62.25000 140.577
62.26000 138.574
62.27000 141.573
62.28000 144.868
62.29000 147.027
62.30000 144.753
62.31000 142.031
62.32000 139.825
62.33000 138.957
62.34000 138.158
62.35000 137.647
62.36000 143.277
62.37000 147.456
62.38000 150.050
62.39000 150.838
62.40000 151.614
62.41000 150.637
62.42000 148.386
62.43000 146.181
62.44000 143.658
62.45000 141.084
62.46000 138.609
62.47000 137.525
62.48000 136.891
62.49000 136.462
62.50000 137.634
62.51000 139.149
62.52000 140.432
62.53000 148.613
62.54000 156.238
62.55000 160.314
62.56000 153.016
62.57000 144.862
62.58000 139.684
62.59000 140.903
62.60000 142.337
62.61000 143.184
62.62000 136.752
62.63000 132.173
62.64000 134.034
62.65000 141.786
62.66000 149.433
62.67000 150.340
62.68000 147.229
62.69000 144.221
62.70000 142.356
62.71000 141.026
62.72000 139.889
62.73000 140.775
62.74000 142.200
62.75000 143.679
62.76000 145.500
62.77000 147.379
62.78000 148.910
62.79000 143.539
62.80000 138.567
62.81000 135.274
62.82000 136.426
62.83000 137.817
62.84000 139.441
62.85000 141.482
62.86000 143.531
62.87000 144.633
62.88000 140.444
62.89000 137.596
62.90000 138.434
62.91000 142.007
62.92000 145.509
62.93000 146.622
62.94000 146.560
62.95000 146.501
62.96000 146.510
62.97000 146.539
62.98000 146.673
62.99000 147.653
63.00000 148.818
63.01000 149.822
63.02000 150.022
63.03000 150.112
63.04000 150.182
63.05000 151.018
63.06000 151.732
63.07000 152.174
63.08000 152.022
63.09000 151.848
63.10000 150.320
63.11000 146.815
63.12000 143.294
63.13000 138.587
63.14000 132.774
63.15000 127.090
63.16000 130.131
63.17000 138.477
63.18000 146.531
63.19000 148.239
63.20000 147.367
63.21000 146.554
63.22000 147.770
63.23000 149.369
63.24000 150.644
63.25000 149.870
63.26000 148.736
63.27000 147.576
63.28000 146.312
63.29000 145.037
63.30000 144.094
63.31000 144.620
63.32000 145.091
63.33000 143.434
63.34000 137.925
63.35000 132.338
63.36000 132.340
63.37000 138.982
63.38000 145.618
63.39000 149.644
63.40000 151.681
63.41000 153.607
63.42000 151.549
63.43000 147.493
63.44000 143.742
63.45000 144.578
63.46000 146.956
63.47000 149.119
63.48000 153.531
63.49000 157.877
63.50000 160.986
63.51000 157.809
63.52000 153.751
63.53000 150.823
63.54000 151.654
63.55000 152.786
63.56000 153.576
63.57000 150.121
63.58000 147.393
63.59000 147.461
63.60000 151.685
63.61000 155.949
63.62000 157.045
63.63000 155.115
63.64000 153.202
63.65000 155.829
63.66000 161.171
63.67000 166.203
63.68000 164.235
63.69000 159.367
63.70000 154.949
63.71000 155.529
63.72000 157.492
63.73000 159.228
63.74000 161.234
63.75000 163.011
63.76000 164.199
63.77000 162.956
63.78000 161.447
63.79000 160.035
63.80000 158.890
63.81000 157.760
63.82000 157.022
63.83000 152.094
63.84000 148.409
63.85000 150.271
63.86000 158.859
63.87000 167.434
63.88000 169.221
63.89000 165.767
63.90000 162.372
63.91000 159.178
63.92000 156.189
63.93000 153.499
63.94000 155.464
63.95000 159.024
63.96000 161.955
63.97000 159.579
63.98000 156.000
63.99000 152.937
64.00000 151.269
64.01000 150.030
64.02000 149.820
64.03000 153.103
64.04000 156.675
64.05000 157.629
64.06000 152.637
64.07000 147.415
64.08000 144.255
64.09000 146.841
64.10000 148.727
64.11000 152.862
64.12000 159.193
64.13000 165.438
64.14000 164.879
64.15000 160.021
64.16000 155.303
64.17000 155.900
64.18000 158.595
64.19000 161.057
64.20000 160.865
64.21000 159.925
64.22000 159.152
64.23000 159.492
64.24000 160.036
64.25000 160.484
64.26000 156.773
64.27000 153.336
64.28000 152.385
64.29000 158.394
64.30000 164.818
64.31000 167.273
64.32000 162.277
64.33000 157.108
64.34000 154.246
64.35000 162.722
64.36000 168.572
64.37000 167.991
64.38000 162.343
64.39000 156.772
64.40000 154.292
64.41000 153.421
64.42000 152.588
64.43000 154.509
64.44000 157.190
64.45000 159.880
64.46000 162.635
64.47000 165.406
64.48000 167.900
64.49000 168.928
64.50000 169.741
64.51000 170.383
64.52000 174.264
64.53000 177.598
64.54000 179.430
64.55000 177.783
64.56000 175.996
64.57000 174.717
64.58000 174.223
64.59000 173.738
64.60000 173.216
64.61000 172.656
64.62000 172.126
64.63000 174.215
64.64000 177.989
64.65000 181.549
64.66000 179.838
64.67000 175.859
64.68000 172.128
64.69000 172.823
64.70000 174.615
64.71000 176.201
64.72000 176.386
64.73000 176.307
64.74000 176.199
64.75000 175.965
64.76000 175.717
64.77000 175.530
64.78000 179.542
64.79000 182.882
64.80000 185.471
64.81000 186.623
64.82000 187.739
64.83000 187.360
64.84000 185.091
64.85000 182.819
64.86000 182.664
64.87000 184.205
64.88000 185.771
64.89000 188.449
64.90000 191.715
64.91000 194.829
64.92000 195.410
64.93000 195.089
64.94000 194.796
64.95000 195.370
64.96000 196.064
64.97000 196.368
64.98000 194.556
64.99000 192.426
65.00000 190.999
65.01000 192.053
65.02000 193.323
65.03000 194.226
65.04000 200.497
65.05000 205.443
65.06000 210.321
65.07000 215.091
65.08000 219.860
65.09000 224.472
65.10000 228.923
65.11000 233.346
65.12000 234.530
65.13000 233.602
65.14000 232.738
65.15000 233.533
65.16000 235.054
65.17000 236.881
65.18000 242.398
65.19000 248.999
65.20000 254.887
65.21000 261.172
65.22000 266.706
65.23000 272.640
65.24000 280.329
65.25000 288.225
65.26000 294.304
65.27000 295.104
65.28000 295.568
65.29000 295.877
65.30000 296.432
65.31000 296.849
65.32000 299.449
65.33000 304.866
65.34000 310.307
65.35000 321.489
65.36000 337.383
65.37000 353.051
65.38000 357.565
65.39000 356.094
65.40000 354.945
65.41000 359.331
65.42000 365.723
65.43000 372.679
65.44000 384.781
65.45000 398.120
65.46000 409.654
65.47000 413.821
65.48000 416.400
65.49000 417.546
65.50000 413.538
65.51000 409.068
65.52000 409.597
65.53000 422.142
65.54000 435.214
65.55000 443.312
65.56000 450.627
65.57000 455.881
65.58000 459.502
65.59000 461.423
65.60000 463.389
65.61000 470.082
65.62000 479.938
65.63000 489.546
65.64000 500.705
65.65000 512.017
65.66000 525.135
65.67000 560.698
65.68000 602.972
65.69000 645.763
65.70000 692.232
65.71000 739.421
65.72000 778.774
65.73000 866.353
65.74000 943.789
65.75000 1019.848
65.76000 1091.827
65.77000 1163.537
65.78000 1230.282
65.79000 1287.159
65.80000 1343.767
65.81000 1375.986
65.82000 1399.524
65.83000 1415.906
65.84000 1434.437
65.85000 1454.769
65.86000 1474.957
65.87000 1488.204
65.88000 1497.629
65.89000 1506.685
65.90000 1469.313
65.91000 1418.285
65.92000 1368.760
65.93000 1333.311
65.94000 1301.316
65.95000 1263.561
65.96000 1193.228
65.97000 1117.781
65.98000 1057.412
65.99000 939.527
66.00000 839.914
66.01000 749.803
66.02000 682.957
66.03000 617.173
66.04000 563.995
66.05000 531.468
66.06000 499.237
66.07000 482.616
66.08000 424.649
66.09000 385.807
66.10000 371.321
66.11000 373.465
66.12000 375.204
66.13000 365.571
66.14000 350.767
66.15000 336.800
66.16000 334.591
66.17000 335.851
66.18000 337.416
66.19000 341.198
66.20000 345.423
66.21000 349.802
66.22000 354.885
66.23000 360.056
66.24000 364.002
66.25000 374.780
66.26000 383.639
66.27000 392.106
66.28000 399.779
66.29000 407.429
66.30000 419.788
66.31000 438.467
66.32000 457.163
66.33000 474.214
66.34000 489.823
66.35000 505.370
66.36000 517.797
66.37000 528.473
66.38000 538.681
66.39000 540.234
66.40000 538.530
66.41000 536.958
66.42000 537.800
66.43000 539.096
66.44000 539.568
66.45000 535.271
66.46000 530.210
66.47000 526.387
66.48000 527.195
66.49000 528.441
66.50000 529.343
66.51000 505.191
66.52000 485.744
66.53000 470.264
66.54000 461.406
66.55000 452.652
66.56000 437.227
66.57000 414.548
66.58000 391.970
66.59000 377.124
66.60000 367.764
66.61000 358.683
66.62000 357.773
66.63000 360.650
66.64000 363.211
66.65000 361.620
66.66000 358.738
66.67000 356.145
66.68000 346.430
66.69000 336.644
66.70000 329.082
66.71000 331.898
66.72000 336.028
66.73000 339.227
66.74000 339.561
66.75000 339.694
66.76000 339.784
66.77000 339.629
66.78000 339.508
66.79000 341.831
66.80000 347.497
66.81000 353.180
66.82000 356.180
66.83000 356.838
66.84000 357.488
66.85000 359.463
66.86000 362.130
66.87000 364.554
66.88000 362.300
66.89000 358.253
66.90000 354.838
66.91000 357.658
66.92000 362.069
66.93000 365.920
66.94000 371.782
66.95000 377.081
66.96000 380.608
66.97000 377.385
66.98000 373.503
66.99000 371.660
67.00000 374.999
67.01000 378.592
67.02000 380.869
67.03000 374.641
67.04000 370.020
67.05000 369.299
67.06000 372.910
67.07000 376.515
67.08000 378.720
67.09000 379.931
67.10000 381.117
67.11000 385.054
67.12000 390.080
67.13000 394.734
67.14000 394.310
67.15000 392.280
67.16000 391.205
67.17000 397.419
67.18000 405.150
67.19000 411.669
67.20000 415.862
67.21000 419.111
67.22000 420.199
67.23000 414.515
67.24000 408.339
67.25000 403.502
67.26000 401.476
67.27000 399.540
67.28000 398.409
67.29000 408.100
67.30000 414.969
67.31000 419.913
67.32000 423.140
67.33000 426.361
67.34000 429.248
67.35000 431.941
67.36000 434.541
67.37000 434.626
67.38000 433.783
67.39000 433.320
67.40000 436.712
67.41000 441.108
67.42000 445.403
67.43000 449.090
67.44000 452.674
67.45000 455.579
67.46000 457.644
67.47000 459.257
67.48000 457.866
67.49000 448.696
67.50000 439.127
67.51000 436.587
67.52000 446.242
67.53000 456.114
67.54000 461.363
67.55000 466.598
67.56000 470.157
67.57000 473.080
67.58000 475.542
67.59000 478.096
67.60000 483.658
67.61000 490.665
67.62000 497.315
67.63000 498.191
67.64000 497.282
67.65000 497.138
67.66000 502.968
67.67000 510.069
67.68000 515.404
67.69000 512.162
67.70000 507.780
67.71000 504.386
67.72000 515.287
67.73000 524.793
67.74000 528.433
67.75000 519.510
67.76000 510.167
67.77000 506.703
67.78000 511.612
67.79000 516.582
67.80000 515.774
67.81000 509.705
67.82000 503.811
67.83000 508.920
67.84000 520.565
67.85000 531.870
67.86000 536.136
67.87000 537.603
67.88000 538.966
67.89000 548.991
67.90000 560.113
67.91000 570.545
67.92000 576.708
67.93000 582.140
67.94000 585.363
67.95000 579.836
67.96000 573.409
67.97000 568.683
67.98000 571.858
67.99000 574.639
68.00000 573.818
68.01000 566.630
68.02000 559.321
68.03000 562.171
68.04000 576.792
68.05000 591.383
68.06000 592.039
68.07000 582.472
68.08000 573.316
68.09000 578.121
68.10000 589.766
68.11000 600.786
68.12000 602.725
68.13000 601.680
68.14000 600.732
68.15000 603.505
68.16000 606.662
68.17000 610.009
68.18000 614.297
68.19000 618.713
68.20000 624.103
68.21000 632.661
68.22000 641.465
68.23000 647.566
68.24000 653.103
68.25000 657.257
68.26000 662.928
68.27000 670.804
68.28000 678.697
68.29000 682.201
68.30000 681.617
68.31000 681.039
68.32000 684.307
68.33000 689.792
68.34000 695.958
68.35000 716.805
68.36000 743.601
68.37000 768.239
68.38000 769.780
68.39000 765.070
68.40000 760.920
68.41000 776.933
68.42000 793.776
68.43000 807.022
68.44000 805.732
68.45000 802.906
68.46000 803.749
68.47000 814.450
68.48000 825.694
68.49000 832.977
68.50000 856.402
68.51000 873.783
68.52000 889.218
68.53000 902.353
68.54000 915.535
68.55000 939.271
68.56000 970.963
68.57000 1002.075
68.58000 1042.126
68.59000 1085.069
68.60000 1128.440
68.61000 1178.216
68.62000 1230.138
68.63000 1282.770
68.64000 1341.234
68.65000 1400.988
68.66000 1451.921
68.67000 1532.141
68.68000 1603.056
68.69000 1673.823
68.70000 1744.096
68.71000 1814.331
68.72000 1889.375
68.73000 1975.110
68.74000 2061.238
68.75000 2112.845
68.76000 2207.075
68.77000 2274.274
68.78000 2368.923
68.79000 2489.679
68.80000 2610.606
68.81000 2743.858
68.82000 2884.721
68.83000 3021.276
68.84000 3236.292
68.85000 3470.619
68.86000 3719.118
68.87000 4123.601
68.88000 4571.116
68.89000 5068.933
68.90000 5891.457
68.91000 6772.102
68.92000 7494.614
68.93000 10007.675
68.94000 12229.464
68.95000 15011.449
68.96000 19327.443
68.97000 23731.055
68.98000 28667.955
68.99000 34584.113
69.00000 40521.422
69.01000 43772.484
69.02000 52246.031
69.03000 58075.211
69.04000 62762.141
69.05000 66570.344
69.06000 70335.781
69.07000 72489.266
69.08000 73822.625
69.09000 75094.695
69.10000 75831.750
69.11000 76346.398
69.12000 76881.156
69.13000 77584.961
69.14000 78326.938
69.15000 79051.766
69.16000 79687.828
69.17000 80311.234
69.18000 80800.836
69.19000 79651.727
69.20000 78624.914
69.21000 76840.438
69.22000 73340.156
69.23000 69774.164
69.24000 65976.305
69.25000 61828.180
69.26000 57676.613
69.27000 54104.746
69.28000 51096.516
69.29000 48096.145
69.30000 45713.102
69.31000 43718.570
69.32000 41749.098
69.33000 40365.320
69.34000 39227.895
69.35000 38163.820
69.36000 36859.445
69.37000 35613.074
69.38000 34250.383
69.39000 32119.674
69.40000 29848.523
69.41000 27420.396
69.42000 24332.268
69.43000 21170.672
69.44000 18808.451
69.45000 15470.531
69.46000 12823.380
69.47000 10500.421
69.48000 8784.113
69.49000 7081.709
69.50000 5758.042
69.51000 4901.244
69.52000 4047.394
69.53000 3442.896
69.54000 3036.225
69.55000 2632.807
69.56000 2358.878
69.57000 2152.081
69.58000 1950.494
69.59000 1832.272
69.60000 1743.040
69.61000 1661.494
69.62000 1577.765
69.63000 1502.947
69.64000 1434.089
69.65000 1396.725
69.66000 1363.959
69.67000 1329.885
69.68000 1291.301
69.69000 1252.338
69.70000 1224.836
69.71000 1161.363
69.72000 1112.102
69.73000 1075.713
69.74000 1059.146
69.75000 1042.800
69.76000 1025.314
69.77000 1006.693
69.78000 988.205
69.79000 966.422
69.80000 942.905
69.81000 919.608
69.82000 901.648
69.83000 885.977
69.84000 870.896
69.85000 862.709
69.86000 856.497
69.87000 850.974
69.88000 838.454
69.89000 826.455
69.90000 816.553
69.91000 815.642
69.92000 815.758
69.93000 814.481
69.94000 809.242
69.95000 803.760
69.96000 800.134
69.97000 773.221
69.98000 752.943
69.99000 742.707
70.00000 745.108
