20.00000 548.755
20.01000 556.000
20.02000 564.280
20.03000 569.540
20.04000 563.131
20.05000 555.562
20.06000 550.035
20.07000 559.882
20.08000 568.073
20.09000 571.472
20.10000 566.604
20.11000 561.592
20.12000 559.151
20.13000 559.610
20.14000 560.070
20.15000 558.676
20.16000 555.973
20.17000 553.472
20.18000 557.449
20.19000 564.524
20.20000 570.671
20.21000 563.898
20.22000 552.980
20.23000 543.112
20.24000 542.970
20.25000 544.652
20.26000 546.986
20.27000 552.469
20.28000 558.367
20.29000 562.074
20.30000 558.816
20.31000 555.043
20.32000 552.448
20.33000 552.439
20.34000 552.495
20.35000 555.834
20.36000 563.819
20.37000 571.832
20.38000 569.529
20.39000 557.882
20.40000 546.353
20.41000 543.827
20.42000 546.560
20.43000 549.422
20.44000 554.939
20.45000 561.506
20.46000 567.116
20.47000 562.840
20.48000 555.954
20.49000 549.911
20.50000 556.440
20.51000 563.889
20.52000 568.186
20.53000 560.064
20.54000 550.674
20.55000 544.459
20.56000 546.574
20.57000 549.127
20.58000 550.766
20.59000 549.711
20.60000 548.905
20.61000 544.792
20.62000 536.871
20.63000 529.001
20.64000 531.023
20.65000 540.313
20.66000 549.420
20.67000 553.928
20.68000 556.108
20.69000 557.474
20.70000 547.135
20.71000 532.970
20.72000 521.548
20.73000 531.931
20.74000 547.014
20.75000 559.812
20.76000 558.945
20.77000 556.668
20.78000 555.141
20.79000 556.037
20.80000 557.120
20.81000 557.109
20.82000 554.728
20.83000 552.265
20.84000 550.804
20.85000 555.381
20.86000 558.651
20.87000 558.054
20.88000 553.879
20.89000 549.800
20.90000 552.120
20.91000 558.292
20.92000 564.265
20.93000 564.004
20.94000 561.383
20.95000 559.281
20.96000 562.690
20.97000 567.583
20.98000 571.099
20.99000 565.978
21.00000 559.354
21.01000 553.947
21.02000 554.115
21.03000 554.730
21.04000 554.923
21.05000 553.988
21.06000 552.991
21.07000 551.945
21.08000 550.810
21.09000 549.673
21.10000 549.058
21.11000 544.303
21.12000 541.062
21.13000 541.538
21.14000 544.801
21.15000 548.017
21.16000 549.602
21.17000 550.376
21.18000 551.113
21.19000 552.620
21.20000 554.252
21.21000 556.157
21.22000 560.282
21.23000 564.896
21.24000 567.006
21.25000 556.497
21.26000 544.242
21.27000 534.675
21.28000 544.594
21.29000 553.730
21.30000 560.410
21.31000 561.662
21.32000 562.716
21.33000 557.702
21.34000 543.748
21.35000 529.716
21.36000 525.643
21.37000 530.982
21.38000 536.323
21.39000 541.767
21.40000 547.276
21.41000 552.872
21.42000 560.421
21.43000 568.772
21.44000 576.562
21.45000 571.149
21.46000 562.964
21.47000 556.217
21.48000 558.698
21.49000 562.821
21.50000 565.079
21.51000 559.697
21.52000 553.492
21.53000 548.887
21.54000 550.267
21.55000 551.602
21.56000 551.584
21.57000 549.094
21.58000 546.553
21.59000 551.350
21.60000 564.958
21.61000 578.551
21.62000 581.451
21.63000 576.207
21.64000 571.044
21.65000 568.910
21.66000 568.309
21.67000 568.255
21.68000 576.592
21.69000 587.776
21.70000 597.964
21.71000 603.298
21.72000 607.057
21.73000 611.176
21.74000 617.147
21.75000 623.381
21.76000 632.334
21.77000 650.433
21.78000 669.275
21.79000 682.471
21.80000 689.910
21.81000 695.370
21.82000 697.098
21.83000 693.216
21.84000 689.281
21.85000 703.426
21.86000 735.034
21.87000 766.390
21.88000 785.375
21.89000 796.419
21.90000 807.538
21.91000 820.373
21.92000 833.927
21.93000 847.712
21.94000 864.098
21.95000 881.211
21.96000 896.369
21.97000 913.579
21.98000 928.791
21.99000 941.159
22.00000 941.635
22.01000 940.797
22.02000 943.148
22.03000 954.351
22.04000 966.073
22.05000 973.756
22.06000 950.958
22.07000 933.689
22.08000 920.374
22.09000 911.904
22.10000 903.422
22.11000 888.438
22.12000 868.379
22.13000 848.653
22.14000 829.933
22.15000 812.325
22.16000 795.215
22.17000 786.019
22.18000 779.559
22.19000 772.654
22.20000 761.928
22.21000 750.329
22.22000 740.382
22.23000 726.261
22.24000 713.822
22.25000 700.435
22.26000 683.795
22.27000 666.884
22.28000 653.870
22.29000 649.800
22.30000 646.083
22.31000 643.825
22.32000 638.185
22.33000 634.132
22.34000 626.784
22.35000 616.182
22.36000 605.665
22.37000 602.227
22.38000 603.306
22.39000 604.354
22.40000 599.357
22.41000 592.161
22.42000 585.356
22.43000 583.062
22.44000 582.055
22.45000 580.115
22.46000 571.919
22.47000 562.561
22.48000 554.831
22.49000 552.980
22.50000 552.004
22.51000 549.987
22.52000 545.028
22.53000 539.891
22.54000 538.527
22.55000 544.320
22.56000 550.283
22.57000 553.602
22.58000 544.456
22.59000 538.111
22.60000 533.076
22.61000 529.085
22.62000 525.245
22.63000 527.638
22.64000 533.307
22.65000 538.730
22.66000 537.516
22.67000 534.207
22.68000 531.056
22.69000 529.299
22.70000 527.868
22.71000 526.610
22.72000 526.281
22.73000 526.091
22.74000 525.940
22.75000 525.672
22.76000 525.450
22.77000 524.977
22.78000 523.922
22.79000 522.843
22.80000 517.212
22.81000 504.472
22.82000 491.648
22.83000 485.208
22.84000 504.547
22.85000 517.345
22.86000 519.807
22.87000 515.546
22.88000 511.545
22.89000 514.108
22.90000 519.520
22.91000 524.601
22.92000 524.038
22.93000 522.029
22.94000 520.402
22.95000 521.394
22.96000 522.884
22.97000 522.155
22.98000 511.775
22.99000 500.272
23.00000 491.602
23.01000 494.449
23.02000 497.245
23.03000 501.877
23.04000 510.057
23.05000 518.327
23.06000 519.744
23.07000 512.413
23.08000 505.061
23.09000 504.590
23.10000 509.692
23.11000 514.783
23.12000 519.363
23.13000 523.669
23.14000 527.554
23.15000 524.285
23.16000 518.447
23.17000 513.089
23.18000 519.894
23.19000 528.546
23.20000 535.479
23.21000 532.986
23.22000 529.062
23.23000 523.027
23.24000 509.470
23.25000 495.247
23.26000 485.107
23.27000 501.274
23.28000 514.462
23.29000 519.510
23.30000 511.601
23.31000 503.525
23.32000 500.167
23.33000 501.672
23.34000 503.169
23.35000 505.832
23.36000 509.223
23.37000 512.572
23.38000 514.853
23.39000 516.661
23.40000 518.015
23.41000 513.798
23.42000 507.931
23.43000 502.689
23.44000 502.818
23.45000 503.837
23.46000 504.412
23.47000 503.014
23.48000 501.380
23.49000 501.303
23.50000 505.795
23.51000 510.582
23.52000 513.786
23.53000 512.071
23.54000 510.703
23.55000 506.811
23.56000 499.631
23.57000 492.452
23.58000 492.176
23.59000 497.626
23.60000 503.002
23.61000 505.076
23.62000 505.340
23.63000 505.540
23.64000 504.617
23.65000 503.282
23.66000 501.952
23.67000 500.660
23.68000 499.377
23.69000 498.266
23.70000 496.738
23.71000 495.383
23.72000 494.229
23.73000 493.807
23.74000 493.452
23.75000 492.965
23.76000 492.159
23.77000 491.339
23.78000 490.829
23.79000 503.311
23.80000 512.431
23.81000 510.228
23.82000 496.095
23.83000 482.078
23.84000 480.923
23.85000 488.467
23.86000 495.826
23.87000 500.237
23.88000 503.181
23.89000 505.802
23.90000 504.348
23.91000 501.664
23.92000 498.872
23.93000 495.302
23.94000 491.578
23.95000 488.467
23.96000 489.234
23.97000 490.264
23.98000 491.560
23.99000 493.648
24.00000 495.789
24.01000 497.614
24.02000 498.802
24.03000 499.973
24.04000 500.642
24.05000 505.774
24.06000 509.364
24.07000 508.362
24.08000 503.469
24.09000 498.649
24.10000 497.415
24.11000 498.175
24.12000 498.906
24.13000 496.242
24.14000 492.559
24.15000 489.475
24.16000 492.083
24.17000 496.102
24.18000 498.371
24.19000 490.627
24.20000 481.294
24.21000 473.809
24.22000 476.238
24.23000 478.957
24.24000 481.891
24.25000 485.359
24.26000 488.852
24.27000 491.364
24.28000 492.254
24.29000 493.119
24.30000 493.568
24.31000 493.125
24.32000 492.825
24.33000 492.377
24.34000 491.826
24.35000 491.298
24.36000 491.406
24.37000 491.806
24.38000 492.184
24.39000 486.837
24.40000 480.313
24.41000 474.528
24.42000 474.184
24.43000 474.938
24.44000 475.662
24.45000 476.250
24.46000 476.820
24.47000 477.257
24.48000 476.351
24.49000 475.563
24.50000 475.494
24.51000 476.895
24.52000 478.339
24.53000 479.948
24.54000 481.780
24.55000 483.612
24.56000 485.728
24.57000 488.086
24.58000 490.453
24.59000 493.345
24.60000 496.533
24.61000 499.598
24.62000 500.339
24.63000 500.197
24.64000 500.066
24.65000 500.752
24.66000 501.553
24.67000 502.282
24.68000 502.584
24.69000 502.818
24.70000 501.590
24.71000 494.847
24.72000 487.573
24.73000 482.297
24.74000 474.467
24.75000 468.356
24.76000 469.681
24.77000 483.549
24.78000 497.618
24.79000 500.770
24.80000 491.916
24.81000 483.093
24.82000 482.313
24.83000 487.140
24.84000 491.771
24.85000 490.485
24.86000 486.431
24.87000 482.119
24.88000 474.344
24.89000 465.482
24.90000 457.499
24.91000 461.595
24.92000 467.373
24.93000 472.454
24.94000 474.251
24.95000 475.627
24.96000 475.029
24.97000 468.297
24.98000 461.126
24.99000 456.234
25.00000 474.633
25.01000 488.933
25.02000 496.818
25.03000 495.833
25.04000 494.789
25.05000 490.821
25.06000 484.270
25.07000 477.792
25.08000 476.042
25.09000 477.000
25.10000 477.989
25.11000 479.608
25.12000 481.469
25.13000 483.311
25.14000 484.950
25.15000 486.536
25.16000 487.923
25.17000 482.356
25.18000 476.598
25.19000 472.412
25.20000 474.279
25.21000 476.745
25.22000 478.536
25.23000 478.596
25.24000 478.568
25.25000 478.551
25.26000 477.386
25.27000 476.524
25.28000 474.807
25.29000 472.126
25.30000 469.465
25.31000 469.800
25.32000 472.286
25.33000 474.719
25.34000 473.918
25.35000 471.666
25.36000 469.780
25.37000 472.936
25.38000 477.703
25.39000 481.719
25.40000 479.931
25.41000 476.921
25.42000 474.379
25.43000 471.102
25.44000 468.282
25.45000 466.264
25.46000 466.785
25.47000 467.494
25.48000 465.957
25.49000 459.654
25.50000 453.196
25.51000 449.405
25.52000 469.844
25.53000 484.363
25.54000 488.882
25.55000 484.380
25.56000 479.911
25.57000 477.429
25.58000 476.116
25.59000 474.847
25.60000 472.009
25.61000 468.751
25.62000 465.807
25.63000 466.094
25.64000 467.230
25.65000 467.769
25.66000 464.666
25.67000 460.944
25.68000 457.921
25.69000 449.325
25.70000 441.850
25.71000 438.368
25.72000 445.321
25.73000 452.819
25.74000 458.469
25.75000 460.882
25.76000 463.235
25.77000 464.493
25.78000 460.173
25.79000 457.247
25.80000 458.412
25.81000 462.573
25.82000 466.772
25.83000 472.263
25.84000 478.381
25.85000 484.192
25.86000 477.675
25.87000 467.950
25.88000 459.434
25.89000 460.499
25.90000 463.620
25.91000 466.343
25.92000 467.108
25.93000 467.608
25.94000 467.997
25.95000 470.192
25.96000 472.047
25.97000 472.204
25.98000 468.689
25.99000 465.049
26.00000 463.221
26.01000 464.000
26.02000 464.800
26.03000 461.426
26.04000 454.209
26.05000 447.080
26.06000 445.620
26.07000 447.563
26.08000 449.333
26.09000 447.470
26.10000 444.146
26.11000 441.053
26.12000 444.745
26.13000 449.723
26.14000 454.017
26.15000 454.032
26.16000 453.305
26.17000 453.884
26.18000 459.688
26.19000 466.037
26.20000 470.719
26.21000 462.321
26.22000 455.267
26.23000 451.074
26.24000 451.987
26.25000 453.001
26.26000 452.643
26.27000 450.678
26.28000 448.716
26.29000 448.971
26.30000 450.868
26.31000 452.784
26.32000 455.343
26.33000 458.221
26.34000 460.939
26.35000 461.315
26.36000 460.914
26.37000 460.550
26.38000 458.343
26.39000 456.037
26.40000 454.564
26.41000 457.277
26.42000 460.566
26.43000 460.909
26.44000 451.560
26.45000 441.452
26.46000 434.424
26.47000 440.811
26.48000 445.988
26.49000 449.881
26.50000 451.889
26.51000 453.880
26.52000 454.768
26.53000 454.617
26.54000 454.467
26.55000 455.348
26.56000 456.831
26.57000 458.385
26.58000 461.509
26.59000 465.274
26.60000 468.769
26.61000 469.325
26.62000 469.077
26.63000 468.859
26.64000 462.493
26.65000 456.061
26.66000 451.031
26.67000 451.724
26.68000 453.031
26.69000 453.608
26.70000 452.202
26.71000 450.685
26.72000 449.699
26.73000 461.727
26.74000 470.741
26.75000 470.581
26.76000 459.451
26.77000 448.334
26.78000 445.162
26.79000 448.042
26.80000 450.870
26.81000 451.184
26.82000 450.262
26.83000 449.147
26.84000 445.100
26.85000 440.061
26.86000 435.660
26.87000 436.555
26.88000 438.635
26.89000 440.411
26.90000 440.995
26.91000 441.346
26.92000 440.605
26.93000 436.204
26.94000 431.508
26.95000 428.667
26.96000 429.986
26.97000 431.462
26.98000 432.350
26.99000 435.957
27.00000 438.541
27.01000 441.109
27.02000 443.660
27.03000 446.209
27.04000 448.546
27.05000 450.750
27.06000 452.888
27.07000 450.363
27.08000 446.127
27.09000 442.151
27.10000 441.090
27.11000 440.842
27.12000 440.525
27.13000 439.756
27.14000 438.905
27.15000 438.205
27.16000 445.367
27.17000 451.962
27.18000 456.189
27.19000 453.867
27.20000 451.165
27.21000 450.387
27.22000 453.176
27.23000 456.045
27.24000 457.624
27.25000 446.036
27.26000 438.062
27.27000 437.472
27.28000 442.623
27.29000 447.715
27.30000 450.474
27.31000 452.034
27.32000 453.524
27.33000 444.144
27.34000 431.948
27.35000 421.052
27.36000 421.242
27.37000 423.961
27.38000 426.012
27.39000 424.575
27.40000 422.634
27.41000 421.106
27.42000 424.006
27.43000 426.625
27.44000 427.848
27.45000 425.880
27.46000 423.787
27.47000 425.667
27.48000 433.609
27.49000 441.615
27.50000 443.862
27.51000 440.446
27.52000 437.048
27.53000 435.035
27.54000 433.903
27.55000 432.879
27.56000 434.433
27.57000 437.082
27.58000 439.563
27.59000 431.651
27.60000 421.771
27.61000 413.298
27.62000 414.229
27.63000 416.900
27.64000 419.747
27.65000 423.347
27.66000 427.033
27.67000 429.794
27.68000 430.847
27.69000 431.588
27.70000 431.584
27.71000 430.171
27.72000 428.724
27.73000 429.855
27.74000 434.197
27.75000 438.540
27.76000 437.781
27.77000 432.997
27.78000 428.358
27.79000 429.675
27.80000 434.111
27.81000 438.052
27.82000 433.953
27.83000 427.029
27.84000 420.693
27.85000 425.837
27.86000 432.786
27.87000 438.195
27.88000 435.375
27.89000 431.339
27.90000 428.098
27.91000 427.631
27.92000 427.400
27.93000 427.237
27.94000 434.881
27.95000 440.932
27.96000 446.138
27.97000 450.029
27.98000 453.904
27.99000 453.457
28.00000 448.668
28.01000 443.912
28.02000 439.461
28.03000 435.274
28.04000 431.260
28.05000 431.570
28.06000 433.749
28.07000 435.815
28.08000 436.528
28.09000 436.850
28.10000 437.136
28.11000 438.244
28.12000 439.342
28.13000 440.325
28.14000 440.809
28.15000 441.235
28.16000 443.171
28.17000 449.442
28.18000 455.983
28.19000 460.325
28.20000 449.058
28.21000 440.443
28.22000 436.228
28.23000 437.607
28.24000 439.008
28.25000 441.027
28.26000 443.547
28.27000 446.029
28.28000 446.040
28.29000 444.772
28.30000 443.547
28.31000 443.065
28.32000 442.848
28.33000 442.615
28.34000 442.231
28.35000 441.811
28.36000 441.449
28.37000 429.999
28.38000 418.864
28.39000 412.630
28.40000 423.794
28.41000 436.490
28.42000 444.543
28.43000 441.574
28.44000 438.135
28.45000 436.015
28.46000 441.265
28.47000 445.099
28.48000 443.040
28.49000 434.928
28.50000 426.908
28.51000 427.812
28.52000 434.613
28.53000 441.237
28.54000 438.078
28.55000 430.955
28.56000 424.684
28.57000 428.796
28.58000 435.972
28.59000 441.242
28.60000 433.179
28.61000 422.544
28.62000 413.697
28.63000 421.873
28.64000 430.313
28.65000 435.515
28.66000 431.249
28.67000 426.373
28.68000 423.476
28.69000 424.464
28.70000 425.554
28.71000 426.171
28.72000 432.259
28.73000 436.494
28.74000 434.325
28.75000 426.861
28.76000 419.567
28.77000 420.075
28.78000 424.823
28.79000 429.381
28.80000 426.544
28.81000 421.373
28.82000 417.310
28.83000 423.441
28.84000 432.041
28.85000 439.561
28.86000 441.056
28.87000 441.619
28.88000 442.069
28.89000 431.520
28.90000 422.200
28.91000 414.391
28.92000 410.235
28.93000 406.242
28.94000 404.287
28.95000 405.628
28.96000 407.014
28.97000 407.723
28.98000 413.000
28.99000 416.533
29.00000 418.590
29.01000 419.652
29.02000 420.672
29.03000 420.544
29.04000 419.901
29.05000 419.295
29.06000 418.262
29.07000 417.199
29.08000 416.430
29.09000 417.763
29.10000 419.510
29.11000 419.878
29.12000 414.018
29.13000 407.402
29.14000 402.368
29.15000 409.715
29.16000 416.143
29.17000 418.715
29.18000 413.577
29.19000 408.224
29.20000 406.985
29.21000 411.192
29.22000 415.420
29.23000 418.756
29.24000 421.332
29.25000 423.836
29.26000 422.821
29.27000 419.856
29.28000 417.154
29.29000 419.207
29.30000 423.027
29.31000 426.548
29.32000 420.097
29.33000 412.116
29.34000 404.951
29.35000 402.431
29.36000 400.645
29.37000 401.245
29.38000 410.648
29.39000 420.870
29.40000 428.235
29.41000 422.111
29.42000 416.942
29.43000 412.509
29.44000 409.291
29.45000 406.091
29.46000 408.297
29.47000 416.298
29.48000 424.261
29.49000 425.836
29.50000 423.053
29.51000 420.224
29.52000 416.064
29.53000 411.294
29.54000 407.404
29.55000 414.894
29.56000 425.873
29.57000 435.732
29.58000 431.430
29.59000 425.175
29.60000 419.699
29.61000 417.810
29.62000 416.367
29.63000 417.854
29.64000 428.240
29.65000 439.239
29.66000 446.686
29.67000 436.019
29.68000 427.673
29.69000 421.816
29.70000 419.319
29.71000 416.843
29.72000 415.395
29.73000 414.834
29.74000 414.280
29.75000 413.568
29.76000 412.786
29.77000 412.403
29.78000 419.497
29.79000 429.422
29.80000 438.643
29.81000 441.056
29.82000 441.755
29.83000 442.363
29.84000 443.998
29.85000 445.537
29.86000 446.371
29.87000 444.553
29.88000 442.480
29.89000 442.839
29.90000 449.298
29.91000 456.051
29.92000 460.310
29.93000 471.219
29.94000 479.194
29.95000 480.126
29.96000 473.344
29.97000 466.552
29.98000 458.926
29.99000 450.714
30.00000 442.687
30.01000 449.010
30.02000 461.483
30.03000 472.822
30.04000 469.031
30.05000 460.513
30.06000 452.435
30.07000 447.668
30.08000 443.581
30.09000 440.142
30.10000 447.132
30.11000 454.072
30.12000 457.939
30.13000 452.300
30.14000 445.985
30.15000 439.836
30.16000 434.033
30.17000 428.241
30.18000 424.876
30.19000 433.864
30.20000 440.229
30.21000 447.259
30.22000 454.874
30.23000 462.291
30.24000 458.704
30.25000 448.783
30.26000 439.218
30.27000 441.636
30.28000 448.255
30.29000 453.834
30.30000 449.051
30.31000 441.606
30.32000 435.416
30.33000 436.691
30.34000 439.199
30.35000 441.227
30.36000 432.442
30.37000 424.432
30.38000 418.174
30.39000 416.399
30.40000 414.847
30.41000 416.017
30.42000 421.850
30.43000 427.762
30.44000 430.885
30.45000 441.443
30.46000 448.550
30.47000 445.718
30.48000 435.781
30.49000 426.050
30.50000 422.735
30.51000 422.468
30.52000 422.216
30.53000 426.502
30.54000 431.783
30.55000 437.161
30.56000 443.283
30.57000 449.562
30.58000 453.556
30.59000 446.594
30.60000 438.198
30.61000 431.717
30.62000 440.645
30.63000 448.618
30.64000 452.454
30.65000 447.539
30.66000 442.341
30.67000 438.122
30.68000 435.280
30.69000 432.448
30.70000 436.007
30.71000 445.298
30.72000 454.495
30.73000 458.146
30.74000 458.542
30.75000 459.200
30.76000 465.132
30.77000 473.137
30.78000 480.566
30.79000 484.895
30.80000 488.065
30.81000 490.641
30.82000 489.611
30.83000 487.970
30.84000 488.110
30.85000 495.212
30.86000 503.018
30.87000 508.736
30.88000 519.558
30.89000 528.119
30.90000 533.561
30.91000 533.559
30.92000 533.458
30.93000 544.300
30.94000 567.643
30.95000 590.919
30.96000 605.295
30.97000 613.114
30.98000 621.282
30.99000 640.887
31.00000 666.028
31.01000 691.064
31.02000 714.606
31.03000 737.663
31.04000 758.537
31.05000 802.318
31.06000 845.201
31.07000 889.504
31.08000 940.756
31.09000 992.940
31.10000 1050.940
31.11000 1127.634
31.12000 1205.740
31.13000 1259.648
31.14000 1377.848
31.15000 1468.303
31.16000 1552.421
31.17000 1627.452
31.18000 1702.429
31.19000 1810.429
31.20000 1948.734
31.21000 2085.701
31.22000 2212.256
31.23000 2330.081
31.24000 2447.629
31.25000 2559.371
31.26000 2668.788
31.27000 2779.855
31.28000 2908.243
31.29000 3041.259
31.30000 3158.234
31.31000 3232.166
31.32000 3289.384
31.33000 3341.187
31.34000 3371.394
31.35000 3399.359
31.36000 3425.069
31.37000 3444.793
31.38000 3464.196
31.39000 3476.702
31.40000 3412.687
31.41000 3364.846
31.42000 3301.746
31.43000 3220.845
31.44000 3139.781
31.45000 3032.635
31.46000 2906.087
31.47000 2781.946
31.48000 2662.393
31.49000 2549.372
31.50000 2435.493
31.51000 2309.036
31.52000 2178.418
31.53000 2050.260
31.54000 1941.952
31.55000 1837.976
31.56000 1749.557
31.57000 1620.888
31.58000 1508.185
31.59000 1404.580
31.60000 1330.775
31.61000 1259.292
31.62000 1193.697
31.63000 1141.030
31.64000 1088.822
31.65000 1057.712
31.66000 967.037
31.67000 902.418
31.68000 853.879
31.69000 820.414
31.70000 786.925
31.71000 751.727
31.72000 715.488
31.73000 680.390
31.74000 658.750
31.75000 643.469
31.76000 627.979
31.77000 610.210
31.78000 591.822
31.79000 574.899
31.80000 567.300
31.81000 561.346
31.82000 556.475
31.83000 529.100
31.84000 504.705
31.85000 486.287
31.86000 484.032
31.87000 482.678
31.88000 477.381
31.89000 464.935
31.90000 452.340
31.91000 445.488
31.92000 452.771
31.93000 457.758
31.94000 456.782
31.95000 451.281
31.96000 445.942
31.97000 446.536
31.98000 450.109
31.99000 453.514
32.00000 443.548
32.01000 430.134
32.02000 418.155
32.03000 418.054
32.04000 420.599
32.05000 422.694
32.06000 422.493
32.07000 421.970
32.08000 421.561
32.09000 417.924
32.10000 414.812
32.11000 410.984
32.12000 405.553
32.13000 400.063
32.14000 396.935
32.15000 397.330
32.16000 397.758
32.17000 400.296
32.18000 404.852
32.19000 409.323
32.20000 407.400
32.21000 401.503
32.22000 395.869
32.23000 396.205
32.24000 399.021
32.25000 401.652
32.26000 402.742
32.27000 403.342
32.28000 403.110
32.29000 397.458
32.30000 390.828
32.31000 386.028
32.32000 388.817
32.33000 392.437
32.34000 395.131
32.35000 396.774
32.36000 398.006
32.37000 399.249
32.38000 400.512
32.39000 401.777
32.40000 403.979
32.41000 407.322
32.42000 410.660
32.43000 409.857
32.44000 405.872
32.45000 401.802
32.46000 394.512
32.47000 385.574
32.48000 377.121
32.49000 376.250
32.50000 377.984
32.51000 379.565
32.52000 386.427
32.53000 393.577
32.54000 398.204
32.55000 389.688
32.56000 379.282
32.57000 373.313
32.58000 382.444
32.59000 392.823
32.60000 400.120
32.61000 395.371
32.62000 391.420
32.63000 391.185
32.64000 396.601
32.65000 402.076
32.66000 401.537
32.67000 395.109
32.68000 388.730
32.69000 387.482
32.70000 389.451
32.71000 391.414
32.72000 393.229
32.73000 394.981
32.74000 397.009
32.75000 402.180
32.76000 408.240
32.77000 413.618
32.78000 417.230
32.79000 420.077
32.80000 425.761
32.81000 443.446
32.82000 462.478
32.83000 480.443
32.84000 495.413
32.85000 510.203
32.86000 519.941
32.87000 531.290
32.88000 539.678
32.89000 547.302
32.90000 553.977
32.91000 560.657
32.92000 569.321
32.93000 579.552
32.94000 589.619
32.95000 592.496
32.96000 591.648
32.97000 590.362
32.98000 581.963
32.99000 571.076
33.00000 560.582
33.01000 553.513
33.02000 547.237
33.03000 541.845
33.04000 529.846
33.05000 518.874
33.06000 506.611
33.07000 489.868
33.08000 472.744
33.09000 456.685
33.10000 443.098
33.11000 429.610
33.12000 421.375
33.13000 397.592
33.14000 380.456
33.15000 371.855
33.16000 371.794
33.17000 371.722
33.18000 370.746
33.19000 369.187
33.20000 367.670
33.21000 365.285
33.22000 362.660
33.23000 360.351
33.24000 361.770
33.25000 364.265
33.26000 365.909
33.27000 361.769
33.28000 356.540
33.29000 352.210
33.30000 357.624
33.31000 363.018
33.32000 365.154
33.33000 357.969
33.34000 350.207
33.35000 346.686
33.36000 351.303
33.37000 356.121
33.38000 358.818
33.39000 353.409
33.40000 349.656
33.41000 350.608
33.42000 355.354
33.43000 359.944
33.44000 357.780
33.45000 352.025
33.46000 346.512
33.47000 347.133
33.48000 349.750
33.49000 351.768
33.50000 348.439
33.51000 343.845
33.52000 339.624
33.53000 337.435
33.54000 335.552
33.55000 334.058
33.56000 341.764
33.57000 348.616
33.58000 351.024
33.59000 342.927
33.60000 334.385
33.61000 331.035
33.62000 335.891
33.63000 340.849
33.64000 343.356
33.65000 344.453
33.66000 345.197
33.67000 346.793
33.68000 348.952
33.69000 351.052
33.70000 351.639
33.71000 351.562
33.72000 351.489
33.73000 348.505
33.74000 344.999
33.75000 341.390
33.76000 337.057
33.77000 332.585
33.78000 329.381
33.79000 331.763
33.80000 334.804
33.81000 337.103
33.82000 338.262
33.83000 339.113
33.84000 338.749
33.85000 336.007
33.86000 333.204
33.87000 335.175
33.88000 343.318
33.89000 351.475
33.90000 350.433
33.91000 341.845
33.92000 333.401
33.93000 331.488
33.94000 333.113
33.95000 334.749
33.96000 336.578
33.97000 338.477
33.98000 340.222
33.99000 343.025
34.00000 345.755
34.01000 347.480
34.02000 343.629
34.03000 338.918
34.04000 334.883
34.05000 333.279
34.06000 331.895
34.07000 330.904
34.08000 333.970
34.09000 336.447
34.10000 337.287
34.11000 335.489
34.12000 333.655
34.13000 330.500
34.14000 325.964
34.15000 321.454
34.16000 325.413
34.17000 334.933
34.18000 344.178
34.19000 346.015
34.20000 344.536
34.21000 343.108
34.22000 342.301
34.23000 341.681
34.24000 341.125
34.25000 334.620
34.26000 327.927
34.27000 322.318
34.28000 321.588
34.29000 321.449
34.30000 323.182
34.31000 330.477
34.32000 338.139
34.33000 343.287
34.34000 327.310
34.35000 315.010
34.36000 314.779
34.37000 330.463
34.38000 346.195
34.39000 347.776
34.40000 337.462
34.41000 327.285
34.42000 322.802
34.43000 321.499
34.44000 320.372
34.45000 322.396
34.46000 325.586
34.47000 328.113
34.48000 324.403
34.49000 319.159
34.50000 314.608
34.51000 319.440
34.52000 324.816
34.53000 328.537
34.54000 326.176
34.55000 323.251
34.56000 322.640
34.57000 327.711
34.58000 333.042
34.59000 336.373
34.60000 333.124
34.61000 330.710
34.62000 331.623
34.63000 336.089
34.64000 340.511
34.65000 339.631
34.66000 335.122
34.67000 330.721
34.68000 323.537
34.69000 315.451
34.70000 308.490
34.71000 315.978
34.72000 327.881
34.73000 337.696
34.74000 332.273
34.75000 323.798
34.76000 316.700
34.77000 315.068
34.78000 314.275
34.79000 314.475
34.80000 317.678
34.81000 321.086
34.82000 323.875
34.83000 325.406
34.84000 326.901
34.85000 327.761
34.86000 323.411
34.87000 320.350
34.88000 318.353
34.89000 317.268
34.90000 316.225
34.91000 317.318
34.92000 319.612
34.93000 321.820
34.94000 324.325
34.95000 326.782
34.96000 328.333
34.97000 321.159
34.98000 311.795
34.99000 304.937
35.00000 312.609
35.01000 322.620
35.02000 330.670
35.03000 333.690
35.04000 335.750
35.05000 337.117
35.06000 336.750
35.07000 336.301
35.08000 334.954
35.09000 332.103
35.10000 329.228
35.11000 327.728
35.12000 322.406
35.13000 318.821
35.14000 317.139
35.15000 316.786
35.16000 316.451
35.17000 316.655
35.18000 317.109
35.19000 317.538
35.20000 316.095
35.21000 314.234
35.22000 311.874
35.23000 305.782
35.24000 298.927
35.25000 295.039
35.26000 305.035
35.27000 316.797
35.28000 325.824
35.29000 317.315
35.30000 309.612
35.31000 307.141
35.32000 315.492
35.33000 324.173
35.34000 326.783
35.35000 321.059
35.36000 315.289
35.37000 314.417
35.38000 317.832
35.39000 321.222
35.40000 323.195
35.41000 324.356
35.42000 325.135
35.43000 318.531
35.44000 309.092
35.45000 300.355
35.46000 301.260
35.47000 304.291
35.48000 307.358
35.49000 310.643
35.50000 313.965
35.51000 315.201
35.52000 308.471
35.53000 300.962
35.54000 295.496
35.55000 297.842
35.56000 299.946
35.57000 303.077
35.58000 307.961
35.59000 312.875
35.60000 312.791
35.61000 307.138
35.62000 301.504
35.63000 303.869
35.64000 311.851
35.65000 319.512
35.66000 317.204
35.67000 310.178
35.68000 303.776
35.69000 305.914
35.70000 310.762
35.71000 315.137
35.72000 317.036
35.73000 318.250
35.74000 317.825
35.75000 309.569
35.76000 300.293
35.77000 293.614
35.78000 295.095
35.79000 297.171
35.80000 298.593
35.81000 306.280
35.82000 312.188
35.83000 313.077
35.84000 306.939
35.85000 300.756
35.86000 299.119
35.87000 301.549
35.88000 303.953
35.89000 307.504
35.90000 311.629
35.91000 315.452
35.92000 313.209
35.93000 308.591
35.94000 304.527
35.95000 306.086
35.96000 309.113
35.97000 311.766
35.98000 309.551
35.99000 306.949
36.00000 305.661
36.01000 309.496
36.02000 313.845
36.03000 316.564
36.04000 315.051
36.05000 313.321
36.06000 312.215
36.07000 303.106
36.08000 296.372
36.09000 295.781
36.10000 302.180
36.11000 308.522
36.12000 304.386
36.13000 292.637
36.14000 281.127
36.15000 282.006
36.16000 288.596
36.17000 294.947
36.18000 297.928
36.19000 299.819
36.20000 301.334
36.21000 299.896
36.22000 297.828
36.23000 296.078
36.24000 291.123
36.25000 286.616
36.26000 284.591
36.27000 290.519
36.28000 297.045
36.29000 302.316
36.30000 304.894
36.31000 307.381
36.32000 308.849
36.33000 308.071
36.34000 307.509
36.35000 306.734
36.36000 305.765
36.37000 304.853
36.38000 307.632
36.39000 312.609
36.40000 317.420
36.41000 312.479
36.42000 304.144
36.43000 296.703
36.44000 298.600
36.45000 302.982
36.46000 306.664
36.47000 306.010
36.48000 304.611
36.49000 303.471
36.50000 302.687
36.51000 302.077
36.52000 302.487
36.53000 305.600
36.54000 308.857
36.55000 310.726
36.56000 310.133
36.57000 309.494
36.58000 309.150
36.59000 306.025
36.60000 303.866
36.61000 297.956
36.62000 289.266
36.63000 280.905
36.64000 283.798
36.65000 292.219
36.66000 300.228
36.67000 298.519
36.68000 293.978
36.69000 290.123
36.70000 291.777
36.71000 294.628
36.72000 297.547
36.73000 300.796
36.74000 304.091
36.75000 306.656
36.76000 302.559
36.77000 298.886
36.78000 296.738
36.79000 297.927
36.80000 299.234
36.81000 299.738
36.82000 299.075
36.83000 298.402
36.84000 299.937
36.85000 303.532
36.86000 307.092
36.87000 308.259
36.88000 307.972
36.89000 307.742
36.90000 308.717
36.91000 310.183
36.92000 311.548
36.93000 311.704
36.94000 311.548
36.95000 311.735
36.96000 314.091
36.97000 316.828
36.98000 318.718
36.99000 317.172
37.00000 315.261
37.01000 313.848
37.02000 315.423
37.03000 316.773
37.04000 317.251
37.05000 316.151
37.06000 315.019
37.07000 312.755
37.08000 309.148
37.09000 305.549
37.10000 302.498
37.11000 299.880
37.12000 297.353
37.13000 298.089
37.14000 300.458
37.15000 302.837
37.16000 305.352
37.17000 307.912
37.18000 310.241
37.19000 305.272
37.20000 299.445
37.21000 294.493
37.22000 293.992
37.23000 294.112
37.24000 295.614
37.25000 301.715
37.26000 308.182
37.27000 312.696
37.28000 307.078
37.29000 302.554
37.30000 300.327
37.31000 301.511
37.32000 302.727
37.33000 300.635
37.34000 295.386
37.35000 290.182
37.36000 293.347
37.37000 301.540
37.38000 309.527
37.39000 312.886
37.40000 314.328
37.41000 315.317
37.42000 311.298
37.43000 305.894
37.44000 301.116
37.45000 299.558
37.46000 298.712
37.47000 298.113
37.48000 298.533
37.49000 299.065
37.50000 298.487
37.51000 294.861
37.52000 291.061
37.53000 288.580
37.54000 295.481
37.55000 300.697
37.56000 304.271
37.57000 305.856
37.58000 307.422
37.59000 305.630
37.60000 301.246
37.61000 296.937
37.62000 296.914
37.63000 299.006
37.64000 301.233
37.65000 305.571
37.66000 310.630
37.67000 314.892
37.68000 312.431
37.69000 308.447
37.70000 305.037
37.71000 304.694
37.72000 304.775
37.73000 304.643
37.74000 303.788
37.75000 302.875
37.76000 301.301
37.77000 298.228
37.78000 295.098
37.79000 293.205
37.80000 295.017
37.81000 296.335
37.82000 295.612
37.83000 292.897
37.84000 290.204
37.85000 289.281
37.86000 289.475
37.87000 289.662
37.88000 291.131
37.89000 293.038
37.90000 294.930
37.91000 296.652
37.92000 298.325
37.93000 299.741
37.94000 299.452
37.95000 298.850
37.96000 298.354
37.97000 303.496
37.98000 308.246
37.99000 310.012
38.00000 303.428
38.01000 296.348
38.02000 292.132
38.03000 293.291
38.04000 294.574
38.05000 295.284
38.06000 305.013
38.07000 311.715
38.08000 310.043
38.09000 301.777
38.10000 293.793
38.11000 297.122
38.12000 306.333
38.13000 315.137
38.14000 316.828
38.15000 316.093
38.16000 315.126
38.17000 312.151
38.18000 308.712
38.19000 306.250
38.20000 308.967
38.21000 312.443
38.22000 315.187
38.23000 319.208
38.24000 322.522
38.25000 327.915
38.26000 338.119
38.27000 348.517
38.28000 353.521
38.29000 350.196
38.30000 346.778
38.31000 351.179
38.32000 363.371
38.33000 375.519
38.34000 383.868
38.35000 389.772
38.36000 395.955
38.37000 408.990
38.38000 424.968
38.39000 439.952
38.40000 464.085
38.41000 488.457
38.42000 511.208
38.43000 522.966
38.44000 532.666
38.45000 547.045
38.46000 581.554
38.47000 618.369
38.48000 646.038
38.49000 677.512
38.50000 702.303
38.51000 730.498
38.52000 765.201
38.53000 800.064
38.54000 837.903
38.55000 879.497
38.56000 921.037
38.57000 953.028
38.58000 977.246
38.59000 1001.403
38.60000 1023.009
38.61000 1043.262
38.62000 1063.454
38.63000 1082.621
38.64000 1101.424
38.65000 1118.656
38.66000 1130.499
38.67000 1139.915
38.68000 1145.506
38.69000 1130.389
38.70000 1112.169
38.71000 1096.094
38.72000 1087.578
38.73000 1079.722
38.74000 1074.139
38.75000 1043.375
38.76000 1019.152
38.77000 995.017
38.78000 971.019
38.79000 947.024
38.80000 914.459
38.81000 873.168
38.82000 832.139
38.83000 793.860
38.84000 757.912
38.85000 722.017
38.86000 687.432
38.87000 653.422
38.88000 619.908
38.89000 592.375
38.90000 566.595
38.91000 543.598
38.92000 516.558
38.93000 492.357
38.94000 470.002
38.95000 455.741
38.96000 442.431
38.97000 427.938
38.98000 410.008
38.99000 391.859
39.00000 379.763
39.01000 367.950
39.02000 359.210
39.03000 351.153
39.04000 343.974
39.05000 336.808
39.06000 333.439
39.07000 333.183
39.08000 332.930
39.09000 331.336
39.10000 329.085
39.11000 326.633
39.12000 320.740
39.13000 313.600
39.14000 306.967
39.15000 304.958
39.16000 304.060
39.17000 303.284
39.18000 305.421
39.19000 307.617
39.20000 307.765
39.21000 300.560
39.22000 292.696
39.23000 287.101
39.24000 286.954
39.25000 287.045
39.26000 287.102
39.27000 289.328
39.28000 290.950
39.29000 291.841
39.30000 291.972
39.31000 292.095
39.32000 291.554
39.33000 290.567
39.34000 289.606
39.35000 288.013
39.36000 286.224
39.37000 284.676
39.38000 286.117
39.39000 288.451
39.40000 289.766
39.41000 283.856
39.42000 276.535
39.43000 270.430
39.44000 270.327
39.45000 270.842
39.46000 272.663
39.47000 278.351
39.48000 284.293
39.49000 289.292
39.50000 292.419
39.51000 295.494
39.52000 297.243
39.53000 283.262
39.54000 273.483
39.55000 270.344
39.56000 272.765
39.57000 275.082
39.58000 272.396
39.59000 266.959
39.60000 261.735
39.61000 266.563
39.62000 274.551
39.63000 281.612
39.64000 280.001
39.65000 276.264
39.66000 273.287
39.67000 274.603
39.68000 276.593
39.69000 278.184
39.70000 275.394
39.71000 272.811
39.72000 271.370
39.73000 272.723
39.74000 274.202
39.75000 273.247
39.76000 268.308
39.77000 263.312
39.78000 260.737
39.79000 260.012
39.80000 259.571
39.81000 264.494
39.82000 273.075
39.83000 281.422
39.84000 283.209
39.85000 282.016
39.86000 280.891
39.87000 278.580
39.88000 276.131
39.89000 273.441
39.90000 268.998
39.91000 264.204
39.92000 261.136
39.93000 265.950
39.94000 271.737
39.95000 276.152
39.96000 274.290
39.97000 272.487
39.98000 272.123
39.99000 274.672
40.00000 277.304
40.01000 277.316
40.02000 273.817
40.03000 270.303
40.04000 271.104
40.05000 275.583
40.06000 279.962
40.07000 279.198
40.08000 275.551
40.09000 272.016
40.10000 270.557
40.11000 269.878
40.12000 269.251
40.13000 271.814
40.14000 274.828
40.15000 276.720
40.16000 272.136
40.17000 266.513
40.18000 262.326
40.19000 263.499
40.20000 265.181
40.21000 266.397
40.22000 269.628
40.23000 272.181
40.24000 272.164
40.25000 267.861
40.26000 263.491
40.27000 260.289
40.28000 258.354
40.29000 256.428
40.30000 256.091
40.31000 256.851
40.32000 257.710
40.33000 261.496
40.34000 266.638
40.35000 271.451
40.36000 271.953
40.37000 271.118
40.38000 270.366
40.39000 272.159
40.40000 274.184
40.41000 274.767
40.42000 268.625
40.43000 261.631
40.44000 257.470
40.45000 262.013
40.46000 267.166
40.47000 270.670
40.48000 262.659
40.49000 256.419
40.50000 252.697
40.51000 252.418
40.52000 252.157
40.53000 249.962
40.54000 246.077
40.55000 242.237
40.56000 241.356
40.57000 242.146
40.58000 243.065
40.59000 246.460
40.60000 250.803
40.61000 254.140
40.62000 247.565
40.63000 238.462
40.64000 230.517
40.65000 235.076
40.66000 240.730
40.67000 245.463
40.68000 246.691
40.69000 247.576
40.70000 248.729
40.71000 250.559
40.72000 252.422
40.73000 253.603
40.74000 260.624
40.75000 265.787
40.76000 264.864
40.77000 257.189
40.78000 249.540
40.79000 246.318
40.80000 246.237
40.81000 246.158
40.82000 247.838
40.83000 250.246
40.84000 252.579
40.85000 253.898
40.86000 254.897
40.87000 255.625
40.88000 254.300
40.89000 252.547
40.90000 251.070
40.91000 253.976
40.92000 256.878
40.93000 258.643
40.94000 256.844
40.95000 254.787
40.96000 252.629
40.97000 250.259
40.98000 247.882
40.99000 246.494
41.00000 249.780
41.01000 252.112
41.02000 253.283
41.03000 253.419
41.04000 253.542
41.05000 252.864
41.06000 251.720
41.07000 250.615
41.08000 248.870
41.09000 246.991
41.10000 245.455
41.11000 247.386
41.12000 250.219
41.13000 252.358
41.14000 250.312
41.15000 247.565
41.16000 245.339
41.17000 247.656
41.18000 249.913
41.19000 249.743
41.20000 243.294
41.21000 236.524
41.22000 233.670
41.23000 237.605
41.24000 241.659
41.25000 243.815
41.26000 244.376
41.27000 244.778
41.28000 248.628
41.29000 254.972
41.30000 261.053
41.31000 258.621
41.32000 252.100
41.33000 245.913
41.34000 243.459
41.35000 242.304
41.36000 241.374
41.37000 242.198
41.38000 243.394
41.39000 244.121
41.40000 242.572
41.41000 240.721
41.42000 239.287
41.43000 242.194
41.44000 244.760
41.45000 248.396
41.46000 254.320
41.47000 260.321
41.48000 261.489
41.49000 255.782
41.50000 250.025
41.51000 246.177
41.52000 244.070
41.53000 242.021
41.54000 243.621
41.55000 247.387
41.56000 250.854
41.57000 248.130
41.58000 242.947
41.59000 238.130
41.60000 234.639
41.61000 231.807
41.62000 229.845
41.63000 233.249
41.64000 237.572
41.65000 241.982
41.66000 246.736
41.67000 251.526
41.68000 255.047
41.69000 251.803
41.70000 249.017
41.71000 246.787
41.72000 245.541
41.73000 244.313
41.74000 245.280
41.75000 248.787
41.76000 252.286
41.77000 248.977
41.78000 240.706
41.79000 232.553
41.80000 228.397
41.81000 226.196
41.82000 224.002
41.83000 221.892
41.84000 219.809
41.85000 217.920
41.86000 220.033
41.87000 222.661
41.88000 226.107
41.89000 233.609
41.90000 241.662
41.91000 247.330
41.92000 245.244
41.93000 242.561
41.94000 240.701
41.95000 238.634
41.96000 237.072
41.97000 235.544
41.98000 234.065
41.99000 232.587
42.00000 231.625
42.01000 231.143
42.02000 230.665
42.03000 230.274
42.04000 229.942
42.05000 229.577
42.06000 228.517
42.07000 227.175
42.08000 226.159
42.09000 228.635
42.10000 232.054
42.11000 235.067
42.12000 244.540
42.13000 253.677
42.14000 260.656
42.15000 258.926
42.16000 256.277
42.17000 254.379
42.18000 254.501
42.19000 254.734
42.20000 254.885
42.21000 239.609
42.22000 228.204
42.23000 226.375
42.24000 235.863
42.25000 245.343
42.26000 249.168
42.27000 248.732
42.28000 248.304
42.29000 244.714
42.30000 239.728
42.31000 235.261
42.32000 238.546
42.33000 244.425
42.34000 249.293
42.35000 245.878
42.36000 240.632
42.37000 236.162
42.38000 232.679
42.39000 229.866
42.40000 228.543
42.41000 232.161
42.42000 236.171
42.43000 239.206
42.44000 240.078
42.45000 240.870
42.46000 241.344
42.47000 237.851
42.48000 235.345
42.49000 234.982
42.50000 236.655
42.51000 238.305
42.52000 238.336
42.53000 237.369
42.54000 236.431
42.55000 240.548
42.56000 246.422
42.57000 251.461
42.58000 247.334
42.59000 240.681
42.60000 234.453
42.61000 230.965
42.62000 227.967
42.63000 225.508
42.64000 225.500
42.65000 225.711
42.66000 226.925
42.67000 230.879
42.68000 234.989
42.69000 236.755
42.70000 234.221
42.71000 231.594
42.72000 230.157
42.73000 225.689
42.74000 222.636
42.75000 225.036
42.76000 231.628
42.77000 238.051
42.78000 238.124
42.79000 234.971
42.80000 231.962
42.81000 232.146
42.82000 233.327
42.83000 234.346
42.84000 233.996
42.85000 233.338
42.86000 232.674
42.87000 231.982
42.88000 231.285
42.89000 230.738
42.90000 231.554
42.91000 232.295
42.92000 231.744
42.93000 228.266
42.94000 224.677
42.95000 221.667
42.96000 219.531
42.97000 217.403
42.98000 220.182
42.99000 227.723
43.00000 235.205
43.01000 238.069
43.02000 238.031
43.03000 237.882
43.04000 235.136
43.05000 231.299
43.06000 227.709
43.07000 229.970
43.08000 233.516
43.09000 236.375
43.10000 234.701
43.11000 232.199
43.12000 230.441
43.13000 231.808
43.14000 233.522
43.15000 234.802
43.16000 237.750
43.17000 240.124
43.18000 240.417
43.19000 236.819
43.20000 233.132
43.21000 232.079
43.22000 234.269
43.23000 236.464
43.24000 238.041
43.25000 239.129
43.26000 240.037
43.27000 233.810
43.28000 223.889
43.29000 214.494
43.30000 213.522
43.31000 215.476
43.32000 217.262
43.33000 223.603
43.34000 230.165
43.35000 234.847
43.36000 229.606
43.37000 222.919
43.38000 218.890
43.39000 224.018
43.40000 229.917
43.41000 234.079
43.42000 237.764
43.43000 240.546
43.44000 241.182
43.45000 238.517
43.46000 235.816
43.47000 233.238
43.48000 230.783
43.49000 228.344
43.50000 226.188
43.51000 224.244
43.52000 222.500
43.53000 225.611
43.54000 230.801
43.55000 235.126
43.56000 229.397
43.57000 220.788
43.58000 213.135
43.59000 214.787
43.60000 217.726
43.61000 219.711
43.62000 217.605
43.63000 215.033
43.64000 214.072
43.65000 217.685
43.66000 221.578
43.67000 224.152
43.68000 219.298
43.69000 215.584
43.70000 215.735
43.71000 220.744
43.72000 225.752
43.73000 225.560
43.74000 221.205
43.75000 216.917
43.76000 215.946
43.77000 216.702
43.78000 217.280
43.79000 214.901
43.80000 211.476
43.81000 209.067
43.82000 215.631
43.83000 224.302
43.84000 231.768
43.85000 232.698
43.86000 232.659
43.87000 231.717
43.88000 227.605
43.89000 223.218
43.90000 219.630
43.91000 217.920
43.92000 216.287
43.93000 215.286
43.94000 215.366
43.95000 215.433
43.96000 218.809
43.97000 225.540
43.98000 232.209
43.99000 233.024
44.00000 230.015
44.01000 227.086
44.02000 230.221
44.03000 235.726
44.04000 240.554
44.05000 237.269
44.06000 231.615
44.07000 226.908
44.08000 228.732
44.09000 231.801
44.10000 234.348
44.11000 232.043
44.12000 229.668
44.13000 227.563
44.14000 226.238
44.15000 224.962
44.16000 224.911
44.17000 227.240
44.18000 229.629
44.19000 230.974
44.20000 227.104
44.21000 224.415
44.22000 226.428
44.23000 232.281
44.24000 237.992
44.25000 237.388
44.26000 233.388
44.27000 229.553
44.28000 226.182
44.29000 223.190
44.30000 220.853
44.31000 224.455
44.32000 229.480
44.33000 233.104
44.34000 229.012
44.35000 223.743
44.36000 219.550
44.37000 220.243
44.38000 221.153
44.39000 224.595
44.40000 234.094
44.41000 243.855
44.42000 249.677
44.43000 249.198
44.44000 248.637
44.45000 248.351
44.46000 236.950
44.47000 229.372
44.48000 228.839
44.49000 233.001
44.50000 237.180
44.51000 241.824
44.52000 246.675
44.53000 251.241
44.54000 254.463
44.55000 257.044
44.56000 259.420
44.57000 260.349
44.58000 260.998
44.59000 262.701
44.60000 269.107
44.61000 276.077
44.62000 281.364
44.63000 275.543
44.64000 270.401
44.65000 269.266
44.66000 276.060
44.67000 283.068
44.68000 291.637
44.69000 302.248
44.70000 312.856
44.71000 318.509
44.72000 320.027
44.73000 321.628
44.74000 327.229
44.75000 335.020
44.76000 343.163
44.77000 357.521
44.78000 374.163
44.79000 389.482
44.80000 407.951
44.81000 425.153
44.82000 440.180
44.83000 442.972
44.84000 443.854
44.85000 446.677
44.86000 456.584
44.87000 467.141
44.88000 474.722
44.89000 493.087
44.90000 507.507
44.91000 522.621
44.92000 538.865
44.93000 555.126
44.94000 564.748
44.95000 567.339
44.96000 569.915
44.97000 575.497
44.98000 583.028
44.99000 590.323
45.00000 591.096
45.01000 588.914
45.02000 586.527
45.03000 581.518
45.04000 575.713
45.05000 570.509
45.06000 563.195
45.07000 556.439
45.08000 549.651
45.09000 542.721
45.10000 535.774
45.11000 529.435
45.12000 524.923
45.13000 520.534
45.14000 517.573
45.15000 498.088
45.16000 483.239
45.17000 468.248
45.18000 453.065
45.19000 437.892
45.20000 428.786
45.21000 424.847
45.22000 420.957
45.23000 412.193
45.24000 401.005
45.25000 389.955
45.26000 381.432
45.27000 373.855
45.28000 366.069
45.29000 356.291
45.30000 346.016
45.31000 337.082
45.32000 337.238
45.33000 338.611
45.34000 338.837
45.35000 334.805
45.36000 330.370
45.37000 325.165
45.38000 318.047
45.39000 310.839
45.40000 306.313
45.41000 301.819
45.42000 298.571
45.43000 295.503
45.44000 292.629
45.45000 289.759
45.46000 287.481
45.47000 285.613
45.48000 283.788
45.49000 283.245
45.50000 283.291
45.51000 283.251
45.52000 282.075
45.53000 280.548
45.54000 278.619
45.55000 273.703
45.56000 268.182
45.57000 263.547
45.58000 264.223
45.59000 265.342
45.60000 266.054
45.61000 265.518
45.62000 264.895
45.63000 262.552
45.64000 256.677
45.65000 250.697
45.66000 247.239
45.67000 243.705
45.68000 241.228
45.69000 239.853
45.70000 239.436
45.71000 239.073
45.72000 241.580
45.73000 245.722
45.74000 249.712
45.75000 247.298
45.76000 242.734
45.77000 238.674
45.78000 239.545
45.79000 241.669
45.80000 242.813
45.81000 238.200
45.82000 232.648
45.83000 228.172
45.84000 229.053
45.85000 230.189
45.86000 230.196
45.87000 227.343
45.88000 224.351
45.89000 221.967
45.90000 220.612
45.91000 219.275
45.92000 218.572
45.93000 216.712
45.94000 215.468
45.95000 216.744
45.96000 219.801
45.97000 222.797
45.98000 223.961
45.99000 224.264
46.00000 224.551
46.01000 222.168
46.02000 219.201
46.03000 216.522
46.04000 216.020
46.05000 215.969
46.06000 215.723
46.07000 214.546
46.08000 213.249
46.09000 212.251
46.10000 210.764
46.11000 209.559
46.12000 209.624
46.13000 212.349
46.14000 215.157
46.15000 215.322
46.16000 211.813
46.17000 208.283
46.18000 208.743
46.19000 212.741
46.20000 216.673
46.21000 216.819
46.22000 214.769
46.23000 212.789
46.24000 212.216
46.25000 212.189
46.26000 212.165
46.27000 212.002
46.28000 211.825
46.29000 211.769
46.30000 212.452
46.31000 213.257
46.32000 213.281
46.33000 210.278
46.34000 206.974
46.35000 204.560
46.36000 203.684
46.37000 203.069
46.38000 202.747
46.39000 202.930
46.40000 203.122
46.41000 204.919
46.42000 208.527
46.43000 212.123
46.44000 213.036
46.45000 212.024
46.46000 210.923
46.47000 206.977
46.48000 201.669
46.49000 196.763
46.50000 197.446
46.51000 199.923
46.52000 202.163
46.53000 200.379
46.54000 198.061
46.55000 196.386
46.56000 197.819
46.57000 199.664
46.58000 202.006
46.59000 205.934
46.60000 209.980
46.61000 212.762
46.62000 210.773
46.63000 209.162
46.64000 205.745
46.65000 199.767
46.66000 193.774
46.67000 195.231
46.68000 203.441
46.69000 211.567
46.70000 211.786
46.71000 207.424
46.72000 203.260
46.73000 203.168
46.74000 204.688
46.75000 205.566
46.76000 199.793
46.77000 192.263
46.78000 185.653
46.79000 193.619
46.80000 202.599
46.81000 208.533
46.82000 202.453
46.83000 195.143
46.84000 191.887
46.85000 199.275
46.86000 207.224
46.87000 212.327
46.88000 199.893
46.89000 190.587
46.90000 186.066
46.91000 187.062
46.92000 188.087
46.93000 193.170
46.94000 201.236
46.95000 209.145
46.96000 208.797
46.97000 204.584
46.98000 200.745
46.99000 202.268
47.00000 205.546
47.01000 207.416
47.02000 198.077
47.03000 186.320
47.04000 176.343
47.05000 180.643
47.06000 185.870
47.07000 190.104
47.08000 191.115
47.09000 191.879
47.10000 193.573
47.11000 197.286
47.12000 201.070
47.13000 203.314
47.14000 203.939
47.15000 204.370
47.16000 200.818
47.17000 193.577
47.18000 186.440
47.19000 186.179
47.20000 190.065
47.21000 193.825
47.22000 197.199
47.23000 200.240
47.24000 202.876
47.25000 201.209
47.26000 198.383
47.27000 195.645
47.28000 193.461
47.29000 191.374
47.30000 189.670
47.31000 187.765
47.32000 186.189
47.33000 185.011
47.34000 184.894
47.35000 184.835
47.36000 184.742
47.37000 184.587
47.38000 184.430
47.39000 184.345
47.40000 191.113
47.41000 195.738
47.42000 196.719
47.43000 194.966
47.44000 193.339
47.45000 196.131
47.46000 201.120
47.47000 205.869
47.48000 200.184
47.49000 191.700
47.50000 183.966
47.51000 182.352
47.52000 182.087
47.53000 182.128
47.54000 183.716
47.55000 185.518
47.56000 186.926
47.57000 192.261
47.58000 196.764
47.59000 199.473
47.60000 198.214
47.61000 196.810
47.62000 197.395
47.63000 200.911
47.64000 204.452
47.65000 202.767
47.66000 196.139
47.67000 189.623
47.68000 191.050
47.69000 197.360
47.70000 203.217
47.71000 199.023
47.72000 190.698
47.73000 182.931
47.74000 186.633
47.75000 192.842
47.76000 197.896
47.77000 195.533
47.78000 191.850
47.79000 189.879
47.80000 194.934
47.81000 200.746
47.82000 205.060
47.83000 197.193
47.84000 190.543
47.85000 185.225
47.86000 182.341
47.87000 179.509
47.88000 177.610
47.89000 176.832
47.90000 176.058
47.91000 177.498
47.92000 180.614
47.93000 183.635
47.94000 183.164
47.95000 180.925
47.96000 178.695
47.97000 176.597
47.98000 174.544
47.99000 172.674
48.00000 172.481
48.01000 172.644
48.02000 173.740
48.03000 179.642
48.04000 186.226
48.05000 190.925
48.06000 189.277
48.07000 187.113
48.08000 185.597
48.09000 188.400
48.10000 190.644
48.11000 192.126
48.12000 192.463
48.13000 192.788
48.14000 192.431
48.15000 191.414
48.16000 190.405
48.17000 187.161
48.18000 182.599
48.19000 178.241
48.20000 178.603
48.21000 180.940
48.22000 182.856
48.23000 180.031
48.24000 175.878
48.25000 172.200
48.26000 176.306
48.27000 181.085
48.28000 184.183
48.29000 180.245
48.30000 175.528
48.31000 172.824
48.32000 175.710
48.33000 178.924
48.34000 181.031
48.35000 179.817
48.36000 178.868
48.37000 182.629
48.38000 192.166
48.39000 201.683
48.40000 201.767
48.41000 194.481
48.42000 187.315
48.43000 185.202
48.44000 185.680
48.45000 186.100
48.46000 185.596
48.47000 184.772
48.48000 183.994
48.49000 183.604
48.50000 183.302
48.51000 183.044
48.52000 186.219
48.53000 189.322
48.54000 191.692
48.55000 191.547
48.56000 191.190
48.57000 189.709
48.58000 185.645
48.59000 181.478
48.60000 178.945
48.61000 182.773
48.62000 185.556
48.63000 186.841
48.64000 186.647
48.65000 186.452
48.66000 186.187
48.67000 185.878
48.68000 185.578
48.69000 183.062
48.70000 179.774
48.71000 176.593
48.72000 174.669
48.73000 173.103
48.74000 172.403
48.75000 177.520
48.76000 183.718
48.77000 188.839
48.78000 192.521
48.79000 195.422
48.80000 195.439
48.81000 187.293
48.82000 178.652
48.83000 174.406
48.84000 178.503
48.85000 182.800
48.86000 185.192
48.87000 188.172
48.88000 190.220
48.89000 188.137
48.90000 182.760
48.91000 177.503
48.92000 177.207
48.93000 179.520
48.94000 181.733
48.95000 181.887
48.96000 181.353
48.97000 180.902
48.98000 181.185
48.99000 181.639
49.00000 182.302
49.01000 184.090
49.02000 186.045
49.03000 187.592
49.04000 184.615
49.05000 181.908
49.06000 180.175
49.07000 180.721
49.08000 181.362
49.09000 180.355
49.10000 176.773
49.11000 173.161
49.12000 171.346
49.13000 173.111
49.14000 174.300
49.15000 176.429
49.16000 179.170
49.17000 181.670
49.18000 178.078
49.19000 171.838
49.20000 165.980
49.21000 173.960
49.22000 184.909
49.23000 194.331
49.24000 193.261
49.25000 190.199
49.26000 185.855
49.27000 175.926
49.28000 165.347
49.29000 157.370
49.30000 167.674
49.31000 176.642
49.32000 181.537
49.33000 178.552
49.34000 175.369
49.35000 173.792
49.36000 174.269
49.37000 174.752
49.38000 176.488
49.39000 179.233
49.40000 181.895
49.41000 180.898
49.42000 177.942
49.43000 175.084
49.44000 173.923
49.45000 173.370
49.46000 172.863
49.47000 178.860
49.48000 185.591
49.49000 190.326
49.50000 184.116
49.51000 176.243
49.52000 170.368
49.53000 171.617
49.54000 173.498
49.55000 174.839
49.56000 173.525
49.57000 172.435
49.58000 173.075
49.59000 176.473
49.60000 179.905
49.61000 180.342
49.62000 177.686
49.63000 175.046
49.64000 174.494
49.65000 175.317
49.66000 176.152
49.67000 177.271
49.68000 178.516
49.69000 179.675
49.70000 179.782
49.71000 179.577
49.72000 179.393
49.73000 177.946
49.74000 176.473
49.75000 175.248
49.76000 175.133
49.77000 175.150
49.78000 175.221
49.79000 175.451
49.80000 175.691
49.81000 175.851
49.82000 180.135
49.83000 183.393
49.84000 186.232
49.85000 188.524
49.86000 190.807
49.87000 189.710
49.88000 185.807
49.89000 181.957
49.90000 177.593
49.91000 173.078
49.92000 169.101
49.93000 174.591
49.94000 183.549
49.95000 191.491
49.96000 190.038
49.97000 186.299
49.98000 183.060
49.99000 181.670
50.00000 180.733
50.01000 181.365
50.02000 187.707
50.03000 194.569
50.04000 197.896
50.05000 192.635
50.06000 186.989
50.07000 183.476
50.08000 188.273
50.09000 191.811
50.10000 190.441
50.11000 183.895
50.12000 177.400
50.13000 176.698
50.14000 179.917
50.15000 183.058
50.16000 185.350
50.17000 187.174
50.18000 188.752
50.19000 187.215
50.20000 184.737
50.21000 182.260
50.22000 179.791
50.23000 177.324
50.24000 175.262
50.25000 181.255
50.26000 187.049
50.27000 191.467
50.28000 191.770
50.29000 191.795
50.30000 192.204
50.31000 193.380
50.32000 194.579
50.33000 195.264
50.34000 201.730
50.35000 206.262
50.36000 208.747
50.37000 209.499
50.38000 210.225
50.39000 209.700
50.40000 208.479
50.41000 207.304
50.42000 214.584
50.43000 224.362
50.44000 233.094
50.45000 231.886
50.46000 228.212
50.47000 226.331
50.48000 234.719
50.49000 244.740
50.50000 252.778
50.51000 253.300
50.52000 253.151
50.53000 255.629
50.54000 264.610
50.55000 273.894
50.56000 281.201
50.57000 285.235
50.58000 289.219
50.59000 291.286
50.60000 285.928
50.61000 282.339
50.62000 282.308
50.63000 284.735
50.64000 287.068
50.65000 286.691
50.66000 285.068
50.67000 283.535
50.68000 281.603
50.69000 279.717
50.70000 278.122
50.71000 278.671
50.72000 279.654
50.73000 279.836
50.74000 276.315
50.75000 272.330
50.76000 269.279
50.77000 266.529
50.78000 264.375
50.79000 261.620
50.80000 257.635
50.81000 253.614
50.82000 250.565
50.83000 248.834
50.84000 247.112
50.85000 248.152
50.86000 251.578
50.87000 254.799
50.88000 247.159
50.89000 233.359
50.90000 220.249
50.91000 220.198
50.92000 225.111
50.93000 229.653
50.94000 225.964
50.95000 220.783
50.96000 215.634
50.97000 210.679
50.98000 205.756
50.99000 201.520
51.00000 199.880
51.01000 198.491
51.02000 197.483
51.03000 196.225
51.04000 195.248
51.05000 193.889
51.06000 191.884
51.07000 189.869
51.08000 187.452
51.09000 184.593
51.10000 181.747
51.11000 183.986
51.12000 189.745
51.13000 195.252
51.14000 193.120
51.15000 187.412
51.16000 182.035
51.17000 181.096
51.18000 181.552
51.19000 181.963
51.20000 180.206
51.21000 178.273
51.22000 177.185
51.23000 180.092
51.24000 183.512
51.25000 184.827
51.26000 179.598
51.27000 173.902
51.28000 170.014
51.29000 175.880
51.30000 180.495
51.31000 182.825
51.32000 181.993
51.33000 181.139
51.34000 178.628
51.35000 174.654
51.36000 170.723
51.37000 170.551
51.38000 172.505
51.39000 174.482
51.40000 176.908
51.41000 179.508
51.42000 181.886
51.43000 182.032
51.44000 181.602
51.45000 181.226
51.46000 177.498
51.47000 173.827
51.48000 170.602
51.49000 169.098
51.50000 167.765
51.51000 166.965
51.52000 167.532
51.53000 168.168
51.54000 168.573
51.55000 174.097
51.56000 178.175
51.57000 176.713
51.58000 169.020
51.59000 161.367
51.60000 160.367
51.61000 164.147
51.62000 167.847
51.63000 168.287
51.64000 167.215
51.65000 165.943
51.66000 161.893
51.67000 156.954
51.68000 152.981
51.69000 156.473
51.70000 161.537
51.71000 165.817
51.72000 166.381
51.73000 166.443
51.74000 167.249
51.75000 170.407
51.76000 173.739
51.77000 174.482
51.78000 169.722
51.79000 164.783
51.80000 161.882
51.81000 163.918
51.82000 165.378
51.83000 166.681
51.84000 167.842
51.85000 168.977
51.86000 168.585
51.87000 167.293
51.88000 166.044
51.89000 167.921
51.90000 170.853
51.91000 173.230
51.92000 169.895
51.93000 165.056
51.94000 161.383
51.95000 164.841
51.96000 169.510
51.97000 173.303
51.98000 170.937
51.99000 168.495
52.00000 166.913
52.01000 167.578
52.02000 168.362
52.03000 168.623
52.04000 167.967
52.05000 167.294
52.06000 166.935
52.07000 170.048
52.08000 172.178
52.09000 174.981
52.10000 178.277
52.11000 181.420
52.12000 179.470
52.13000 175.044
52.14000 170.841
52.15000 170.159
52.16000 170.590
52.17000 170.398
52.18000 165.264
52.19000 159.068
52.20000 154.600
52.21000 158.630
52.22000 163.806
52.23000 167.825
52.24000 171.187
52.25000 173.821
52.26000 173.361
52.27000 166.204
52.28000 158.817
52.29000 155.534
52.30000 158.161
52.31000 160.834
52.32000 162.397
52.33000 162.934
52.34000 163.451
52.35000 162.708
52.36000 161.207
52.37000 159.865
52.38000 161.889
52.39000 165.266
52.40000 168.409
52.41000 165.915
52.42000 162.293
52.43000 159.128
52.44000 158.813
52.45000 158.993
52.46000 158.982
52.47000 158.208
52.48000 157.354
52.49000 156.724
52.50000 159.127
52.51000 161.116
52.52000 161.692
52.53000 159.740
52.54000 157.739
52.55000 157.586
52.56000 159.602
52.57000 161.615
52.58000 160.176
52.59000 156.186
52.60000 152.328
52.61000 153.102
52.62000 156.171
52.63000 159.008
52.64000 158.436
52.65000 156.731
52.66000 155.183
52.67000 157.600
52.68000 160.504
52.69000 162.263
52.70000 158.269
52.71000 153.481
52.72000 150.543
52.73000 153.695
52.74000 157.325
52.75000 159.849
52.76000 164.150
52.77000 167.440
52.78000 168.632
52.79000 166.741
52.80000 164.824
52.81000 164.560
52.82000 165.855
52.83000 167.138
52.84000 165.101
52.85000 161.108
52.86000 157.119
52.87000 153.181
52.88000 149.265
52.89000 146.420
52.90000 155.212
52.91000 167.189
52.92000 177.761
52.93000 171.838
52.94000 164.202
52.95000 158.499
52.96000 160.696
52.97000 163.740
52.98000 164.443
52.99000 158.787
53.00000 152.773
53.01000 148.862
53.02000 152.344
53.03000 155.010
53.04000 156.654
53.05000 157.074
53.06000 157.499
53.07000 159.693
53.08000 163.235
53.09000 166.715
53.10000 169.177
53.11000 171.059
53.12000 172.741
53.13000 171.387
53.14000 169.005
53.15000 167.230
53.16000 170.500
53.17000 174.899
53.18000 178.656
53.19000 174.929
53.20000 170.900
53.21000 168.481
53.22000 171.465
53.23000 174.885
53.24000 175.796
53.25000 171.066
53.26000 166.124
53.27000 163.149
53.28000 160.552
53.29000 158.708
53.30000 161.114
53.31000 167.613
53.32000 174.067
53.33000 177.070
53.34000 177.919
53.35000 178.743
53.36000 176.115
53.37000 172.257
53.38000 168.673
53.39000 168.153
53.40000 168.487
53.41000 168.603
53.42000 167.296
53.43000 165.731
53.44000 164.444
53.45000 162.025
53.46000 159.934
53.47000 157.380
53.48000 153.546
53.49000 149.637
53.50000 149.092
53.51000 154.792
53.52000 160.631
53.53000 163.845
53.54000 165.105
53.55000 165.966
53.56000 165.822
53.57000 164.897
53.58000 163.922
53.59000 161.010
53.60000 157.102
53.61000 153.370
53.62000 154.555
53.63000 157.232
53.64000 159.727
53.65000 160.669
53.66000 161.256
53.67000 161.427
53.68000 159.419
53.69000 157.095
53.70000 155.266
53.71000 157.831
53.72000 160.180
53.73000 161.298
53.74000 159.600
53.75000 157.792
53.76000 155.860
53.77000 153.739
53.78000 151.616
53.79000 151.843
53.80000 154.382
53.81000 156.883
53.82000 156.169
53.83000 153.411
53.84000 150.725
53.85000 149.801
53.86000 149.626
53.87000 149.461
53.88000 151.424
53.89000 153.758
53.90000 156.614
53.91000 162.956
53.92000 169.942
53.93000 174.424
53.94000 168.257
53.95000 160.886
53.96000 155.362
53.97000 157.652
53.98000 159.808
53.99000 160.600
54.00000 158.812
54.01000 156.963
54.02000 157.428
54.03000 160.778
54.04000 164.130
54.05000 165.465
54.06000 165.198
54.07000 164.960
54.08000 165.877
54.09000 167.399
54.10000 168.797
54.11000 168.180
54.12000 166.856
54.13000 165.643
54.14000 166.568
54.15000 167.832
54.16000 168.391
54.17000 165.171
54.18000 161.392
54.19000 158.527
54.20000 158.848
54.21000 159.442
54.22000 159.863
54.23000 159.102
54.24000 158.487
54.25000 157.980
54.26000 157.643
54.27000 157.309
54.28000 155.875
54.29000 153.335
54.30000 150.812
54.31000 151.387
54.32000 153.934
54.33000 156.380
54.34000 156.310
54.35000 155.151
54.36000 154.338
54.37000 157.620
54.38000 162.088
54.39000 166.067
54.40000 164.752
54.41000 162.739
54.42000 160.042
54.43000 154.379
54.44000 148.373
54.45000 144.901
54.46000 148.714
54.47000 152.982
54.48000 155.815
54.49000 157.248
54.50000 158.281
54.51000 158.632
54.52000 158.113
54.53000 157.599
54.54000 159.827
54.55000 164.277
54.56000 168.661
54.57000 168.689
54.58000 166.459
54.59000 164.306
54.60000 163.469
54.61000 163.103
54.62000 162.892
54.63000 164.072
54.64000 165.582
54.65000 166.885
54.66000 163.534
54.67000 160.093
54.68000 158.693
54.69000 164.543
54.70000 171.033
54.71000 175.282
54.72000 174.207
54.73000 172.904
54.74000 172.101
54.75000 162.163
54.76000 154.946
54.77000 154.787
54.78000 161.884
54.79000 168.929
54.80000 170.856
54.81000 169.397
54.82000 167.975
54.83000 167.205
54.84000 166.743
54.85000 166.312
54.86000 166.241
54.87000 166.276
54.88000 166.293
54.89000 166.183
54.90000 166.049
54.91000 165.937
54.92000 162.511
54.93000 159.348
54.94000 158.300
54.95000 163.442
54.96000 168.983
54.97000 172.000
54.98000 170.057
54.99000 167.983
55.00000 166.809
55.01000 166.580
55.02000 166.420
55.03000 164.652
55.04000 161.554
55.05000 158.631
55.06000 163.791
55.07000 173.348
55.08000 182.522
55.09000 176.792
55.10000 166.351
55.11000 157.322
55.12000 161.297
55.13000 168.424
55.14000 174.265
55.15000 172.921
55.16000 170.466
55.17000 168.507
55.18000 170.519
55.19000 172.435
55.20000 173.530
55.21000 172.638
55.22000 171.657
55.23000 172.685
55.24000 176.962
55.25000 181.285
55.26000 183.499
55.27000 178.022
55.28000 174.386
55.29000 175.701
55.30000 180.355
55.31000 184.938
55.32000 187.567
55.33000 189.319
55.34000 190.969
55.35000 190.865
55.36000 190.286
55.37000 190.145
55.38000 193.144
55.39000 196.761
55.40000 200.072
55.41000 201.996
55.42000 203.752
55.43000 205.089
55.44000 210.829
55.45000 215.576
55.46000 221.141
55.47000 228.341
55.48000 235.587
55.49000 239.693
55.50000 239.636
55.51000 239.559
55.52000 243.634
55.53000 251.195
55.54000 258.839
55.55000 270.516
55.56000 284.432
55.57000 298.508
55.58000 315.495
55.59000 333.564
55.60000 350.220
55.61000 371.651
55.62000 391.897
55.63000 410.098
55.64000 416.636
55.65000 421.327
55.66000 430.758
55.67000 457.686
55.68000 486.247
55.69000 506.830
55.70000 534.625
55.71000 556.176
55.72000 574.497
55.73000 587.489
55.74000 600.402
55.75000 625.784
55.76000 664.550
55.77000 703.129
55.78000 725.227
55.79000 735.863
55.80000 746.898
55.81000 769.280
55.82000 796.858
55.83000 823.127
55.84000 832.435
55.85000 836.538
55.86000 840.222
55.87000 844.538
55.88000 848.425
55.89000 854.189
55.90000 868.605
55.91000 884.102
55.92000 894.297
55.93000 888.375
55.94000 881.343
55.95000 876.581
55.96000 856.743
55.97000 841.628
55.98000 824.934
55.99000 806.106
56.00000 787.274
56.01000 774.234
56.02000 766.189
56.03000 758.242
56.04000 733.820
56.05000 700.933
56.06000 668.393
56.07000 642.372
56.08000 618.820
56.09000 595.468
56.10000 574.061
56.11000 553.145
56.12000 534.919
56.13000 514.103
56.14000 495.957
56.15000 477.026
56.16000 455.135
56.17000 432.961
56.18000 412.071
56.19000 394.408
56.20000 376.901
56.21000 365.857
56.22000 352.108
56.23000 342.120
56.24000 333.770
56.25000 327.215
56.26000 320.638
56.27000 310.999
56.28000 299.212
56.29000 287.688
56.30000 276.046
56.31000 264.833
56.32000 253.758
56.33000 244.527
56.34000 235.873
56.35000 228.458
56.36000 230.362
56.37000 234.180
56.38000 237.392
56.39000 230.243
56.40000 223.177
56.41000 217.002
56.42000 213.588
56.43000 210.371
56.44000 205.408
56.45000 196.819
56.46000 188.118
56.47000 183.061
56.48000 184.743
56.49000 185.951
56.50000 185.197
56.51000 182.713
56.52000 180.289
56.53000 181.145
56.54000 183.891
56.55000 186.539
56.56000 185.400
56.57000 182.954
56.58000 180.376
56.59000 176.483
56.60000 172.251
56.61000 169.046
56.62000 171.953
56.63000 175.871
56.64000 179.038
56.65000 178.327
56.66000 177.437
56.67000 175.308
56.68000 170.006
56.69000 164.545
56.70000 160.998
56.71000 160.733
56.72000 160.524
56.73000 160.413
56.74000 160.985
56.75000 161.364
56.76000 160.328
56.77000 158.279
56.78000 156.335
56.79000 157.643
56.80000 160.498
56.81000 163.204
56.82000 160.307
56.83000 155.993
56.84000 151.844
56.85000 148.971
56.86000 146.366
56.87000 144.755
56.88000 147.911
56.89000 151.692
56.90000 154.612
56.91000 153.689
56.92000 152.733
56.93000 152.467
56.94000 153.658
56.95000 154.898
56.96000 153.366
56.97000 147.935
56.98000 142.480
56.99000 141.517
57.00000 144.592
57.01000 147.679
57.02000 151.566
57.03000 155.921
57.04000 159.745
57.05000 152.833
57.06000 141.699
57.07000 131.365
57.08000 131.872
57.09000 134.892
57.10000 138.489
57.11000 145.600
57.12000 153.306
57.13000 158.560
57.14000 154.214
57.15000 148.897
57.16000 145.000
57.17000 146.086
57.18000 147.124
57.19000 147.632
57.20000 147.211
57.21000 146.773
57.22000 147.605
57.23000 149.889
57.24000 152.166
57.25000 151.283
57.26000 148.120
57.27000 145.072
57.28000 145.846
57.29000 148.471
57.30000 151.031
57.31000 152.674
57.32000 154.020
57.33000 155.238
57.34000 153.064
57.35000 150.510
57.36000 148.388
57.37000 148.386
57.38000 148.668
57.39000 148.551
57.40000 147.146
57.41000 145.643
57.42000 144.606
57.43000 146.980
57.44000 148.851
57.45000 149.534
57.46000 148.509
57.47000 147.473
57.48000 148.330
57.49000 150.929
57.50000 153.502
57.51000 155.922
57.52000 158.203
57.53000 160.163
57.54000 155.385
57.55000 147.908
57.56000 140.886
57.57000 138.656
57.58000 137.706
57.59000 136.870
57.60000 137.550
57.61000 138.361
57.62000 139.440
57.63000 141.590
57.64000 143.852
57.65000 145.682
57.66000 146.368
57.67000 146.991
57.68000 147.393
57.69000 147.299
57.70000 147.223
57.71000 146.478
57.72000 144.952
57.73000 143.436
57.74000 144.067
57.75000 146.295
57.76000 148.482
57.77000 143.545
57.78000 135.400
57.79000 128.251
57.80000 135.717
57.81000 148.022
57.82000 158.820
57.83000 157.449
57.84000 153.419
57.85000 149.991
57.86000 148.970
57.87000 148.390
57.88000 147.886
57.89000 147.628
57.90000 147.390
57.91000 146.235
57.92000 143.067
57.93000 139.827
57.94000 137.895
57.95000 140.991
57.96000 143.216
57.97000 145.159
57.98000 146.836
57.99000 148.516
58.00000 150.345
58.01000 152.265
58.02000 154.125
58.03000 152.633
58.04000 149.928
58.05000 147.546
58.06000 148.647
58.07000 150.697
58.08000 152.017
58.09000 148.684
58.10000 144.529
58.11000 141.129
58.12000 137.365
58.13000 134.248
58.14000 132.901
58.15000 136.340
58.16000 140.047
58.17000 144.201
58.18000 149.165
58.19000 154.147
58.20000 156.858
58.21000 143.597
58.22000 134.510
58.23000 132.880
58.24000 136.915
58.25000 140.912
58.26000 143.571
58.27000 145.557
58.28000 147.449
58.29000 144.360
58.30000 139.937
58.31000 135.691
58.32000 132.895
58.33000 130.422
58.34000 127.995
58.35000 125.798
58.36000 123.633
58.37000 121.937
58.38000 129.540
58.39000 136.211
58.40000 140.062
58.41000 137.602
58.42000 134.906
58.43000 134.504
58.44000 137.525
58.45000 140.578
58.46000 142.496
58.47000 143.327
58.48000 144.135
58.49000 143.333
58.50000 141.529
58.51000 139.717
58.52000 137.722
58.53000 135.650
58.54000 133.715
58.55000 135.929
58.56000 138.985
58.57000 141.971
58.58000 144.507
58.59000 146.962
58.60000 148.455
58.61000 145.949
58.62000 143.005
58.63000 140.812
58.64000 140.121
58.65000 139.651
58.66000 140.388
58.67000 143.356
58.68000 146.373
58.69000 146.707
58.70000 143.776
58.71000 140.844
58.72000 139.038
58.73000 138.111
58.74000 137.217
58.75000 137.635
58.76000 138.724
58.77000 139.892
58.78000 142.311
58.79000 145.159
58.80000 147.757
58.81000 146.487
58.82000 144.580
58.83000 142.435
58.84000 139.055
58.85000 135.496
58.86000 133.180
58.87000 135.098
58.88000 137.366
58.89000 138.960
58.90000 136.898
58.91000 135.228
58.92000 133.702
58.93000 132.397
58.94000 131.093
58.95000 131.482
58.96000 133.529
58.97000 135.560
58.98000 137.476
58.99000 139.287
59.00000 141.095
59.01000 142.815
59.02000 144.499
59.03000 145.964
59.04000 144.928
59.05000 143.184
59.06000 141.636
59.07000 140.638
59.08000 139.861
59.09000 139.820
59.10000 142.899
59.11000 146.328
59.12000 148.323
59.13000 146.290
59.14000 144.016
59.15000 142.518
59.16000 143.744
59.17000 144.693
59.18000 142.550
59.19000 136.565
59.20000 130.585
59.21000 129.629
59.22000 132.648
59.23000 135.618
59.24000 137.410
59.25000 138.548
59.26000 139.704
59.27000 141.134
59.28000 142.660
59.29000 143.630
59.30000 139.752
59.31000 134.749
59.32000 130.450
59.33000 135.922
59.34000 141.770
59.35000 145.615
59.36000 142.507
59.37000 138.807
59.38000 135.345
59.39000 132.439
59.40000 129.555
59.41000 127.794
59.42000 132.339
59.43000 135.642
59.44000 137.354
59.45000 137.472
59.46000 137.594
59.47000 138.089
59.48000 138.824
59.49000 139.538
59.50000 137.709
59.51000 134.923
59.52000 132.474
59.53000 133.990
59.54000 136.650
59.55000 139.104
59.56000 140.144
59.57000 140.919
59.58000 141.561
59.59000 138.401
59.60000 135.432
59.61000 133.107
59.62000 132.632
59.63000 132.272
59.64000 133.734
59.65000 138.697
59.66000 143.746
59.67000 146.574
59.68000 135.447
59.69000 127.719
59.70000 125.589
59.71000 127.978
59.72000 130.390
59.73000 133.806
59.74000 137.756
59.75000 141.540
59.76000 143.821
59.77000 145.449
59.78000 146.465
59.79000 142.011
59.80000 136.262
59.81000 130.816
59.82000 127.017
59.83000 123.466
59.84000 120.648
59.85000 125.889
59.86000 130.677
59.87000 135.277
59.88000 139.431
59.89000 143.566
59.90000 145.121
59.91000 142.592
59.92000 140.013
59.93000 138.708
59.94000 128.710
59.95000 122.110
59.96000 124.352
59.97000 132.422
59.98000 140.349
59.99000 144.592
60.00000 147.215
60.01000 149.681
60.02000 144.718
60.03000 138.190
60.04000 132.241
60.05000 130.331
60.06000 129.197
60.07000 127.338
60.08000 122.277
60.09000 116.837
60.10000 112.723
60.11000 122.704
60.12000 131.242
60.13000 134.835
60.14000 128.752
60.15000 122.416
60.16000 119.254
60.17000 120.199
60.18000 121.159
60.19000 123.772
60.20000 127.734
60.21000 131.652
60.22000 133.563
60.23000 134.388
60.24000 135.117
60.25000 134.206
60.26000 132.699
60.27000 131.313
60.28000 134.807
60.29000 138.978
60.30000 142.626
60.31000 143.363
60.32000 143.652
60.33000 143.782
60.34000 143.344
60.35000 142.855
60.36000 142.504
60.37000 138.693
60.38000 135.665
60.39000 133.505
60.40000 132.747
60.41000 132.007
60.42000 130.220
60.43000 127.336
60.44000 124.468
60.45000 125.528
60.46000 129.180
60.47000 132.798
60.48000 135.465
60.49000 137.708
60.50000 139.873
60.51000 141.074
60.52000 141.985
60.53000 142.801
60.54000 140.195
60.55000 137.335
60.56000 134.543
60.57000 132.056
60.58000 129.607
60.59000 128.685
60.60000 132.308
60.61000 136.231
60.62000 138.868
60.63000 133.613
60.64000 129.548
60.65000 128.902
60.66000 132.770
60.67000 136.654
60.68000 137.752
60.69000 136.508
60.70000 135.279
60.71000 133.211
60.72000 130.747
60.73000 128.422
60.74000 128.597
60.75000 129.698
60.76000 130.515
60.77000 128.659
60.78000 126.144
60.79000 123.961
60.80000 130.678
60.81000 137.596
60.82000 142.880
60.83000 142.155
60.84000 140.872
60.85000 139.377
60.86000 137.361
60.87000 135.322
60.88000 134.047
60.89000 133.949
60.90000 133.890
60.91000 135.219
60.92000 138.030
60.93000 140.813
60.94000 140.315
60.95000 137.569
60.96000 134.887
60.97000 134.586
60.98000 135.337
60.99000 136.188
61.00000 138.328
61.01000 140.862
61.02000 142.461
61.03000 137.235
61.04000 130.640
61.05000 125.116
61.06000 131.130
61.07000 137.322
61.08000 141.768
61.09000 140.924
61.10000 139.718
61.11000 139.486
61.12000 141.231
61.13000 143.035
61.14000 144.072
61.15000 147.493
61.16000 149.891
61.17000 148.991
61.18000 145.260
61.19000 141.556
61.20000 139.215
61.21000 137.642
61.22000 136.128
61.23000 134.064
61.24000 131.933
61.25000 130.298
61.26000 133.456
61.27000 137.819
61.28000 141.041
61.29000 137.645
61.30000 133.182
61.31000 129.593
61.32000 136.438
61.33000 142.796
61.34000 146.292
61.35000 142.625
61.36000 138.615
61.37000 135.888
61.38000 135.312
61.39000 134.769
61.40000 134.486
61.41000 139.379
61.42000 142.688
61.43000 145.798
61.44000 148.768
61.45000 151.732
61.46000 154.499
61.47000 157.175
61.48000 159.705
61.49000 166.862
61.50000 174.764
61.51000 182.411
61.52000 188.139
61.53000 193.475
61.54000 200.400
61.55000 214.770
61.56000 230.088
61.57000 241.848
61.58000 252.372
61.59000 260.622
61.60000 270.273
61.61000 282.825
61.62000 295.465
61.63000 305.705
61.64000 312.649
61.65000 319.568
61.66000 322.773
61.67000 322.720
61.68000 322.757
61.69000 327.763
61.70000 335.622
61.71000 343.087
61.72000 342.943
61.73000 339.872
61.74000 337.029
61.75000 324.539
61.76000 311.089
61.77000 297.399
61.78000 282.289
61.79000 266.944
61.80000 251.627
61.81000 236.417
61.82000 221.218
61.83000 210.152
61.84000 196.494
61.85000 185.880
61.86000 177.407
61.87000 172.592
61.88000 167.837
61.89000 160.880
61.90000 151.464
61.91000 142.085
61.92000 141.435
61.93000 146.956
61.94000 152.362
61.95000 154.194
61.96000 154.333
61.97000 154.357
61.98000 152.798
61.99000 150.736
62.00000 148.875
62.01000 142.715
62.02000 136.514
62.03000 131.893
62.04000 134.826
62.05000 138.744
62.06000 141.761
62.07000 141.941
62.08000 141.914
62.09000 141.896
62.10000 140.225
62.11000 138.933
62.12000 137.786
62.13000 136.839
62.14000 135.896
62.15000 136.776
62.16000 139.290
62.17000 141.777
62.18000 140.986
62.19000 138.336
62.20000 135.899
62.21000 137.724
62.22000 141.218
62.23000 144.399
62.24000 144.386
62.25000 143.537
62.26000 142.794
62.27000 142.345
62.28000 142.002
62.29000 142.362
62.30000 145.461
62.31000 148.836
62.32000 150.598
62.33000 148.167
62.34000 145.520
62.35000 143.828
62.36000 142.326
62.37000 141.235
62.38000 139.455
62.39000 136.891
62.40000 134.346
62.41000 135.034
62.42000 138.074
62.43000 141.052
62.44000 141.491
62.45000 140.734
62.46000 140.077
62.47000 140.824
62.48000 142.025
62.49000 143.227
62.50000 144.424
62.51000 145.620
62.52000 146.633
62.53000 146.847
62.54000 146.937
62.55000 146.499
62.56000 144.366
62.57000 142.107
62.58000 141.116
62.59000 142.854
62.60000 144.684
62.61000 145.764
62.62000 143.114
62.63000 141.223
62.64000 139.705
62.65000 138.528
62.66000 137.354
62.67000 136.309
62.68000 135.340
62.69000 134.404
62.70000 136.818
62.71000 140.359
62.72000 143.310
62.73000 140.082
62.74000 135.207
62.75000 131.258
62.76000 133.042
62.77000 135.814
62.78000 138.071
62.79000 144.178
62.80000 149.493
62.81000 152.976
62.82000 151.606
62.83000 149.978
62.84000 148.149
62.85000 145.968
62.86000 143.780
62.87000 142.602
62.88000 146.349
62.89000 148.899
62.90000 148.618
62.91000 146.238
62.92000 143.890
62.93000 142.667
62.94000 141.997
62.95000 141.360
62.96000 142.147
62.97000 143.309
62.98000 144.148
62.99000 142.386
63.00000 140.058
63.01000 138.352
63.02000 139.750
63.03000 141.572
63.04000 142.991
63.05000 142.897
63.06000 142.729
63.07000 141.798
63.08000 139.198
63.09000 136.540
63.10000 135.419
63.11000 136.540
63.12000 137.680
63.13000 140.486
63.14000 144.848
63.15000 149.150
63.16000 149.344
63.17000 147.041
63.18000 144.769
63.19000 143.144
63.20000 141.783
63.21000 140.514
63.22000 143.341
63.23000 146.905
63.24000 150.275
63.25000 152.414
63.26000 154.336
63.27000 155.058
63.28000 150.907
63.29000 146.239
63.30000 142.784
63.31000 145.348
63.32000 147.596
63.33000 149.224
63.34000 149.732
63.35000 150.216
63.36000 150.691
63.37000 151.154
63.38000 151.615
63.39000 151.756
63.40000 151.655
63.41000 151.513
63.42000 149.879
63.43000 147.497
63.44000 145.130
63.45000 142.978
63.46000 140.898
63.47000 139.006
63.48000 146.299
63.49000 154.556
63.50000 160.638
63.51000 155.659
63.52000 149.132
63.53000 144.264
63.54000 144.921
63.55000 146.019
63.56000 146.786
63.57000 149.953
63.58000 152.411
63.59000 154.512
63.60000 156.080
63.61000 157.642
63.62000 155.569
63.63000 150.023
63.64000 144.524
63.65000 146.167
63.66000 152.125
63.67000 158.020
63.68000 162.492
63.69000 166.375
63.70000 169.405
63.71000 163.002
63.72000 153.986
63.73000 146.013
63.74000 149.095
63.75000 153.476
63.76000 156.608
63.77000 154.576
63.78000 151.981
63.79000 150.602
63.80000 152.567
63.81000 154.724
63.82000 156.133
63.83000 151.061
63.84000 147.233
63.85000 143.429
63.86000 139.654
63.87000 135.905
63.88000 138.548
63.89000 146.127
63.90000 153.577
63.91000 155.748
63.92000 155.242
63.93000 154.877
63.94000 156.696
63.95000 159.263
63.96000 161.168
63.97000 157.473
63.98000 152.510
63.99000 148.261
64.00000 151.169
64.01000 154.486
64.02000 157.057
64.03000 157.092
64.04000 156.917
64.05000 158.518
64.06000 164.151
64.07000 169.940
64.08000 173.443
64.09000 165.098
64.10000 159.064
64.11000 159.441
64.12000 166.074
64.13000 172.592
64.14000 169.844
64.15000 161.244
64.16000 152.894
64.17000 151.277
64.18000 152.439
64.19000 153.675
64.20000 155.743
64.21000 158.045
64.22000 160.014
64.23000 159.767
64.24000 159.113
64.25000 158.573
64.26000 158.552
64.27000 158.583
64.28000 158.867
64.29000 159.865
64.30000 160.906
64.31000 161.471
64.32000 161.142
64.33000 160.792
64.34000 160.598
64.35000 154.551
64.36000 150.388
64.37000 152.482
64.38000 159.508
64.39000 166.403
64.40000 167.991
64.41000 166.819
64.42000 165.699
64.43000 167.523
64.44000 170.176
64.45000 171.961
64.46000 166.221
64.47000 158.741
64.48000 153.217
64.49000 158.069
64.50000 164.443
64.51000 169.476
64.52000 169.671
64.53000 169.499
64.54000 169.845
64.55000 171.392
64.56000 172.988
64.57000 174.579
64.58000 176.162
64.59000 177.744
64.60000 174.425
64.61000 166.215
64.62000 158.093
64.63000 157.630
64.64000 162.099
64.65000 166.582
64.66000 171.410
64.67000 176.387
64.68000 181.054
64.69000 177.604
64.70000 172.336
64.71000 167.984
64.72000 169.855
64.73000 172.892
64.74000 175.275
64.75000 174.837
64.76000 174.077
64.77000 173.505
64.78000 181.631
64.79000 188.404
64.80000 192.184
64.81000 190.232
64.82000 188.140
64.83000 186.528
64.84000 185.522
64.85000 184.520
64.86000 188.634
64.87000 196.828
64.88000 204.910
64.89000 208.208
64.90000 208.971
64.91000 209.644
64.92000 208.819
64.93000 207.461
64.94000 206.216
64.95000 202.879
64.96000 199.468
64.97000 196.701
64.98000 197.423
64.99000 198.668
65.00000 199.562
65.01000 199.219
65.02000 198.768
65.03000 198.448
65.04000 207.822
65.05000 215.270
65.06000 219.359
65.07000 218.153
65.08000 216.883
65.09000 219.059
65.10000 224.747
65.11000 230.400
65.12000 235.514
65.13000 240.206
65.14000 244.870
65.15000 248.834
65.16000 252.491
65.17000 255.817
65.18000 255.153
65.19000 253.319
65.20000 251.683
65.21000 257.675
65.22000 264.160
65.23000 270.117
65.24000 273.760
65.25000 277.130
65.26000 280.524
65.27000 283.990
65.28000 287.460
65.29000 289.774
65.30000 299.962
65.31000 307.657
65.32000 314.134
65.33000 319.041
65.34000 323.955
65.35000 334.743
65.36000 350.354
65.37000 365.743
65.38000 368.737
65.39000 365.140
65.40000 362.272
65.41000 371.981
65.42000 386.247
65.43000 399.218
65.44000 400.385
65.45000 398.711
65.46000 397.264
65.47000 398.053
65.48000 399.015
65.49000 401.707
65.50000 410.618
65.51000 420.089
65.52000 425.980
65.53000 423.272
65.54000 420.187
65.55000 418.276
65.56000 436.162
65.57000 449.214
65.58000 455.440
65.59000 454.555
65.60000 453.725
65.61000 458.754
65.62000 467.706
65.63000 476.432
65.64000 499.788
65.65000 528.314
65.66000 556.310
65.67000 577.713
65.68000 597.145
65.69000 620.684
65.70000 673.410
65.71000 731.845
65.72000 780.577
65.73000 863.214
65.74000 935.121
65.75000 1006.676
65.76000 1077.190
65.77000 1147.635
65.78000 1211.794
65.79000 1263.466
65.80000 1314.797
65.81000 1344.013
65.82000 1381.679
65.83000 1407.938
65.84000 1423.623
65.85000 1430.447
65.86000 1437.158
65.87000 1438.466
65.88000 1436.800
65.89000 1435.198
65.90000 1427.072
65.91000 1417.210
65.92000 1402.697
65.93000 1344.659
65.94000 1275.941
65.95000 1206.072
65.96000 1129.694
65.97000 1052.295
65.98000 990.364
65.99000 896.779
66.00000 818.745
66.01000 746.123
66.02000 686.751
66.03000 627.984
66.04000 574.010
66.05000 527.889
66.06000 481.881
66.07000 458.155
66.08000 422.876
66.09000 399.203
66.10000 386.263
66.11000 380.651
66.12000 375.029
66.13000 369.104
66.14000 363.042
66.15000 357.323
66.16000 356.764
66.17000 357.692
66.18000 358.166
66.19000 355.331
66.20000 351.836
66.21000 349.793
66.22000 354.391
66.23000 359.809
66.24000 363.945
66.25000 380.715
66.26000 394.608
66.27000 405.956
66.28000 412.153
66.29000 418.201
66.30000 428.559
66.31000 444.700
66.32000 460.859
66.33000 476.506
66.34000 491.684
66.35000 506.730
66.36000 515.049
66.37000 519.595
66.38000 524.444
66.39000 534.908
66.40000 547.485
66.41000 559.095
66.42000 551.563
66.43000 540.513
66.44000 530.760
66.45000 528.494
66.46000 527.430
66.47000 525.435
66.48000 519.958
66.49000 514.151
66.50000 509.951
66.51000 487.440
66.52000 469.497
66.53000 454.601
66.54000 444.793
66.55000 435.063
66.56000 423.103
66.57000 408.718
66.58000 394.398
66.59000 381.881
66.60000 370.742
66.61000 359.633
66.62000 349.404
66.63000 339.582
66.64000 330.495
66.65000 331.096
66.66000 334.705
66.67000 337.952
66.68000 340.840
66.69000 343.307
66.70000 345.591
66.71000 347.023
66.72000 348.348
66.73000 348.696
66.74000 346.043
66.75000 343.180
66.76000 341.232
66.77000 338.092
66.78000 335.720
66.79000 336.183
66.80000 340.526
66.81000 344.890
66.82000 347.867
66.83000 349.632
66.84000 351.376
66.85000 351.983
66.86000 351.940
66.87000 352.022
66.88000 354.489
66.89000 357.871
66.90000 361.110
66.91000 362.945
66.92000 364.422
66.93000 365.711
66.94000 361.951
66.95000 358.025
66.96000 355.183
66.97000 356.471
66.98000 358.163
66.99000 361.623
67.00000 369.579
67.01000 377.756
67.02000 382.938
67.03000 389.934
67.04000 395.031
67.05000 394.315
67.06000 387.143
67.07000 380.004
67.08000 378.381
67.09000 380.674
67.10000 382.918
67.11000 383.479
67.12000 383.255
67.13000 382.855
67.14000 380.058
67.15000 376.503
67.16000 374.229
67.17000 381.726
67.18000 391.256
67.19000 399.293
67.20000 403.022
67.21000 405.669
67.22000 409.138
67.23000 415.186
67.24000 421.421
67.25000 425.743
67.26000 426.044
67.27000 426.217
67.28000 426.318
67.29000 422.085
67.30000 419.090
67.31000 420.569
67.32000 426.040
67.33000 431.435
67.34000 432.422
67.35000 430.841
67.36000 429.314
67.37000 434.413
67.38000 441.650
67.39000 448.147
67.40000 447.151
67.41000 444.205
67.42000 441.204
67.43000 437.870
67.44000 434.481
67.45000 431.734
67.46000 434.907
67.47000 437.976
67.48000 443.115
67.49000 453.618
67.50000 464.396
67.51000 470.361
67.52000 467.977
67.53000 465.443
67.54000 464.096
67.55000 465.749
67.56000 466.887
67.57000 469.813
67.58000 474.034
67.59000 478.190
67.60000 480.197
67.61000 481.172
67.62000 482.096
67.63000 482.979
67.64000 483.780
67.65000 485.390
67.66000 493.311
67.67000 502.574
67.68000 509.919
67.69000 507.941
67.70000 504.724
67.71000 502.233
67.72000 505.783
67.73000 508.961
67.74000 510.951
67.75000 510.397
67.76000 509.758
67.77000 507.096
67.78000 501.554
67.79000 495.991
67.80000 497.479
67.81000 505.387
67.82000 513.278
67.83000 520.108
67.84000 526.307
67.85000 532.391
67.86000 536.064
67.87000 538.780
67.88000 541.303
67.89000 544.436
67.90000 547.409
67.91000 550.377
67.92000 553.310
67.93000 556.237
67.94000 557.114
67.95000 549.864
67.96000 541.778
67.97000 535.832
67.98000 561.111
67.99000 581.948
68.00000 591.281
68.01000 580.275
68.02000 568.882
68.03000 568.129
68.04000 579.704
68.05000 591.259
68.06000 593.474
68.07000 588.822
68.08000 584.383
68.09000 587.143
68.10000 593.433
68.11000 599.728
68.12000 606.104
68.13000 612.507
68.14000 618.314
68.15000 621.982
68.16000 624.810
68.17000 628.223
68.18000 634.543
68.19000 641.260
68.20000 647.681
68.21000 653.141
68.22000 658.527
68.23000 662.260
68.24000 663.181
68.25000 663.799
68.26000 665.388
68.27000 668.387
68.28000 671.397
68.29000 676.670
68.30000 684.049
68.31000 691.360
68.32000 700.846
68.33000 711.434
68.34000 721.610
68.35000 722.907
68.36000 720.606
68.37000 719.193
68.38000 727.299
68.39000 737.980
68.40000 747.392
68.41000 764.777
68.42000 780.963
68.43000 793.608
68.44000 791.944
68.45000 788.767
68.46000 792.131
68.47000 813.074
68.48000 834.985
68.49000 849.177
68.50000 868.620
68.51000 882.924
68.52000 897.801
68.53000 913.355
68.54000 928.933
68.55000 949.203
68.56000 973.011
68.57000 996.384
68.58000 1032.758
68.59000 1074.111
68.60000 1115.485
68.61000 1157.158
68.62000 1198.932
68.63000 1244.818
68.64000 1324.442
68.65000 1411.530
68.66000 1485.763
68.67000 1552.883
68.68000 1608.512
68.69000 1668.735
68.70000 1744.201
68.71000 1820.878
68.72000 1891.624
68.73000 1949.189
68.74000 2006.270
68.75000 2040.473
68.76000 2179.658
68.77000 2279.185
68.78000 2373.999
68.79000 2464.333
68.80000 2555.181
68.81000 2683.342
68.82000 2834.537
68.83000 2981.109
68.84000 3201.678
68.85000 3439.519
68.86000 3689.478
68.87000 4072.812
68.88000 4492.940
68.89000 4972.301
68.90000 5834.013
68.91000 6764.164
68.92000 7527.293
68.93000 10064.983
68.94000 12305.560
68.95000 15102.418
68.96000 19422.563
68.97000 23829.713
68.98000 28764.250
68.99000 34667.207
69.00000 40591.086
69.01000 43834.793
69.02000 52063.809
69.03000 57724.867
69.04000 62332.086
69.05000 66128.594
69.06000 69882.883
69.07000 72046.023
69.08000 73399.617
69.09000 74690.992
69.10000 75513.773
69.11000 76129.047
69.12000 76762.023
69.13000 77543.914
69.14000 78359.422
69.15000 79138.086
69.16000 79726.141
69.17000 80287.000
69.18000 80727.477
69.19000 79296.570
69.20000 78029.039
69.21000 76101.391
69.22000 72678.844
69.23000 69199.063
69.24000 65507.852
69.25000 61497.281
69.26000 57483.570
69.27000 53938.641
69.28000 50849.555
69.29000 47769.668
69.30000 45413.215
69.31000 43512.035
69.32000 41635.180
69.33000 40326.746
69.34000 39257.398
69.35000 38257.016
69.36000 36920.941
69.37000 35621.410
69.38000 34203.348
69.39000 32002.711
69.40000 29658.969
69.41000 27181.529
69.42000 24141.967
69.43000 21039.834
69.44000 18722.041
69.45000 15399.079
69.46000 12762.230
69.47000 10461.484
69.48000 8789.676
69.49000 7132.282
69.50000 5809.945
69.51000 4900.630
69.52000 3994.224
69.53000 3363.187
69.54000 2950.430
69.55000 2541.499
69.56000 2284.859
69.57000 2107.172
69.58000 1932.966
69.59000 1814.450
69.60000 1715.300
69.61000 1624.691
69.62000 1556.607
69.63000 1500.739
69.64000 1446.126
69.65000 1398.144
69.66000 1351.129
69.67000 1304.962
69.68000 1261.719
69.69000 1218.721
69.70000 1188.372
69.71000 1158.766
69.72000 1136.321
69.73000 1112.494
69.74000 1086.541
69.75000 1060.564
69.76000 1028.532
69.77000 990.484
69.78000 952.705
69.79000 939.059
69.80000 940.869
69.81000 942.014
69.82000 926.966
69.83000 904.980
69.84000 883.976
69.85000 874.415
69.86000 868.135
69.87000 862.552
69.88000 844.007
69.89000 825.812
69.90000 809.206
69.91000 799.411
69.92000 790.394
69.93000 780.175
69.94000 766.541
69.95000 752.698
69.96000 743.542
69.97000 750.098
69.98000 755.217
69.99000 753.998
70.00000 744.804
