20.00000 498.272
20.01000 488.971
20.02000 478.341
20.03000 469.912
20.04000 470.163
20.05000 471.303
20.06000 472.144
20.07000 469.878
20.08000 467.989
20.09000 466.835
20.10000 467.027
20.11000 467.247
20.12000 470.841
20.13000 478.583
20.14000 486.323
20.15000 490.707
20.16000 492.397
20.17000 494.137
20.18000 498.137
20.19000 503.353
20.20000 507.976
20.21000 502.061
20.22000 492.267
20.23000 483.228
20.24000 481.059
20.25000 480.653
20.26000 480.953
20.27000 485.420
20.28000 490.569
20.29000 494.527
20.30000 493.860
20.31000 492.730
20.32000 491.899
20.33000 486.449
20.34000 482.044
20.35000 479.108
20.36000 478.826
20.37000 478.598
20.38000 478.014
20.39000 476.998
20.40000 475.982
20.41000 480.588
20.42000 489.578
20.43000 498.397
20.44000 499.986
20.45000 497.740
20.46000 495.245
20.47000 488.445
20.48000 480.084
20.49000 472.381
20.50000 468.747
20.51000 466.391
20.52000 465.377
20.53000 472.143
20.54000 480.161
20.55000 486.203
20.56000 484.678
20.57000 482.411
20.58000 480.751
20.59000 483.182
20.60000 485.223
20.61000 485.056
20.62000 480.966
20.63000 476.799
20.64000 476.304
20.65000 480.181
20.66000 484.059
20.67000 485.331
20.68000 484.587
20.69000 483.838
20.70000 482.857
20.71000 481.755
20.72000 480.791
20.73000 482.128
20.74000 484.288
20.75000 486.275
20.76000 493.937
20.77000 502.009
20.78000 507.714
20.79000 499.917
20.80000 489.984
20.81000 481.185
20.82000 476.666
20.83000 472.557
20.84000 469.561
20.85000 480.598
20.86000 489.644
20.87000 492.511
20.88000 484.553
20.89000 476.395
20.90000 476.751
20.91000 487.091
20.92000 497.420
20.93000 500.376
20.94000 497.723
20.95000 495.007
20.96000 489.896
20.97000 483.552
20.98000 477.467
20.99000 475.643
21.00000 475.320
21.01000 475.023
21.02000 479.052
21.03000 483.564
21.04000 486.661
21.05000 481.823
21.06000 475.750
21.07000 472.603
21.08000 480.317
21.09000 489.052
21.10000 495.395
21.11000 493.350
21.12000 491.463
21.13000 491.119
21.14000 493.439
21.15000 495.806
21.16000 494.794
21.17000 489.884
21.18000 484.983
21.19000 484.171
21.20000 486.417
21.21000 488.518
21.22000 485.207
21.23000 479.149
21.24000 473.338
21.25000 471.469
21.26000 470.969
21.27000 470.511
21.28000 476.120
21.29000 482.382
21.30000 487.057
21.31000 482.981
21.32000 477.567
21.33000 474.124
21.34000 477.891
21.35000 482.322
21.36000 485.524
21.37000 486.818
21.38000 487.742
21.39000 486.670
21.40000 482.205
21.41000 477.684
21.42000 477.649
21.43000 482.706
21.44000 487.753
21.45000 490.656
21.46000 491.963
21.47000 493.308
21.48000 495.978
21.49000 499.313
21.50000 502.316
21.51000 500.173
21.52000 496.267
21.53000 492.696
21.54000 488.709
21.55000 485.081
21.56000 482.561
21.57000 486.052
21.58000 490.446
21.59000 494.289
21.60000 496.143
21.61000 497.819
21.62000 499.024
21.63000 498.517
21.64000 498.068
21.65000 499.018
21.66000 502.312
21.67000 505.644
21.68000 507.423
21.69000 507.471
21.70000 507.517
21.71000 513.133
21.72000 522.724
21.73000 532.199
21.74000 537.675
21.75000 541.179
21.76000 544.642
21.77000 547.498
21.78000 550.149
21.79000 552.569
21.80000 558.857
21.81000 565.216
21.82000 572.318
21.83000 583.377
21.84000 595.021
21.85000 604.571
21.86000 606.690
21.87000 608.155
21.88000 609.204
21.89000 619.562
21.90000 627.793
21.91000 629.154
21.92000 619.171
21.93000 609.019
21.94000 610.683
21.95000 625.326
21.96000 639.920
21.97000 647.755
21.98000 650.714
21.99000 653.620
22.00000 654.789
22.01000 655.114
22.02000 655.297
22.03000 653.381
22.04000 650.767
22.05000 648.386
22.06000 653.599
22.07000 659.723
22.08000 664.945
22.09000 665.436
22.10000 665.241
22.11000 664.046
22.12000 659.357
22.13000 654.367
22.14000 650.808
22.15000 643.325
22.16000 637.490
22.17000 628.442
22.18000 614.168
22.19000 599.820
22.20000 591.509
22.21000 589.720
22.22000 587.941
22.23000 576.528
22.24000 558.492
22.25000 541.035
22.26000 542.074
22.27000 551.974
22.28000 560.716
22.29000 552.766
22.30000 539.346
22.31000 527.149
22.32000 519.545
22.33000 513.719
22.34000 509.305
22.35000 512.183
22.36000 516.099
22.37000 518.725
22.38000 516.906
22.39000 514.714
22.40000 513.157
22.41000 495.715
22.42000 481.937
22.43000 474.983
22.44000 478.963
22.45000 483.088
22.46000 485.328
22.47000 485.565
22.48000 485.801
22.49000 485.092
22.50000 483.741
22.51000 482.414
22.52000 481.807
22.53000 481.540
22.54000 480.767
22.55000 472.866
22.56000 462.663
22.57000 453.408
22.58000 461.945
22.59000 472.889
22.60000 481.980
22.61000 481.654
22.62000 480.011
22.63000 476.298
22.64000 465.557
22.65000 454.238
22.66000 446.238
22.67000 460.827
22.68000 472.599
22.69000 477.649
22.70000 472.086
22.71000 466.391
22.72000 461.583
22.73000 457.703
22.74000 453.842
22.75000 453.274
22.76000 454.944
22.77000 456.752
22.78000 462.683
22.79000 470.532
22.80000 477.291
22.81000 469.085
22.82000 456.117
22.83000 444.377
22.84000 441.577
22.85000 440.793
22.86000 440.653
22.87000 443.731
22.88000 447.250
22.89000 448.709
22.90000 443.279
22.91000 437.294
22.92000 433.084
22.93000 442.484
22.94000 450.011
22.95000 452.132
22.96000 445.844
22.97000 439.459
22.98000 441.301
22.99000 451.598
23.00000 461.838
23.01000 463.676
23.02000 459.892
23.03000 456.161
23.04000 453.950
23.05000 452.436
23.06000 450.864
23.07000 448.505
23.08000 445.900
23.09000 443.547
23.10000 448.339
23.11000 453.875
23.12000 457.929
23.13000 454.685
23.14000 450.457
23.15000 446.632
23.16000 444.135
23.17000 441.743
23.18000 440.067
23.19000 443.231
23.20000 445.762
23.21000 446.465
23.22000 444.368
23.23000 442.240
23.24000 442.899
23.25000 446.373
23.26000 449.826
23.27000 445.516
23.28000 436.174
23.29000 427.230
23.30000 429.277
23.31000 436.292
23.32000 442.507
23.33000 438.241
23.34000 430.738
23.35000 423.973
23.36000 425.206
23.37000 427.742
23.38000 430.359
23.39000 433.369
23.40000 436.430
23.41000 438.977
23.42000 439.850
23.43000 440.595
23.44000 441.114
23.45000 438.728
23.46000 436.848
23.47000 433.717
23.48000 428.699
23.49000 423.662
23.50000 421.329
23.51000 421.683
23.52000 422.035
23.53000 427.453
23.54000 436.062
23.55000 444.405
23.56000 445.649
23.57000 443.730
23.58000 441.765
23.59000 439.211
23.60000 436.478
23.61000 434.018
23.62000 433.323
23.63000 433.028
23.64000 432.793
23.65000 432.842
23.66000 432.927
23.67000 435.941
23.68000 448.322
23.69000 461.406
23.70000 470.482
23.71000 458.524
23.72000 448.962
23.73000 442.516
23.74000 440.704
23.75000 438.935
23.76000 438.702
23.77000 439.968
23.78000 441.226
23.79000 438.213
23.80000 432.535
23.81000 426.960
23.82000 424.046
23.83000 422.299
23.84000 420.743
23.85000 421.566
23.86000 423.102
23.87000 424.481
23.88000 430.321
23.89000 436.212
23.90000 441.022
23.91000 440.764
23.92000 439.859
23.93000 438.385
23.94000 435.112
23.95000 431.707
23.96000 429.357
23.97000 423.907
23.98000 419.732
23.99000 418.036
24.00000 419.968
24.01000 421.931
24.02000 424.045
24.03000 426.304
24.04000 428.547
24.05000 426.866
24.06000 422.761
24.07000 418.727
24.08000 416.462
24.09000 414.964
24.10000 414.276
24.11000 423.485
24.12000 435.618
24.13000 446.487
24.14000 443.458
24.15000 438.417
24.16000 435.369
24.17000 441.519
24.18000 448.820
24.19000 451.699
24.20000 440.839
24.21000 428.996
24.22000 420.861
24.23000 423.497
24.24000 425.739
24.25000 427.455
24.26000 428.413
24.27000 429.363
24.28000 426.255
24.29000 419.312
24.30000 412.424
24.31000 413.549
24.32000 419.583
24.33000 425.286
24.34000 423.009
24.35000 417.326
24.36000 412.330
24.37000 415.534
24.38000 421.126
24.39000 426.125
24.40000 428.823
24.41000 430.785
24.42000 430.611
24.43000 420.725
24.44000 409.648
24.45000 403.438
24.46000 412.133
24.47000 421.868
24.48000 428.522
24.49000 417.580
24.50000 408.977
24.51000 407.607
24.52000 416.509
24.53000 425.485
24.54000 427.999
24.55000 424.510
24.56000 421.051
24.57000 421.603
24.58000 424.573
24.59000 427.149
24.60000 420.540
24.61000 410.069
24.62000 400.717
24.63000 404.418
24.64000 411.864
24.65000 418.505
24.66000 417.781
24.67000 415.927
24.68000 414.025
24.69000 411.906
24.70000 409.761
24.71000 406.609
24.72000 400.415
24.73000 394.015
24.74000 389.662
24.75000 394.822
24.76000 398.890
24.77000 404.425
24.78000 412.009
24.79000 419.604
24.80000 418.949
24.81000 410.756
24.82000 402.637
24.83000 406.002
24.84000 416.141
24.85000 425.842
24.86000 425.621
24.87000 421.287
24.88000 417.245
24.89000 416.534
24.90000 416.765
24.91000 416.971
24.92000 418.613
24.93000 420.274
24.94000 421.071
24.95000 418.061
24.96000 414.600
24.97000 413.285
24.98000 418.349
24.99000 423.835
25.00000 427.549
25.01000 416.564
25.02000 408.059
25.03000 403.763
25.04000 405.262
25.05000 406.796
25.06000 407.298
25.07000 406.872
25.08000 406.451
25.09000 408.626
25.10000 412.278
25.11000 415.632
25.12000 412.458
25.13000 406.617
25.14000 401.687
25.15000 406.930
25.16000 415.006
25.17000 422.177
25.18000 428.118
25.19000 433.071
25.20000 435.338
25.21000 425.952
25.22000 415.216
25.23000 406.429
25.24000 403.354
25.25000 400.648
25.26000 398.827
25.27000 404.910
25.28000 409.598
25.29000 411.890
25.30000 410.930
25.31000 409.949
25.32000 404.450
25.33000 394.955
25.34000 385.558
25.35000 390.781
25.36000 404.324
25.37000 417.335
25.38000 419.015
25.39000 416.133
25.40000 413.186
25.41000 409.541
25.42000 405.704
25.43000 402.306
25.44000 407.687
25.45000 413.726
25.46000 417.865
25.47000 413.886
25.48000 408.986
25.49000 404.361
25.50000 400.532
25.51000 396.754
25.52000 394.223
25.53000 409.898
25.54000 421.892
25.55000 424.424
25.56000 414.324
25.57000 404.164
25.58000 397.124
25.59000 392.797
25.60000 388.517
25.61000 395.881
25.62000 409.689
25.63000 422.838
25.64000 422.406
25.65000 416.584
25.66000 410.770
25.67000 405.044
25.68000 399.342
25.69000 394.303
25.70000 393.611
25.71000 393.685
25.72000 394.894
25.73000 400.880
25.74000 407.398
25.75000 411.607
25.76000 409.243
25.77000 406.476
25.78000 404.631
25.79000 404.491
25.80000 404.419
25.81000 404.387
25.82000 404.406
25.83000 404.427
25.84000 405.268
25.85000 406.809
25.86000 408.334
25.87000 409.239
25.88000 409.776
25.89000 410.122
25.90000 406.651
25.91000 401.687
25.92000 397.280
25.93000 398.712
25.94000 401.699
25.95000 404.332
25.96000 408.931
25.97000 413.195
25.98000 415.651
25.99000 410.616
26.00000 404.763
26.01000 399.103
26.02000 393.985
26.03000 388.899
26.04000 385.528
26.05000 389.679
26.06000 392.883
26.07000 391.912
26.08000 385.539
26.09000 379.161
26.10000 382.391
26.11000 393.713
26.12000 404.898
26.13000 401.652
26.14000 390.552
26.15000 380.107
26.16000 382.445
26.17000 389.710
26.18000 396.597
26.19000 399.595
26.20000 401.574
26.21000 403.314
26.22000 400.664
26.23000 397.729
26.24000 396.003
26.25000 399.215
26.26000 402.954
26.27000 404.713
26.28000 400.995
26.29000 396.958
26.30000 394.296
26.31000 398.750
26.32000 402.157
26.33000 403.504
26.34000 402.225
26.35000 400.929
26.36000 396.443
26.37000 389.311
26.38000 382.271
26.39000 385.347
26.40000 393.817
26.41000 402.000
26.42000 404.747
26.43000 405.427
26.44000 405.700
26.45000 401.877
26.46000 396.995
26.47000 392.712
26.48000 398.300
26.49000 404.543
26.50000 408.982
26.51000 406.172
26.52000 402.602
26.53000 400.258
26.54000 401.257
26.55000 402.444
26.56000 403.223
26.57000 411.741
26.58000 418.135
26.59000 419.274
26.60000 413.826
26.61000 408.361
26.62000 404.710
26.63000 402.537
26.64000 400.393
26.65000 398.433
26.66000 396.623
26.67000 395.063
26.68000 398.086
26.69000 402.826
26.70000 406.019
26.71000 394.015
26.72000 378.144
26.73000 364.250
26.74000 371.638
26.75000 381.026
26.76000 388.311
26.77000 387.277
26.78000 385.389
26.79000 384.824
26.80000 387.816
26.81000 391.003
26.82000 393.082
26.83000 400.962
26.84000 406.837
26.85000 406.252
26.86000 397.695
26.87000 389.123
26.88000 382.820
26.89000 378.340
26.90000 373.923
26.91000 377.535
26.92000 385.253
26.93000 392.461
26.94000 390.556
26.95000 385.286
26.96000 380.574
26.97000 381.230
26.98000 383.231
26.99000 384.979
27.00000 381.101
27.01000 376.990
27.02000 373.331
27.03000 371.435
27.04000 369.717
27.05000 370.454
27.06000 377.691
27.07000 385.276
27.08000 390.197
27.09000 391.178
27.10000 391.837
27.11000 387.192
27.12000 376.104
27.13000 365.033
27.14000 363.374
27.15000 369.155
27.16000 374.850
27.17000 382.139
27.18000 390.032
27.19000 397.382
27.20000 395.297
27.21000 389.779
27.22000 384.490
27.23000 381.359
27.24000 378.759
27.25000 376.495
27.26000 376.634
27.27000 377.085
27.28000 378.339
27.29000 382.674
27.30000 387.313
27.31000 389.343
27.32000 384.564
27.33000 379.432
27.34000 376.120
27.35000 384.402
27.36000 390.620
27.37000 394.645
27.38000 396.049
27.39000 397.435
27.40000 395.486
27.41000 390.942
27.42000 386.469
27.43000 385.273
27.44000 385.780
27.45000 386.375
27.46000 388.467
27.47000 391.095
27.48000 392.530
27.49000 382.943
27.50000 370.678
27.51000 360.020
27.52000 366.918
27.53000 375.179
27.54000 382.974
27.55000 389.010
27.56000 394.875
27.57000 397.455
27.58000 391.585
27.59000 385.287
27.60000 381.246
27.61000 375.777
27.62000 371.770
27.63000 370.698
27.64000 373.078
27.65000 375.457
27.66000 376.341
27.67000 376.080
27.68000 375.824
27.69000 379.701
27.70000 385.520
27.71000 390.745
27.72000 386.177
27.73000 378.147
27.74000 370.844
27.75000 370.123
27.76000 370.977
27.77000 371.717
27.78000 374.515
27.79000 377.170
27.80000 379.420
27.81000 380.162
27.82000 380.761
27.83000 379.213
27.84000 372.219
27.85000 364.957
27.86000 360.324
27.87000 373.309
27.88000 382.980
27.89000 389.379
27.90000 391.988
27.91000 394.572
27.92000 392.906
27.93000 388.036
27.94000 383.249
27.95000 377.637
27.96000 371.805
27.97000 366.644
27.98000 372.234
27.99000 381.569
28.00000 390.254
28.01000 393.160
28.02000 394.704
28.03000 396.039
28.04000 388.383
28.05000 380.706
28.06000 374.604
28.07000 374.283
28.08000 374.496
28.09000 378.432
28.10000 391.671
28.11000 405.353
28.12000 414.032
28.13000 407.398
28.14000 402.396
28.15000 397.852
28.16000 393.829
28.17000 389.819
28.18000 388.114
28.19000 388.120
28.20000 388.126
28.21000 393.982
28.22000 402.469
28.23000 410.220
28.24000 406.487
28.25000 398.810
28.26000 391.497
28.27000 387.353
28.28000 383.945
28.29000 381.005
28.30000 380.624
28.31000 380.627
28.32000 381.791
28.33000 387.149
28.34000 392.886
28.35000 396.429
28.36000 394.566
28.37000 392.453
28.38000 391.120
28.39000 383.543
28.40000 377.985
28.41000 378.967
28.42000 387.279
28.43000 395.528
28.44000 392.211
28.45000 380.439
28.46000 368.889
28.47000 370.474
28.48000 378.263
28.49000 385.684
28.50000 387.474
28.51000 387.358
28.52000 387.128
28.53000 385.917
28.54000 384.481
28.55000 383.247
28.56000 379.313
28.57000 375.645
28.58000 372.905
28.59000 373.473
28.60000 374.334
28.61000 373.933
28.62000 370.469
28.63000 366.869
28.64000 364.611
28.65000 377.369
28.66000 386.750
28.67000 389.133
28.68000 383.803
28.69000 378.468
28.70000 373.072
28.71000 367.632
28.72000 362.299
28.73000 364.047
28.74000 369.053
28.75000 373.890
28.76000 376.227
28.77000 377.731
28.78000 378.869
28.79000 376.945
28.80000 374.333
28.81000 372.092
28.82000 373.102
28.83000 374.355
28.84000 375.468
28.85000 376.091
28.86000 376.673
28.87000 377.064
28.88000 377.003
28.89000 376.921
28.90000 376.871
28.91000 374.434
28.92000 372.654
28.93000 372.126
28.94000 372.955
28.95000 373.744
28.96000 368.676
28.97000 359.458
28.98000 350.429
28.99000 351.703
29.00000 357.687
29.01000 363.364
29.02000 364.602
29.03000 364.381
29.04000 364.367
29.05000 366.058
29.06000 368.126
29.07000 369.895
29.08000 370.285
29.09000 370.448
29.10000 371.563
29.11000 375.969
29.12000 380.654
29.13000 384.574
29.14000 386.694
29.15000 388.738
29.16000 390.004
29.17000 377.717
29.18000 368.750
29.19000 365.371
29.20000 367.952
29.21000 370.514
29.22000 370.381
29.23000 368.367
29.24000 366.396
29.25000 370.728
29.26000 377.753
29.27000 384.215
29.28000 382.718
29.29000 378.644
29.30000 374.897
29.31000 373.791
29.32000 373.261
29.33000 372.808
29.34000 372.746
29.35000 372.740
29.36000 372.202
29.37000 369.854
29.38000 367.355
29.39000 364.925
29.40000 362.655
29.41000 360.390
29.42000 358.995
29.43000 372.640
29.44000 382.566
29.45000 385.643
29.46000 381.538
29.47000 377.439
29.48000 374.265
29.49000 371.727
29.50000 369.246
29.51000 365.319
29.52000 360.908
29.53000 356.613
29.54000 353.933
29.55000 351.767
29.56000 350.550
29.57000 356.831
29.58000 364.721
29.59000 371.435
29.60000 370.044
29.61000 367.935
29.62000 367.651
29.63000 373.488
29.64000 379.819
29.65000 384.517
29.66000 385.472
29.67000 386.280
29.68000 386.775
29.69000 400.082
29.70000 409.716
29.71000 415.800
29.72000 418.221
29.73000 420.626
29.74000 421.267
29.75000 420.714
29.76000 420.173
29.77000 427.362
29.78000 437.649
29.79000 447.688
29.80000 454.394
29.81000 460.052
29.82000 465.419
29.83000 468.537
29.84000 471.179
29.85000 473.421
29.86000 485.180
29.87000 496.124
29.88000 506.607
29.89000 515.570
29.90000 524.413
29.91000 532.422
29.92000 538.547
29.93000 544.601
29.94000 548.285
29.95000 573.327
29.96000 591.381
29.97000 593.648
29.98000 579.904
29.99000 566.268
30.00000 563.562
30.01000 568.147
30.02000 572.622
30.03000 573.995
30.04000 573.964
30.05000 573.786
30.06000 571.681
30.07000 568.979
30.08000 565.490
30.09000 556.006
30.10000 545.276
30.11000 536.196
30.12000 535.782
30.13000 536.399
30.14000 535.705
30.15000 530.738
30.16000 525.441
30.17000 519.909
30.18000 513.856
30.19000 507.784
30.20000 504.112
30.21000 489.223
30.22000 478.533
30.23000 476.201
30.24000 482.204
30.25000 488.118
30.26000 485.670
30.27000 477.728
30.28000 469.985
30.29000 465.444
30.30000 462.475
30.31000 459.510
30.32000 456.594
30.33000 453.694
30.34000 450.005
30.35000 440.419
30.36000 429.627
30.37000 420.519
30.38000 426.684
30.39000 433.501
30.40000 439.348
30.41000 442.081
30.42000 444.579
30.43000 443.758
30.44000 435.655
30.45000 427.294
30.46000 422.270
30.47000 427.227
30.48000 430.819
30.49000 430.591
30.50000 426.620
30.51000 422.707
30.52000 424.019
30.53000 428.711
30.54000 433.281
30.55000 433.244
30.56000 431.273
30.57000 429.639
30.58000 432.234
30.59000 436.101
30.60000 439.029
30.61000 435.060
30.62000 429.702
30.63000 425.193
30.64000 429.223
30.65000 433.496
30.66000 436.908
30.67000 437.596
30.68000 438.084
30.69000 438.081
30.70000 437.019
30.71000 435.921
30.72000 435.265
30.73000 435.399
30.74000 435.500
30.75000 437.818
30.76000 442.274
30.77000 446.691
30.78000 447.840
30.79000 446.907
30.80000 445.998
30.81000 449.594
30.82000 454.879
30.83000 459.922
30.84000 461.991
30.85000 463.179
30.86000 464.857
30.87000 470.071
30.88000 475.985
30.89000 480.947
30.90000 496.866
30.91000 511.263
30.92000 525.461
30.93000 539.034
30.94000 552.563
30.95000 566.794
30.96000 582.521
30.97000 598.298
30.98000 607.658
30.99000 637.251
31.00000 658.307
31.01000 687.603
31.02000 724.708
31.03000 762.093
31.04000 821.246
31.05000 894.068
31.06000 964.850
31.07000 1043.467
31.08000 1121.386
31.09000 1201.680
31.10000 1310.435
31.11000 1427.505
31.12000 1550.167
31.13000 1712.419
31.14000 1882.388
31.15000 2024.606
31.16000 2281.045
31.17000 2505.818
31.18000 2737.062
31.19000 2988.177
31.20000 3240.687
31.21000 3493.165
31.22000 3745.577
31.23000 3997.987
31.24000 4146.761
31.25000 4482.623
31.26000 4720.675
31.27000 4948.641
31.28000 5167.202
31.29000 5385.369
31.30000 5574.696
31.31000 5746.180
31.32000 5912.687
31.33000 6039.156
31.34000 6143.169
31.35000 6237.979
31.36000 6224.937
31.37000 6180.852
31.38000 6133.854
31.39000 6066.605
31.40000 5995.474
31.41000 5936.129
31.42000 5752.518
31.43000 5587.779
31.44000 5415.498
31.45000 5220.387
31.46000 5023.715
31.47000 4799.310
31.48000 4517.480
31.49000 4233.894
31.50000 4067.840
31.51000 3715.510
31.52000 3466.521
31.53000 3230.971
31.54000 3007.745
31.55000 2784.826
31.56000 2583.100
31.57000 2394.292
31.58000 2211.159
31.59000 2029.199
31.60000 1857.197
31.61000 1688.438
31.62000 1556.845
31.63000 1435.792
31.64000 1318.285
31.65000 1224.990
31.66000 1136.264
31.67000 1062.459
31.68000 1010.010
31.69000 968.692
31.70000 924.994
31.71000 874.196
31.72000 822.924
31.73000 777.660
31.74000 744.657
31.75000 712.014
31.76000 693.027
31.77000 655.029
31.78000 628.254
31.79000 601.803
31.80000 575.643
31.81000 549.631
31.82000 533.195
31.83000 522.512
31.84000 512.160
31.85000 497.960
31.86000 483.029
31.87000 468.685
31.88000 460.924
31.89000 455.003
31.90000 449.503
31.91000 446.829
31.92000 444.679
31.93000 442.896
31.94000 437.300
31.95000 432.310
31.96000 427.363
31.97000 422.540
31.98000 417.726
31.99000 409.633
32.00000 394.946
32.01000 380.072
32.02000 371.479
32.03000 381.527
32.04000 388.640
32.05000 393.144
32.06000 395.334
32.07000 397.347
32.08000 388.447
32.09000 373.089
32.10000 358.225
32.11000 358.330
32.12000 364.144
32.13000 369.673
32.14000 372.081
32.15000 373.629
32.16000 373.829
32.17000 365.142
32.18000 354.832
32.19000 346.307
32.20000 351.641
32.21000 357.344
32.22000 361.890
32.23000 363.086
32.24000 364.069
32.25000 364.764
32.26000 364.888
32.27000 364.996
32.28000 365.058
32.29000 361.303
32.30000 358.666
32.31000 357.016
32.32000 356.229
32.33000 355.440
32.34000 354.549
32.35000 353.598
32.36000 352.680
32.37000 349.444
32.38000 345.520
32.39000 341.787
32.40000 340.112
32.41000 338.994
32.42000 339.394
32.43000 349.622
32.44000 361.615
32.45000 371.501
32.46000 368.946
32.47000 365.697
32.48000 362.165
32.49000 357.827
32.50000 353.439
32.51000 348.654
32.52000 343.092
32.53000 337.511
32.54000 334.330
32.55000 351.171
32.56000 362.969
32.57000 366.848
32.58000 363.927
32.59000 360.963
32.60000 355.646
32.61000 348.978
32.62000 342.540
32.63000 337.439
32.64000 333.128
32.65000 329.760
32.66000 336.304
32.67000 345.494
32.68000 352.542
32.69000 345.948
32.70000 336.946
32.71000 329.548
32.72000 335.588
32.73000 341.761
32.74000 345.454
32.75000 342.166
32.76000 338.459
32.77000 337.864
32.78000 343.258
32.79000 348.802
32.80000 351.940
32.81000 350.773
32.82000 349.941
32.83000 344.855
32.84000 336.171
32.85000 327.592
32.86000 324.486
32.87000 324.478
32.88000 324.470
32.89000 325.105
32.90000 325.936
32.91000 326.264
32.92000 321.410
32.93000 315.194
32.94000 310.422
32.95000 314.681
32.96000 320.508
32.97000 325.282
32.98000 326.415
32.99000 327.023
33.00000 327.161
33.01000 325.994
33.02000 324.751
33.03000 324.024
33.04000 324.278
33.05000 324.556
33.06000 324.712
33.07000 330.632
33.08000 334.743
33.09000 333.372
33.10000 327.440
33.11000 321.509
33.12000 315.563
33.13000 309.609
33.14000 303.873
33.15000 303.058
33.16000 304.054
33.17000 305.303
33.18000 309.099
33.19000 313.556
33.20000 317.983
33.21000 322.227
33.22000 326.439
33.23000 329.880
33.24000 324.376
33.25000 319.101
33.26000 314.006
33.27000 309.403
33.28000 304.827
33.29000 301.309
33.30000 299.767
33.31000 298.270
33.32000 297.435
33.33000 311.299
33.34000 320.916
33.35000 325.930
33.36000 327.176
33.37000 328.272
33.38000 322.203
33.39000 312.195
33.40000 302.566
33.41000 300.285
33.42000 300.737
33.43000 301.087
33.44000 300.438
33.45000 299.534
33.46000 299.247
33.47000 302.686
33.48000 306.752
33.49000 310.061
33.50000 309.488
33.51000 308.692
33.52000 307.099
33.53000 303.360
33.54000 299.502
33.55000 299.194
33.56000 305.429
33.57000 311.806
33.58000 315.339
33.59000 307.244
33.60000 301.649
33.61000 301.715
33.62000 306.341
33.63000 310.794
33.64000 307.363
33.65000 299.660
33.66000 292.258
33.67000 288.847
33.68000 287.039
33.69000 285.982
33.70000 292.194
33.71000 300.233
33.72000 306.736
33.73000 304.113
33.74000 299.983
33.75000 296.633
33.76000 297.286
33.77000 298.149
33.78000 298.192
33.79000 296.060
33.80000 293.810
33.81000 294.149
33.82000 299.188
33.83000 304.325
33.84000 307.150
33.85000 306.893
33.86000 306.710
33.87000 306.242
33.88000 305.546
33.89000 304.900
33.90000 306.435
33.91000 309.134
33.92000 311.724
33.93000 303.602
33.94000 292.352
33.95000 282.487
33.96000 285.738
33.97000 292.237
33.98000 297.783
33.99000 297.764
34.00000 296.841
34.01000 296.095
34.02000 295.640
34.03000 295.293
34.04000 294.302
34.05000 291.628
34.06000 288.865
34.07000 287.579
34.08000 288.934
34.09000 290.342
34.10000 291.110
34.11000 292.099
34.12000 292.786
34.13000 295.611
34.14000 300.104
34.15000 304.487
34.16000 304.332
34.17000 301.789
34.18000 299.351
34.19000 304.630
34.20000 312.149
34.21000 318.405
34.22000 312.935
34.23000 304.607
34.24000 297.027
34.25000 293.747
34.26000 291.152
34.27000 289.061
34.28000 293.208
34.29000 297.067
34.30000 299.690
34.31000 299.124
34.32000 298.395
34.33000 297.233
34.34000 295.308
34.35000 293.369
34.36000 292.318
34.37000 287.940
34.38000 284.942
34.39000 283.480
34.40000 283.198
34.41000 282.948
34.42000 283.981
34.43000 285.679
34.44000 287.305
34.45000 286.124
34.46000 284.095
34.47000 282.349
34.48000 283.164
34.49000 284.594
34.50000 285.532
34.51000 283.689
34.52000 281.410
34.53000 279.579
34.54000 279.925
34.55000 280.374
34.56000 280.970
34.57000 281.938
34.58000 282.926
34.59000 285.045
34.60000 289.130
34.61000 293.250
34.62000 295.466
34.63000 296.715
34.64000 297.564
34.65000 297.514
34.66000 296.784
34.67000 296.017
34.68000 293.852
34.69000 290.973
34.70000 288.220
34.71000 287.561
34.72000 287.627
34.73000 287.788
34.74000 288.789
34.75000 289.989
34.76000 290.560
34.77000 287.637
34.78000 284.176
34.79000 281.403
34.80000 282.695
34.81000 284.045
34.82000 285.851
34.83000 288.799
34.84000 291.801
34.85000 293.456
34.86000 292.803
34.87000 292.112
34.88000 291.743
34.89000 288.795
34.90000 286.772
34.91000 282.481
34.92000 276.501
34.93000 270.778
34.94000 274.494
34.95000 282.962
34.96000 291.048
34.97000 287.067
34.98000 279.506
34.99000 272.521
35.00000 270.568
35.01000 269.786
35.02000 269.705
35.03000 273.454
35.04000 277.782
35.05000 281.237
35.06000 280.552
35.07000 279.696
35.08000 278.074
35.09000 274.564
35.10000 270.965
35.11000 268.856
35.12000 269.258
35.13000 269.700
35.14000 269.935
35.15000 275.196
35.16000 278.773
35.17000 282.093
35.18000 285.223
35.19000 288.273
35.20000 288.483
35.21000 287.283
35.22000 286.139
35.23000 278.128
35.24000 268.533
35.25000 260.195
35.26000 262.633
35.27000 267.540
35.28000 272.076
35.29000 274.617
35.30000 276.862
35.31000 278.648
35.32000 278.251
35.33000 277.774
35.34000 275.883
35.35000 270.546
35.36000 265.054
35.37000 266.422
35.38000 279.194
35.39000 292.139
35.40000 298.940
35.41000 284.435
35.42000 274.627
35.43000 269.984
35.44000 269.071
35.45000 268.154
35.46000 267.102
35.47000 265.983
35.48000 264.917
35.49000 265.735
35.50000 267.077
35.51000 268.895
35.52000 274.711
35.53000 281.429
35.54000 285.331
35.55000 274.337
35.56000 261.167
35.57000 250.726
35.58000 261.858
35.59000 272.322
35.60000 278.746
35.61000 275.475
35.62000 271.781
35.63000 270.280
35.64000 272.370
35.65000 274.512
35.66000 275.629
35.67000 276.662
35.68000 277.362
35.69000 278.290
35.70000 279.381
35.71000 280.443
35.72000 280.576
35.73000 280.261
35.74000 279.961
35.75000 279.668
35.76000 279.399
35.77000 278.715
35.78000 274.610
35.79000 269.745
35.80000 266.447
35.81000 271.306
35.82000 277.335
35.83000 282.098
35.84000 280.544
35.85000 278.866
35.86000 278.963
35.87000 283.263
35.88000 287.740
35.89000 287.534
35.90000 279.770
35.91000 271.905
35.92000 267.838
35.93000 270.963
35.94000 273.070
35.95000 275.036
35.96000 276.902
35.97000 278.646
35.98000 276.575
35.99000 272.690
36.00000 269.002
36.01000 266.362
36.02000 264.240
36.03000 262.597
36.04000 264.838
36.05000 267.928
36.06000 270.708
36.07000 271.903
36.08000 272.875
36.09000 273.639
36.10000 266.349
36.11000 259.970
36.12000 256.273
36.13000 258.827
36.14000 261.637
36.15000 263.540
36.16000 264.002
36.17000 264.444
36.18000 264.672
36.19000 269.991
36.20000 273.543
36.21000 274.083
36.22000 272.546
36.23000 270.999
36.24000 269.163
36.25000 267.191
36.26000 265.321
36.27000 269.677
36.28000 275.530
36.29000 280.145
36.30000 274.932
36.31000 267.603
36.32000 261.237
36.33000 259.724
36.34000 258.883
36.35000 258.223
36.36000 259.894
36.37000 261.382
36.38000 263.393
36.39000 266.608
36.40000 269.870
36.41000 270.437
36.42000 266.785
36.43000 263.083
36.44000 261.200
36.45000 255.445
36.46000 251.643
36.47000 254.322
36.48000 261.405
36.49000 268.390
36.50000 272.559
36.51000 275.428
36.52000 278.144
36.53000 276.184
36.54000 273.023
36.55000 270.401
36.56000 271.985
36.57000 274.459
36.58000 276.407
36.59000 275.740
36.60000 274.718
36.61000 273.920
36.62000 269.106
36.63000 265.010
36.64000 262.305
36.65000 262.753
36.66000 263.321
36.67000 264.471
36.68000 266.516
36.69000 268.572
36.70000 269.608
36.71000 272.015
36.72000 273.630
36.73000 275.852
36.74000 278.479
36.75000 281.008
36.76000 280.751
36.77000 279.227
36.78000 277.786
36.79000 276.939
36.80000 276.331
36.81000 276.333
36.82000 281.007
36.83000 286.655
36.84000 291.390
36.85000 291.666
36.86000 291.348
36.87000 291.100
36.88000 279.717
36.89000 269.962
36.90000 264.666
36.91000 269.326
36.92000 274.355
36.93000 278.196
36.94000 280.233
36.95000 282.251
36.96000 283.261
36.97000 281.268
36.98000 279.972
36.99000 281.835
37.00000 285.781
37.01000 289.570
37.02000 289.106
37.03000 286.736
37.04000 284.499
37.05000 280.278
37.06000 275.849
37.07000 271.953
37.08000 272.059
37.09000 272.987
37.10000 273.096
37.11000 269.273
37.12000 264.934
37.13000 261.568
37.14000 270.145
37.15000 277.683
37.16000 281.804
37.17000 278.407
37.18000 274.741
37.19000 271.289
37.20000 268.159
37.21000 265.032
37.22000 264.016
37.23000 265.078
37.24000 266.130
37.25000 266.369
37.26000 266.081
37.27000 265.823
37.28000 266.364
37.29000 267.259
37.30000 268.103
37.31000 266.799
37.32000 265.012
37.33000 263.705
37.34000 265.942
37.35000 268.895
37.36000 269.963
37.37000 262.125
37.38000 253.142
37.39000 246.196
37.40000 261.133
37.41000 274.268
37.42000 281.505
37.43000 275.949
37.44000 269.952
37.45000 264.529
37.46000 259.953
37.47000 255.384
37.48000 254.771
37.49000 257.985
37.50000 261.163
37.51000 261.353
37.52000 259.632
37.53000 258.202
37.54000 264.130
37.55000 273.263
37.56000 281.858
37.57000 276.311
37.58000 267.394
37.59000 259.687
37.60000 260.735
37.61000 263.524
37.62000 265.629
37.63000 264.555
37.64000 263.081
37.65000 261.945
37.66000 265.047
37.67000 267.746
37.68000 269.226
37.69000 268.102
37.70000 266.891
37.71000 267.610
37.72000 271.131
37.73000 274.676
37.74000 275.415
37.75000 273.485
37.76000 271.531
37.77000 267.613
37.78000 262.458
37.79000 257.515
37.80000 257.760
37.81000 260.232
37.82000 262.554
37.83000 267.389
37.84000 272.473
37.85000 276.765
37.86000 275.430
37.87000 272.993
37.88000 270.649
37.89000 268.728
37.90000 266.859
37.91000 265.425
37.92000 271.317
37.93000 276.382
37.94000 278.991
37.95000 276.428
37.96000 273.698
37.97000 270.783
37.98000 267.604
37.99000 264.423
38.00000 261.710
38.01000 259.434
38.02000 257.234
38.03000 260.578
38.04000 267.365
38.05000 273.976
38.06000 276.449
38.07000 277.171
38.08000 277.848
38.09000 277.985
38.10000 277.968
38.11000 277.399
38.12000 272.977
38.13000 267.814
38.14000 265.160
38.15000 273.810
38.16000 283.834
38.17000 291.497
38.18000 284.877
38.19000 278.882
38.20000 276.714
38.21000 282.492
38.22000 288.517
38.23000 296.556
38.24000 307.432
38.25000 318.326
38.26000 321.282
38.27000 316.936
38.28000 312.626
38.29000 310.831
38.30000 310.574
38.31000 310.478
38.32000 314.074
38.33000 319.210
38.34000 324.020
38.35000 333.586
38.36000 343.519
38.37000 352.960
38.38000 359.033
38.39000 364.468
38.40000 371.142
38.41000 383.314
38.42000 396.141
38.43000 405.909
38.44000 402.382
38.45000 398.905
38.46000 403.360
38.47000 424.056
38.48000 445.235
38.49000 458.704
38.50000 461.485
38.51000 464.198
38.52000 472.795
38.53000 486.708
38.54000 500.503
38.55000 506.587
38.56000 508.024
38.57000 510.017
38.58000 524.362
38.59000 543.786
38.60000 561.951
38.61000 565.203
38.62000 564.360
38.63000 564.043
38.64000 567.260
38.65000 571.136
38.66000 574.594
38.67000 576.228
38.68000 577.648
38.69000 578.726
38.70000 573.979
38.71000 569.952
38.72000 564.557
38.73000 556.402
38.74000 548.168
38.75000 540.121
38.76000 532.330
38.77000 524.543
38.78000 512.936
38.79000 497.945
38.80000 483.030
38.81000 472.799
38.82000 465.349
38.83000 457.462
38.84000 440.151
38.85000 419.023
38.86000 399.296
38.87000 396.057
38.88000 397.249
38.89000 396.995
38.90000 387.184
38.91000 375.622
38.92000 365.314
38.93000 360.403
38.94000 356.109
38.95000 352.865
38.96000 347.639
38.97000 343.442
38.98000 337.060
38.99000 326.332
39.00000 315.484
39.01000 307.818
39.02000 304.431
39.03000 301.068
39.04000 299.697
39.05000 300.070
39.06000 300.440
39.07000 300.590
39.08000 300.613
39.09000 300.467
39.10000 296.793
39.11000 291.709
39.12000 286.971
39.13000 276.111
39.14000 264.776
39.15000 255.573
39.16000 260.232
39.17000 267.389
39.18000 271.680
39.19000 263.833
39.20000 254.622
39.21000 247.690
39.22000 254.308
39.23000 260.144
39.24000 262.762
39.25000 259.072
39.26000 255.217
39.27000 254.218
39.28000 257.001
39.29000 259.799
39.30000 257.585
39.31000 251.062
39.32000 244.668
39.33000 245.463
39.34000 250.400
39.35000 254.995
39.36000 252.645
39.37000 247.559
39.38000 242.828
39.39000 247.058
39.40000 253.050
39.41000 257.564
39.42000 252.633
39.43000 246.028
39.44000 241.328
39.45000 244.578
39.46000 248.703
39.47000 251.796
39.48000 251.831
39.49000 251.715
39.50000 251.200
39.51000 249.915
39.52000 248.612
39.53000 247.437
39.54000 246.431
39.55000 245.427
39.56000 245.611
39.57000 246.799
39.58000 247.933
39.59000 246.179
39.60000 242.785
39.61000 239.525
39.62000 238.925
39.63000 239.357
39.64000 239.758
39.65000 239.132
39.66000 238.323
39.67000 238.338
39.68000 243.534
39.69000 249.633
39.70000 254.810
39.71000 256.202
39.72000 257.185
39.73000 257.918
39.74000 250.154
39.75000 243.713
39.76000 237.417
39.77000 231.395
39.78000 225.380
39.79000 222.997
39.80000 225.272
39.81000 227.561
39.82000 232.133
39.83000 238.592
39.84000 244.875
39.85000 242.246
39.86000 234.629
39.87000 227.604
39.88000 231.900
39.89000 240.524
39.90000 248.522
39.91000 238.927
39.92000 226.168
39.93000 216.283
39.94000 224.133
39.95000 235.023
39.96000 243.503
39.97000 242.241
39.98000 239.948
39.99000 238.243
40.00000 242.789
40.01000 246.604
40.02000 246.293
40.03000 238.241
40.04000 230.010
40.05000 226.868
40.06000 230.149
40.07000 233.447
40.08000 233.925
40.09000 232.092
40.10000 230.376
40.11000 234.271
40.12000 241.259
40.13000 247.804
40.14000 246.106
40.15000 241.299
40.16000 236.851
40.17000 233.073
40.18000 229.832
40.19000 227.202
40.20000 228.282
40.21000 229.986
40.22000 231.157
40.23000 230.203
40.24000 229.028
40.25000 228.159
40.26000 228.853
40.27000 229.459
40.28000 229.998
40.29000 230.413
40.30000 230.824
40.31000 231.143
40.32000 231.345
40.33000 231.546
40.34000 233.278
40.35000 236.237
40.36000 239.065
40.37000 235.940
40.38000 229.581
40.39000 223.657
40.40000 225.635
40.41000 230.548
40.42000 235.088
40.43000 235.879
40.44000 235.741
40.45000 235.219
40.46000 232.406
40.47000 229.213
40.48000 227.554
40.49000 231.908
40.50000 236.872
40.51000 240.533
40.52000 241.481
40.53000 242.102
40.54000 240.067
40.55000 233.195
40.56000 226.222
40.57000 223.169
40.58000 224.910
40.59000 226.660
40.60000 228.221
40.61000 229.626
40.62000 230.985
40.63000 230.343
40.64000 228.629
40.65000 226.870
40.66000 224.312
40.67000 221.461
40.68000 218.832
40.69000 219.199
40.70000 220.194
40.71000 221.852
40.72000 227.391
40.73000 233.563
40.74000 237.679
40.75000 233.849
40.76000 229.229
40.77000 225.836
40.78000 220.567
40.79000 216.417
40.80000 216.376
40.81000 223.711
40.82000 231.193
40.83000 233.114
40.84000 228.339
40.85000 223.560
40.86000 223.440
40.87000 226.951
40.88000 230.326
40.89000 227.983
40.90000 222.622
40.91000 217.602
40.92000 218.406
40.93000 221.313
40.94000 223.988
40.95000 223.046
40.96000 221.411
40.97000 221.051
40.98000 228.034
40.99000 236.194
41.00000 241.388
41.01000 235.297
41.02000 228.108
41.03000 222.851
41.04000 222.696
41.05000 222.777
41.06000 221.591
41.07000 218.164
41.08000 214.695
41.09000 214.649
41.10000 218.661
41.11000 222.670
41.12000 221.208
41.13000 215.560
41.14000 210.075
41.15000 211.156
41.16000 215.652
41.17000 219.972
41.18000 221.368
41.19000 221.724
41.20000 222.052
41.21000 219.388
41.22000 216.366
41.23000 213.857
41.24000 214.263
41.25000 215.127
41.26000 216.036
41.27000 217.114
41.28000 218.209
41.29000 219.006
41.30000 219.282
41.31000 219.475
41.32000 217.926
41.33000 213.341
41.34000 208.701
41.35000 207.690
41.36000 210.910
41.37000 214.128
41.38000 217.857
41.39000 221.947
41.40000 225.854
41.41000 222.718
41.42000 215.973
41.43000 209.702
41.44000 211.127
41.45000 215.252
41.46000 219.035
41.47000 223.603
41.48000 227.840
41.49000 230.554
41.50000 224.777
41.51000 217.686
41.52000 212.303
41.53000 213.230
41.54000 214.745
41.55000 215.844
41.56000 212.402
41.57000 209.590
41.58000 209.428
41.59000 213.821
41.60000 218.292
41.61000 219.975
41.62000 218.460
41.63000 216.945
41.64000 216.532
41.65000 216.939
41.66000 217.338
41.67000 217.411
41.68000 217.320
41.69000 217.224
41.70000 217.062
41.71000 216.875
41.72000 216.705
41.73000 212.287
41.74000 207.474
41.75000 204.314
41.76000 210.218
41.77000 217.499
41.78000 222.375
41.79000 218.501
41.80000 213.828
41.81000 210.455
41.82000 205.969
41.83000 202.489
41.84000 202.373
41.85000 207.949
41.86000 213.617
41.87000 218.983
41.88000 224.010
41.89000 229.020
41.90000 228.249
41.91000 223.265
41.92000 218.252
41.93000 212.253
41.94000 205.762
41.95000 199.885
41.96000 203.484
41.97000 210.310
41.98000 216.547
41.99000 218.940
42.00000 220.280
42.01000 221.124
42.02000 219.295
42.03000 217.067
42.04000 214.694
42.05000 211.802
42.06000 208.864
42.07000 206.752
42.08000 203.911
42.09000 201.711
42.10000 201.159
42.11000 203.354
42.12000 205.592
42.13000 209.116
42.14000 214.070
42.15000 219.007
42.16000 221.114
42.17000 221.170
42.18000 221.153
42.19000 218.643
42.20000 214.909
42.21000 211.583
42.22000 214.376
42.23000 219.223
42.24000 223.643
42.25000 222.389
42.26000 220.139
42.27000 217.688
42.28000 214.173
42.29000 210.501
42.30000 207.472
42.31000 206.714
42.32000 206.154
42.33000 205.754
42.34000 207.787
42.35000 209.421
42.36000 211.428
42.37000 214.049
42.38000 216.679
42.39000 214.326
42.40000 206.531
42.41000 198.764
42.42000 194.957
42.43000 193.984
42.44000 193.117
42.45000 195.718
42.46000 199.995
42.47000 204.165
42.48000 206.748
42.49000 208.807
42.50000 210.680
42.51000 208.206
42.52000 205.159
42.53000 202.401
42.54000 201.156
42.55000 200.128
42.56000 199.830
42.57000 202.067
42.58000 204.521
42.59000 206.269
42.60000 208.776
42.61000 210.710
42.62000 210.882
42.63000 208.201
42.64000 205.480
42.65000 203.530
42.66000 202.408
42.67000 201.290
42.68000 204.260
42.69000 210.041
42.70000 215.605
42.71000 214.294
42.72000 209.707
42.73000 205.294
42.74000 203.364
42.75000 202.243
42.76000 201.225
42.77000 200.085
42.78000 199.055
42.79000 198.413
42.80000 199.760
42.81000 201.389
42.82000 202.514
42.83000 201.914
42.84000 201.169
42.85000 200.642
42.86000 209.608
42.87000 216.724
42.88000 220.152
42.89000 217.700
42.90000 215.173
42.91000 212.591
42.92000 209.953
42.93000 207.327
42.94000 206.754
42.95000 207.593
42.96000 208.294
42.97000 204.822
42.98000 199.390
42.99000 194.265
43.00000 193.410
43.01000 193.928
43.02000 194.398
43.03000 198.727
43.04000 203.280
43.05000 207.054
43.06000 206.889
43.07000 206.176
43.08000 205.446
43.09000 204.655
43.10000 203.859
43.11000 203.297
43.12000 210.192
43.13000 215.650
43.14000 216.877
43.15000 211.458
43.16000 205.959
43.17000 202.663
43.18000 201.658
43.19000 200.657
43.20000 200.377
43.21000 200.583
43.22000 200.975
43.23000 206.784
43.24000 215.101
43.25000 223.052
43.26000 226.024
43.27000 227.421
43.28000 228.684
43.29000 224.820
43.30000 220.459
43.31000 215.986
43.32000 210.961
43.33000 205.860
43.34000 201.634
43.35000 200.320
43.36000 199.239
43.37000 198.479
43.38000 204.026
43.39000 208.410
43.40000 210.227
43.41000 208.070
43.42000 205.868
43.43000 202.543
43.44000 198.071
43.45000 193.624
43.46000 197.077
43.47000 205.719
43.48000 214.062
43.49000 213.981
43.50000 210.055
43.51000 206.250
43.52000 204.055
43.53000 202.363
43.54000 200.834
43.55000 205.163
43.56000 210.044
43.57000 213.734
43.58000 211.594
43.59000 208.673
43.60000 206.110
43.61000 204.715
43.62000 203.412
43.63000 202.501
43.64000 200.272
43.65000 198.550
43.66000 197.490
43.67000 197.439
43.68000 197.398
43.69000 199.405
43.70000 203.466
43.71000 207.503
43.72000 204.110
43.73000 195.919
43.74000 188.009
43.75000 187.775
43.76000 190.992
43.77000 194.294
43.78000 198.684
43.79000 203.409
43.80000 207.665
43.81000 208.322
43.82000 208.248
43.83000 207.664
43.84000 204.619
43.85000 201.251
43.86000 199.433
43.87000 202.622
43.88000 206.192
43.89000 208.676
43.90000 203.193
43.91000 198.842
43.92000 195.966
43.93000 195.303
43.94000 194.662
43.95000 196.966
43.96000 202.179
43.97000 207.358
43.98000 210.352
43.99000 211.899
44.00000 213.238
44.01000 209.079
44.02000 202.481
44.03000 196.561
44.04000 199.225
44.05000 204.488
44.06000 209.220
44.07000 207.230
44.08000 204.294
44.09000 201.306
44.10000 198.070
44.11000 194.803
44.12000 192.453
44.13000 193.023
44.14000 193.811
44.15000 194.357
44.16000 202.515
44.17000 208.853
44.18000 211.920
44.19000 210.148
44.20000 208.333
44.21000 206.759
44.22000 205.419
44.23000 204.088
44.24000 206.765
44.25000 211.930
44.26000 216.856
44.27000 215.675
44.28000 211.827
44.29000 208.218
44.30000 207.569
44.31000 207.804
44.32000 208.014
44.33000 212.199
44.34000 216.549
44.35000 219.973
44.36000 219.068
44.37000 217.616
44.38000 215.986
44.39000 213.802
44.40000 211.578
44.41000 210.045
44.42000 215.964
44.43000 220.596
44.44000 222.933
44.45000 221.927
44.46000 220.894
44.47000 221.931
44.48000 224.946
44.49000 227.937
44.50000 227.297
44.51000 224.412
44.52000 221.730
44.53000 224.081
44.54000 228.599
44.55000 233.001
44.56000 236.007
44.57000 238.602
44.58000 240.925
44.59000 241.617
44.60000 241.941
44.61000 243.838
44.62000 252.961
44.63000 262.981
44.64000 270.559
44.65000 270.588
44.66000 270.082
44.67000 269.735
44.68000 284.533
44.69000 295.989
44.70000 301.486
44.71000 298.437
44.72000 295.322
44.73000 296.017
44.74000 300.289
44.75000 304.525
44.76000 310.260
44.77000 316.807
44.78000 323.414
44.79000 331.438
44.80000 340.064
44.81000 348.108
44.82000 349.254
44.83000 348.403
44.84000 347.642
44.85000 357.534
44.86000 367.941
44.87000 376.368
44.88000 375.847
44.89000 374.233
44.90000 373.614
44.91000 376.023
44.92000 378.642
44.93000 380.429
44.94000 374.025
44.95000 369.047
44.96000 368.937
44.97000 375.704
44.98000 382.519
44.99000 384.687
45.00000 382.565
45.01000 380.461
45.02000 376.939
45.03000 372.631
45.04000 368.488
45.05000 368.161
45.06000 369.431
45.07000 370.189
45.08000 365.028
45.09000 358.178
45.10000 352.072
45.11000 349.756
45.12000 348.368
45.13000 346.872
45.14000 344.897
45.15000 342.864
45.16000 338.630
45.17000 327.783
45.18000 316.491
45.19000 308.824
45.20000 309.589
45.21000 310.349
45.22000 311.609
45.23000 313.566
45.24000 315.525
45.25000 311.108
45.26000 300.901
45.27000 290.789
45.28000 286.673
45.29000 286.192
45.30000 285.533
45.31000 280.895
45.32000 274.615
45.33000 268.874
45.34000 269.229
45.35000 271.298
45.36000 273.137
45.37000 275.979
45.38000 278.608
45.39000 279.105
45.40000 270.259
45.41000 260.318
45.42000 253.578
45.43000 256.315
45.44000 259.674
45.45000 261.944
45.46000 256.748
45.47000 252.719
45.48000 249.111
45.49000 246.079
45.50000 243.050
45.51000 239.632
45.52000 235.865
45.53000 232.136
45.54000 233.202
45.55000 237.042
45.56000 240.540
45.57000 236.649
45.58000 229.753
45.59000 223.483
45.60000 224.147
45.61000 226.730
45.62000 229.022
45.63000 226.284
45.64000 223.111
45.65000 220.133
45.66000 217.996
45.67000 215.955
45.68000 214.422
45.69000 214.369
45.70000 214.411
45.71000 214.439
45.72000 207.582
45.73000 202.347
45.74000 201.129
45.75000 205.327
45.76000 209.552
45.77000 210.680
45.78000 209.086
45.79000 207.508
45.80000 209.947
45.81000 214.635
45.82000 218.855
45.83000 213.213
45.84000 203.618
45.85000 194.646
45.86000 192.416
45.87000 192.026
45.88000 191.681
45.89000 196.654
45.90000 201.786
45.91000 205.617
45.92000 203.917
45.93000 201.593
45.94000 199.476
45.95000 197.955
45.96000 196.471
45.97000 195.479
45.98000 196.665
45.99000 197.588
46.00000 198.268
46.01000 198.626
46.02000 198.980
46.03000 197.304
46.04000 193.871
46.05000 190.476
46.06000 191.833
46.07000 195.841
46.08000 199.590
46.09000 198.031
46.10000 194.375
46.11000 190.640
46.12000 186.060
46.13000 181.253
46.14000 177.008
46.15000 181.041
46.16000 185.794
46.17000 190.130
46.18000 192.721
46.19000 195.119
46.20000 196.124
46.21000 193.179
46.22000 189.995
46.23000 187.877
46.24000 187.550
46.25000 187.341
46.26000 185.509
46.27000 181.553
46.28000 177.591
46.29000 175.475
46.30000 174.930
46.31000 174.391
46.32000 176.374
46.33000 179.709
46.34000 182.966
46.35000 184.655
46.36000 185.734
46.37000 186.137
46.38000 179.515
46.39000 171.033
46.40000 163.559
46.41000 166.341
46.42000 170.283
46.43000 174.284
46.44000 178.527
46.45000 182.795
46.46000 184.379
46.47000 178.467
46.48000 172.111
46.49000 167.905
46.50000 171.894
46.51000 174.986
46.52000 177.134
46.53000 178.068
46.54000 178.993
46.55000 177.069
46.56000 172.760
46.57000 168.505
46.58000 168.363
46.59000 170.474
46.60000 172.744
46.61000 178.064
46.62000 184.554
46.63000 189.789
46.64000 182.269
46.65000 171.422
46.66000 161.888
46.67000 159.737
46.68000 158.979
46.69000 159.986
46.70000 168.152
46.71000 177.078
46.72000 182.754
46.73000 179.485
46.74000 175.701
46.75000 173.210
46.76000 172.833
46.77000 172.591
46.78000 172.369
46.79000 172.169
46.80000 171.967
46.81000 171.029
46.82000 169.483
46.83000 167.958
46.84000 172.732
46.85000 180.770
46.86000 188.321
46.87000 186.760
46.88000 181.753
46.89000 177.270
46.90000 177.998
46.91000 180.066
46.92000 181.878
46.93000 175.444
46.94000 168.723
46.95000 164.431
46.96000 169.844
46.97000 176.267
46.98000 180.359
46.99000 178.132
47.00000 175.550
47.01000 173.860
47.02000 173.196
47.03000 172.725
47.04000 172.819
47.05000 173.619
47.06000 174.423
47.07000 175.664
47.08000 177.261
47.09000 178.836
47.10000 177.518
47.11000 174.703
47.12000 171.811
47.13000 167.499
47.14000 162.658
47.15000 158.474
47.16000 160.691
47.17000 164.527
47.18000 167.882
47.19000 171.505
47.20000 174.647
47.21000 177.156
47.22000 177.166
47.23000 176.922
47.24000 176.897
47.25000 177.457
47.26000 178.049
47.27000 178.434
47.28000 172.664
47.29000 168.337
47.30000 167.135
47.31000 169.768
47.32000 172.402
47.33000 172.280
47.34000 169.958
47.35000 167.670
47.36000 168.070
47.37000 169.860
47.38000 171.671
47.39000 173.857
47.40000 176.180
47.41000 177.996
47.42000 174.978
47.43000 170.754
47.44000 167.069
47.45000 163.643
47.46000 160.750
47.47000 159.702
47.48000 165.808
47.49000 172.630
47.50000 176.479
47.51000 172.498
47.52000 168.102
47.53000 165.255
47.54000 168.856
47.55000 171.587
47.56000 171.062
47.57000 166.603
47.58000 162.151
47.59000 162.007
47.60000 165.249
47.61000 168.441
47.62000 169.679
47.63000 169.877
47.64000 169.901
47.65000 166.929
47.66000 162.871
47.67000 159.579
47.68000 163.453
47.69000 169.085
47.70000 173.988
47.71000 170.346
47.72000 166.064
47.73000 162.968
47.74000 164.401
47.75000 166.277
47.76000 166.466
47.77000 162.274
47.78000 157.856
47.79000 155.011
47.80000 161.845
47.81000 166.969
47.82000 168.459
47.83000 165.627
47.84000 162.803
47.85000 163.861
47.86000 167.922
47.87000 171.918
47.88000 169.457
47.89000 163.811
47.90000 158.745
47.91000 163.414
47.92000 171.557
47.93000 178.625
47.94000 175.831
47.95000 170.654
47.96000 166.159
47.97000 166.238
47.98000 166.920
47.99000 167.045
48.00000 165.068
48.01000 162.890
48.02000 161.108
48.03000 160.342
48.04000 159.627
48.05000 159.169
48.06000 160.516
48.07000 161.522
48.08000 163.935
48.09000 167.995
48.10000 172.040
48.11000 172.061
48.12000 169.017
48.13000 166.024
48.14000 166.528
48.15000 168.756
48.16000 170.687
48.17000 167.789
48.18000 163.191
48.19000 159.185
48.20000 160.503
48.21000 163.088
48.22000 165.326
48.23000 165.476
48.24000 165.328
48.25000 164.534
48.26000 161.347
48.27000 157.936
48.28000 156.726
48.29000 161.066
48.30000 165.676
48.31000 168.612
48.32000 178.058
48.33000 185.007
48.34000 186.850
48.35000 182.817
48.36000 178.786
48.37000 176.554
48.38000 175.671
48.39000 174.804
48.40000 175.199
48.41000 176.198
48.42000 177.101
48.43000 176.468
48.44000 175.303
48.45000 173.975
48.46000 171.215
48.47000 168.119
48.48000 165.444
48.49000 171.728
48.50000 178.224
48.51000 181.980
48.52000 175.740
48.53000 168.583
48.54000 163.802
48.55000 164.929
48.56000 166.335
48.57000 167.225
48.58000 169.334
48.59000 170.878
48.60000 169.587
48.61000 165.085
48.62000 160.601
48.63000 159.910
48.64000 162.020
48.65000 164.091
48.66000 165.764
48.67000 167.185
48.68000 168.564
48.69000 169.302
48.70000 169.821
48.71000 169.778
48.72000 164.873
48.73000 158.847
48.74000 153.654
48.75000 158.601
48.76000 164.081
48.77000 168.902
48.78000 171.353
48.79000 173.590
48.80000 173.520
48.81000 167.793
48.82000 161.807
48.83000 158.039
48.84000 163.694
48.85000 167.892
48.86000 167.935
48.87000 163.347
48.88000 158.791
48.89000 159.918
48.90000 165.175
48.91000 170.332
48.92000 171.556
48.93000 170.870
48.94000 170.140
48.95000 168.751
48.96000 167.139
48.97000 165.813
48.98000 166.914
48.99000 168.566
49.00000 169.986
49.01000 167.265
49.02000 164.447
49.03000 161.826
49.04000 159.903
49.05000 158.042
49.06000 158.384
49.07000 164.050
49.08000 169.951
49.09000 173.644
49.10000 164.137
49.11000 157.132
49.12000 153.267
49.13000 152.842
49.14000 152.437
49.15000 154.717
49.16000 158.919
49.17000 163.037
49.18000 167.470
49.19000 171.881
49.20000 175.774
49.21000 172.033
49.22000 165.759
49.23000 160.002
49.24000 158.549
49.25000 158.060
49.26000 157.640
49.27000 156.499
49.28000 155.447
49.29000 154.850
49.30000 155.838
49.31000 156.962
49.32000 158.139
49.33000 159.440
49.34000 160.747
49.35000 161.560
49.36000 164.118
49.37000 165.978
49.38000 165.245
49.39000 161.719
49.40000 158.216
49.41000 158.086
49.42000 160.334
49.43000 162.535
49.44000 161.380
49.45000 158.727
49.46000 156.290
49.47000 156.964
49.48000 158.654
49.49000 160.308
49.50000 161.654
49.51000 162.934
49.52000 164.027
49.53000 160.108
49.54000 156.204
49.55000 153.379
49.56000 154.263
49.57000 155.459
49.58000 158.240
49.59000 164.740
49.60000 171.396
49.61000 175.511
49.62000 167.060
49.63000 160.869
49.64000 158.437
49.65000 159.991
49.66000 161.529
49.67000 160.982
49.68000 158.987
49.69000 157.036
49.70000 158.072
49.71000 160.417
49.72000 162.554
49.73000 161.776
49.74000 160.059
49.75000 158.398
49.76000 157.183
49.77000 156.066
49.78000 155.113
49.79000 157.238
49.80000 159.387
49.81000 161.365
49.82000 162.763
49.83000 164.113
49.84000 164.866
49.85000 164.237
49.86000 163.552
49.87000 163.131
49.88000 158.969
49.89000 155.952
49.90000 155.553
49.91000 157.882
49.92000 160.206
49.93000 161.880
49.94000 163.108
49.95000 164.309
49.96000 165.435
49.97000 166.482
49.98000 167.227
49.99000 163.863
50.00000 159.193
50.01000 155.746
50.02000 161.900
50.03000 170.102
50.04000 177.076
50.05000 176.133
50.06000 174.431
50.07000 173.837
50.08000 176.942
50.09000 180.343
50.10000 182.163
50.11000 180.379
50.12000 178.454
50.13000 177.279
50.14000 171.101
50.15000 166.641
50.16000 166.645
50.17000 171.225
50.18000 175.772
50.19000 176.637
50.20000 175.023
50.21000 173.447
50.22000 174.865
50.23000 177.532
50.24000 179.850
50.25000 177.484
50.26000 173.654
50.27000 170.840
50.28000 175.866
50.29000 182.538
50.30000 188.195
50.31000 191.551
50.32000 194.104
50.33000 197.748
50.34000 204.979
50.35000 212.491
50.36000 216.780
50.37000 213.824
50.38000 210.596
50.39000 208.636
50.40000 212.828
50.41000 215.867
50.42000 218.182
50.43000 219.767
50.44000 221.361
50.45000 223.830
50.46000 226.879
50.47000 229.854
50.48000 233.326
50.49000 236.858
50.50000 240.132
50.51000 240.041
50.52000 238.912
50.53000 238.487
50.54000 243.389
50.55000 249.393
50.56000 254.469
50.57000 254.751
50.58000 254.457
50.59000 254.263
50.60000 254.395
50.61000 254.552
50.62000 257.132
50.63000 265.081
50.64000 273.224
50.65000 278.137
50.66000 259.981
50.67000 246.889
50.68000 241.866
50.69000 244.838
50.70000 247.797
50.71000 249.476
50.72000 250.318
50.73000 251.139
50.74000 252.714
50.75000 254.536
50.76000 255.990
50.77000 252.748
50.78000 248.079
50.79000 242.987
50.80000 234.754
50.81000 225.882
50.82000 218.401
50.83000 218.832
50.84000 220.049
50.85000 221.022
50.86000 221.221
50.87000 221.362
50.88000 221.107
50.89000 219.991
50.90000 218.845
50.91000 218.157
50.92000 205.133
50.93000 195.800
50.94000 188.420
50.95000 182.944
50.96000 177.517
50.97000 176.422
50.98000 178.116
50.99000 179.765
51.00000 182.732
51.01000 186.109
51.02000 188.818
51.03000 183.207
51.04000 175.106
51.05000 168.301
51.06000 170.948
51.07000 175.488
51.08000 179.304
51.09000 176.397
51.10000 173.261
51.11000 171.100
51.12000 172.008
51.13000 173.139
51.14000 173.042
51.15000 170.302
51.16000 167.472
51.17000 165.786
51.18000 166.723
51.19000 167.403
51.20000 169.414
51.21000 172.699
51.22000 175.897
51.23000 172.055
51.24000 163.748
51.25000 155.668
51.26000 153.037
51.27000 152.773
51.28000 152.656
51.29000 154.319
51.30000 156.507
51.31000 158.223
51.32000 156.559
51.33000 154.230
51.34000 152.277
51.35000 157.173
51.36000 161.957
51.37000 164.493
51.38000 160.058
51.39000 155.126
51.40000 151.961
51.41000 152.541
51.42000 153.243
51.43000 153.658
51.44000 154.381
51.45000 154.893
51.46000 151.607
51.47000 144.741
51.48000 137.978
51.49000 139.021
51.50000 144.940
51.51000 150.691
51.52000 154.352
51.53000 156.985
51.54000 159.437
51.55000 159.732
51.56000 159.401
51.57000 159.461
51.58000 162.273
51.59000 165.618
51.60000 168.415
51.61000 163.127
51.62000 157.915
51.63000 154.456
51.64000 156.355
51.65000 158.627
51.66000 160.424
51.67000 161.229
51.68000 162.003
51.69000 162.458
51.70000 150.473
51.71000 141.958
51.72000 138.502
51.73000 139.737
51.74000 141.032
51.75000 146.651
51.76000 154.931
51.77000 162.968
51.78000 161.600
51.79000 156.557
51.80000 151.742
51.81000 149.595
51.82000 148.212
51.83000 147.165
51.84000 148.451
51.85000 150.182
51.86000 151.624
51.87000 150.477
51.88000 149.269
51.89000 148.627
51.90000 149.690
51.91000 150.870
51.92000 151.805
51.93000 152.240
51.94000 152.660
51.95000 152.905
51.96000 147.616
51.97000 143.870
51.98000 143.292
51.99000 145.601
52.00000 147.870
52.01000 147.375
52.02000 145.206
52.03000 143.102
52.04000 143.138
52.05000 144.011
52.06000 144.742
52.07000 143.862
52.08000 142.528
52.09000 141.314
52.10000 140.917
52.11000 140.673
52.12000 140.470
52.13000 143.608
52.14000 146.529
52.15000 148.115
52.16000 145.741
52.17000 143.105
52.18000 141.718
52.19000 142.866
52.20000 144.088
52.21000 144.796
52.22000 145.392
52.23000 145.809
52.24000 146.020
52.25000 146.047
52.26000 146.055
52.27000 144.867
52.28000 142.964
52.29000 141.122
52.30000 143.067
52.31000 146.368
52.32000 149.324
52.33000 148.434
52.34000 146.475
52.35000 144.871
52.36000 145.633
52.37000 146.831
52.38000 147.824
52.39000 147.898
52.40000 147.871
52.41000 147.824
52.42000 147.720
52.43000 147.613
52.44000 147.075
52.45000 145.678
52.46000 144.256
52.47000 143.436
52.48000 144.315
52.49000 144.936
52.50000 145.855
52.51000 147.035
52.52000 148.218
52.53000 149.541
52.54000 150.948
52.55000 152.308
52.56000 151.183
52.57000 149.178
52.58000 147.049
52.59000 143.587
52.60000 139.760
52.61000 137.222
52.62000 143.124
52.63000 150.559
52.64000 156.699
52.65000 151.776
52.66000 146.686
52.67000 142.605
52.68000 141.434
52.69000 140.445
52.70000 141.357
52.71000 146.019
52.72000 150.780
52.73000 153.506
52.74000 143.634
52.75000 136.703
52.76000 135.507
52.77000 139.290
52.78000 143.011
52.79000 143.196
52.80000 141.331
52.81000 139.529
52.82000 139.667
52.83000 140.522
52.84000 141.150
52.85000 139.356
52.86000 136.909
52.87000 134.924
52.88000 135.905
52.89000 137.417
52.90000 138.661
52.91000 142.917
52.92000 146.693
52.93000 149.748
52.94000 150.754
52.95000 151.635
52.96000 152.723
52.97000 154.216
52.98000 155.719
52.99000 156.574
53.00000 150.445
53.01000 146.159
53.02000 145.608
53.03000 148.247
53.04000 150.857
53.05000 151.867
53.06000 151.962
53.07000 152.054
53.08000 152.996
53.09000 154.197
53.10000 155.043
53.11000 152.198
53.12000 148.371
53.13000 145.651
53.14000 149.930
53.15000 155.438
53.16000 159.960
53.17000 158.767
53.18000 157.277
53.19000 156.641
53.20000 158.398
53.21000 160.298
53.22000 161.583
53.23000 161.692
53.24000 161.773
53.25000 161.818
53.26000 155.325
53.27000 150.798
53.28000 148.516
53.29000 148.121
53.30000 147.749
53.31000 148.544
53.32000 149.998
53.33000 151.399
53.34000 151.803
53.35000 151.822
53.36000 151.902
53.37000 152.608
53.38000 153.477
53.39000 153.908
53.40000 151.615
53.41000 148.853
53.42000 146.592
53.43000 147.770
53.44000 149.036
53.45000 150.213
53.46000 151.144
53.47000 152.060
53.48000 152.619
53.49000 152.503
53.50000 152.371
53.51000 152.297
53.52000 152.074
53.53000 151.919
53.54000 151.795
53.55000 151.696
53.56000 151.605
53.57000 151.948
53.58000 152.531
53.59000 153.092
53.60000 152.319
53.61000 151.117
53.62000 149.862
53.63000 148.070
53.64000 146.140
53.65000 144.839
53.66000 147.379
53.67000 150.570
53.68000 153.174
53.69000 153.411
53.70000 153.403
53.71000 152.312
53.72000 148.276
53.73000 144.073
53.74000 140.378
53.75000 137.626
53.76000 134.896
53.77000 133.376
53.78000 149.640
53.79000 160.899
53.80000 162.862
53.81000 157.255
53.82000 151.715
53.83000 149.275
53.84000 148.531
53.85000 147.816
53.86000 148.874
53.87000 150.488
53.88000 151.935
53.89000 151.744
53.90000 151.136
53.91000 150.559
53.92000 150.161
53.93000 149.794
53.94000 149.494
53.95000 143.831
53.96000 138.760
53.97000 135.488
53.98000 137.043
53.99000 138.862
54.00000 140.117
54.01000 140.338
54.02000 140.537
54.03000 140.647
54.04000 141.923
54.05000 142.807
54.06000 144.011
54.07000 145.473
54.08000 146.833
54.09000 143.627
54.10000 137.962
54.11000 132.521
54.12000 131.359
54.13000 131.748
54.14000 132.523
54.15000 136.992
54.16000 142.385
54.17000 146.583
54.18000 143.723
54.19000 139.705
54.20000 136.448
54.21000 132.567
54.22000 129.354
54.23000 128.526
54.24000 133.999
54.25000 139.808
54.26000 144.523
54.27000 147.260
54.28000 149.957
54.29000 151.436
54.30000 147.178
54.31000 144.247
54.32000 143.429
54.33000 144.278
54.34000 145.106
54.35000 145.108
54.36000 144.671
54.37000 144.251
54.38000 144.200
54.39000 144.277
54.40000 144.371
54.41000 144.623
54.42000 144.915
54.43000 144.839
54.44000 142.631
54.45000 140.079
54.46000 138.017
54.47000 135.720
54.48000 133.833
54.49000 133.643
54.50000 137.872
54.51000 142.330
54.52000 146.304
54.53000 149.415
54.54000 152.510
54.55000 154.194
54.56000 148.797
54.57000 145.095
54.58000 144.328
54.59000 145.839
54.60000 147.297
54.61000 146.579
54.62000 144.722
54.63000 142.942
54.64000 142.260
54.65000 141.989
54.66000 141.763
54.67000 141.948
54.68000 142.233
54.69000 142.541
54.70000 142.979
54.71000 143.439
54.72000 143.808
54.73000 148.612
54.74000 152.857
54.75000 155.454
54.76000 153.824
54.77000 151.982
54.78000 150.051
54.79000 147.967
54.80000 145.880
54.81000 144.753
54.82000 143.060
54.83000 141.902
54.84000 141.052
54.85000 140.439
54.86000 139.848
54.87000 140.154
54.88000 140.922
54.89000 141.657
54.90000 144.069
54.91000 146.867
54.92000 149.232
54.93000 147.679
54.94000 145.190
54.95000 143.323
54.96000 144.954
54.97000 147.131
54.98000 148.878
54.99000 149.458
55.00000 149.840
55.01000 150.228
55.02000 150.634
55.03000 151.040
55.04000 151.760
55.05000 153.022
55.06000 154.293
55.07000 154.975
55.08000 149.503
55.09000 145.779
55.10000 145.566
55.11000 147.996
55.12000 150.452
55.13000 153.876
55.14000 157.792
55.15000 161.534
55.16000 164.519
55.17000 167.051
55.18000 169.194
55.19000 167.897
55.20000 165.791
55.21000 164.154
55.22000 165.107
55.23000 166.455
55.24000 167.534
55.25000 161.800
55.26000 156.657
55.27000 154.578
55.28000 160.144
55.29000 166.073
55.30000 168.075
55.31000 163.391
55.32000 158.595
55.33000 156.042
55.34000 161.180
55.35000 164.693
55.36000 169.871
55.37000 176.282
55.38000 182.614
55.39000 186.108
55.40000 188.179
55.41000 190.155
55.42000 192.669
55.43000 195.173
55.44000 197.670
55.45000 200.107
55.46000 202.530
55.47000 205.744
55.48000 213.251
55.49000 221.404
55.50000 227.904
55.51000 241.815
55.52000 253.580
55.53000 262.289
55.54000 263.486
55.55000 264.337
55.56000 268.627
55.57000 278.688
55.58000 288.839
55.59000 294.200
55.60000 309.918
55.61000 320.613
55.62000 334.039
55.63000 349.457
55.64000 364.700
55.65000 373.860
55.66000 380.017
55.67000 385.886
55.68000 398.707
55.69000 412.771
55.70000 425.889
55.71000 430.949
55.72000 434.171
55.73000 438.902
55.74000 451.695
55.75000 465.680
55.76000 476.792
55.77000 472.501
55.78000 467.951
55.79000 466.001
55.80000 470.352
55.81000 474.985
55.82000 479.700
55.83000 484.554
55.84000 489.409
55.85000 491.953
55.86000 494.722
55.87000 496.582
55.88000 496.322
55.89000 494.537
55.90000 492.497
55.91000 481.944
55.92000 467.248
55.93000 453.262
55.94000 448.434
55.95000 446.788
55.96000 444.802
55.97000 439.979
55.98000 434.519
55.99000 429.518
56.00000 426.931
56.01000 424.693
56.02000 422.922
56.03000 403.180
56.04000 386.064
56.05000 370.255
56.06000 357.562
56.07000 345.004
56.08000 336.308
56.09000 333.902
56.10000 331.585
56.11000 330.381
56.12000 318.250
56.13000 310.038
56.14000 299.536
56.15000 287.416
56.16000 275.642
56.17000 274.975
56.18000 279.635
56.19000 284.064
56.20000 273.174
56.21000 258.467
56.22000 244.818
56.23000 239.836
56.24000 236.768
56.25000 233.351
56.26000 228.125
56.27000 222.640
56.28000 218.313
56.29000 213.724
56.30000 210.024
56.31000 205.910
56.32000 200.819
56.33000 195.686
56.34000 195.131
56.35000 201.923
56.36000 208.812
56.37000 212.364
56.38000 198.749
56.39000 189.614
56.40000 185.302
56.41000 184.352
56.42000 183.343
56.43000 180.524
56.44000 176.849
56.45000 173.362
56.46000 174.309
56.47000 176.506
56.48000 178.129
56.49000 175.144
56.50000 171.156
56.51000 167.524
56.52000 165.706
56.53000 164.143
56.54000 162.913
56.55000 158.908
56.56000 155.517
56.57000 153.903
56.58000 156.410
56.59000 159.085
56.60000 158.346
56.61000 152.213
56.62000 146.012
56.63000 142.841
56.64000 148.440
56.65000 152.155
56.66000 150.352
56.67000 144.764
56.68000 139.345
56.69000 138.982
56.70000 140.975
56.71000 142.864
56.72000 139.863
56.73000 135.663
56.74000 132.281
56.75000 135.351
56.76000 139.801
56.77000 143.337
56.78000 142.293
56.79000 140.619
56.80000 139.307
56.81000 138.852
56.82000 138.543
56.83000 137.520
56.84000 134.865
56.85000 132.146
56.86000 130.198
56.87000 129.451
56.88000 128.718
56.89000 128.346
56.90000 136.320
56.91000 141.627
56.92000 143.096
56.93000 141.973
56.94000 140.833
56.95000 139.212
56.96000 137.372
56.97000 135.630
56.98000 136.155
56.99000 137.292
57.00000 138.499
57.01000 140.247
57.02000 142.109
57.03000 142.997
57.04000 139.084
57.05000 134.522
57.06000 130.962
57.07000 136.436
57.08000 141.370
57.09000 143.645
57.10000 139.925
57.11000 135.979
57.12000 133.237
57.13000 132.342
57.14000 131.466
57.15000 131.026
57.16000 132.145
57.17000 132.908
57.18000 135.352
57.19000 138.914
57.20000 142.309
57.21000 141.101
57.22000 137.810
57.23000 134.700
57.24000 133.193
57.25000 132.263
57.26000 131.593
57.27000 132.886
57.28000 134.587
57.29000 135.809
57.30000 134.705
57.31000 133.293
57.32000 132.195
57.33000 133.168
57.34000 134.070
57.35000 135.725
57.36000 139.057
57.37000 142.451
57.38000 140.887
57.39000 131.835
57.40000 122.706
57.41000 122.061
57.42000 129.858
57.43000 137.588
57.44000 139.097
57.45000 136.526
57.46000 133.934
57.47000 130.765
57.48000 127.339
57.49000 124.106
57.50000 125.959
57.51000 129.078
57.52000 131.743
57.53000 131.018
57.54000 129.600
57.55000 128.958
57.56000 132.023
57.57000 135.570
57.58000 138.319
57.59000 131.844
57.60000 126.150
57.61000 122.741
57.62000 124.337
57.63000 126.110
57.64000 128.343
57.65000 131.259
57.66000 134.182
57.67000 133.463
57.68000 129.181
57.69000 124.953
57.70000 125.373
57.71000 128.795
57.72000 131.997
57.73000 129.476
57.74000 124.439
57.75000 119.694
57.76000 119.338
57.77000 120.219
57.78000 121.318
57.79000 124.009
57.80000 127.020
57.81000 129.879
57.82000 132.022
57.83000 134.072
57.84000 135.656
57.85000 131.368
57.86000 127.627
57.87000 126.554
57.88000 131.242
57.89000 136.125
57.90000 137.121
57.91000 132.417
57.92000 127.664
57.93000 128.069
57.94000 133.433
57.95000 138.743
57.96000 139.567
57.97000 137.538
57.98000 135.558
57.99000 134.819
58.00000 134.619
58.01000 134.430
58.02000 130.121
58.03000 125.070
58.04000 120.673
58.05000 120.981
58.06000 122.219
58.07000 123.676
58.08000 126.149
58.09000 128.750
58.10000 130.751
58.11000 128.644
58.12000 126.745
58.13000 124.766
58.14000 122.619
58.15000 120.467
58.16000 120.934
58.17000 125.186
58.18000 129.468
58.19000 129.151
58.20000 124.488
58.21000 119.885
58.22000 119.993
58.23000 123.053
58.24000 125.962
58.25000 125.213
58.26000 122.903
58.27000 120.732
58.28000 122.037
58.29000 124.150
58.30000 126.305
58.31000 128.749
58.32000 131.250
58.33000 131.910
58.34000 124.194
58.35000 115.446
58.36000 108.743
58.37000 114.571
58.38000 119.864
58.39000 124.409
58.40000 127.385
58.41000 130.311
58.42000 130.517
58.43000 126.855
58.44000 123.164
58.45000 121.289
58.46000 121.104
58.47000 120.896
58.48000 119.070
58.49000 116.245
58.50000 113.685
58.51000 117.313
58.52000 123.546
58.53000 129.391
58.54000 130.932
58.55000 131.209
58.56000 131.129
58.57000 128.571
58.58000 125.539
58.59000 123.415
58.60000 125.366
58.61000 127.809
58.62000 129.674
58.63000 129.187
58.64000 128.676
58.65000 129.121
58.66000 131.540
58.67000 134.019
58.68000 133.125
58.69000 127.506
58.70000 121.857
58.71000 123.586
58.72000 132.057
58.73000 140.428
58.74000 141.859
58.75000 139.069
58.76000 136.193
58.77000 131.353
58.78000 125.699
58.79000 120.407
58.80000 124.487
58.81000 130.609
58.82000 135.827
58.83000 134.892
58.84000 132.798
58.85000 130.901
58.86000 129.868
58.87000 128.937
58.88000 128.229
58.89000 125.529
58.90000 123.301
58.91000 121.227
58.92000 119.467
58.93000 117.717
58.94000 116.733
58.95000 116.804
58.96000 116.882
58.97000 120.158
58.98000 126.305
58.99000 132.368
59.00000 132.986
59.01000 130.341
59.02000 127.585
59.03000 122.396
59.04000 116.211
59.05000 110.431
59.06000 112.322
59.07000 115.979
59.08000 119.043
59.09000 118.135
59.10000 116.491
59.11000 114.837
59.12000 113.139
59.13000 111.436
59.14000 110.146
59.15000 112.717
59.16000 114.931
59.17000 117.575
59.18000 121.079
59.19000 124.607
59.20000 127.264
59.21000 128.738
59.22000 130.204
59.23000 128.129
59.24000 122.924
59.25000 117.816
59.26000 118.607
59.27000 122.883
59.28000 127.018
59.29000 128.135
59.30000 128.035
59.31000 127.943
59.32000 128.180
59.33000 128.477
59.34000 128.259
59.35000 124.659
59.36000 120.443
59.37000 117.091
59.38000 117.433
59.39000 118.196
59.40000 118.771
59.41000 116.628
59.42000 114.814
59.43000 115.301
59.44000 120.337
59.45000 125.497
59.46000 127.460
59.47000 125.150
59.48000 122.819
59.49000 122.866
59.50000 124.979
59.51000 127.019
59.52000 124.852
59.53000 120.237
59.54000 115.869
59.55000 116.610
59.56000 119.383
59.57000 121.965
59.58000 122.502
59.59000 122.488
59.60000 122.602
59.61000 123.548
59.62000 124.644
59.63000 124.796
59.64000 120.977
59.65000 116.715
59.66000 113.512
59.67000 114.410
59.68000 115.309
59.69000 117.078
59.70000 120.541
59.71000 124.048
59.72000 125.458
59.73000 124.108
59.74000 122.747
59.75000 122.533
59.76000 123.302
59.77000 124.041
59.78000 123.141
59.79000 121.301
59.80000 119.538
59.81000 119.295
59.82000 119.647
59.83000 119.975
59.84000 119.527
59.85000 118.935
59.86000 118.723
59.87000 120.920
59.88000 123.542
59.89000 124.687
59.90000 119.706
59.91000 114.055
59.92000 109.824
59.93000 115.897
59.94000 121.117
59.95000 124.607
59.96000 124.774
59.97000 124.859
59.98000 123.000
59.99000 118.622
60.00000 114.238
60.01000 113.259
60.02000 115.146
60.03000 117.025
60.04000 118.415
60.05000 119.529
60.06000 120.696
60.07000 122.878
60.08000 125.452
60.09000 127.842
60.10000 124.701
60.11000 120.560
60.12000 117.192
60.13000 118.648
60.14000 120.938
60.15000 123.381
60.16000 126.440
60.17000 129.565
60.18000 131.895
60.19000 129.501
60.20000 127.423
60.21000 124.874
60.22000 121.435
60.23000 117.975
60.24000 114.886
60.25000 112.270
60.26000 109.659
60.27000 111.365
60.28000 116.638
60.29000 121.905
60.30000 126.888
60.31000 131.712
60.32000 136.027
60.33000 130.696
60.34000 121.693
60.35000 113.351
60.36000 107.670
60.37000 103.177
60.38000 100.066
60.39000 105.437
60.40000 112.254
60.41000 117.578
60.42000 116.903
60.43000 115.597
60.44000 114.627
60.45000 114.737
60.46000 114.869
60.47000 114.921
60.48000 114.822
60.49000 114.720
60.50000 115.407
60.51000 117.085
60.52000 118.765
60.53000 118.806
60.54000 117.515
60.55000 116.275
60.56000 117.484
60.57000 120.036
60.58000 122.660
60.59000 126.607
60.60000 131.050
60.61000 135.160
60.62000 128.557
60.63000 120.174
60.64000 113.322
60.65000 115.704
60.66000 119.634
60.67000 122.102
60.68000 118.783
60.69000 114.869
60.70000 111.975
60.71000 114.275
60.72000 116.282
60.73000 117.675
60.74000 117.940
60.75000 118.181
60.76000 118.444
60.77000 118.736
60.78000 119.027
60.79000 121.703
60.80000 126.278
60.81000 130.763
60.82000 131.206
60.83000 129.465
60.84000 127.667
60.85000 124.851
60.86000 121.659
60.87000 118.711
60.88000 120.197
60.89000 122.528
60.90000 124.544
60.91000 124.688
60.92000 124.524
60.93000 124.871
60.94000 127.211
60.95000 129.752
60.96000 131.624
60.97000 122.764
60.98000 115.460
60.99000 110.962
61.00000 111.550
61.01000 112.242
61.02000 114.788
61.03000 119.587
61.04000 124.383
61.05000 126.287
61.06000 125.905
61.07000 125.554
61.08000 126.528
61.09000 128.210
61.10000 129.871
61.11000 131.174
61.12000 132.346
61.13000 133.427
61.14000 128.437
61.15000 122.626
61.16000 118.111
61.17000 121.150
61.18000 125.411
61.19000 128.787
61.20000 128.758
61.21000 128.393
61.22000 128.125
61.23000 129.930
61.24000 131.407
61.25000 131.210
61.26000 128.022
61.27000 124.776
61.28000 122.901
61.29000 122.669
61.30000 122.441
61.31000 124.772
61.32000 129.075
61.33000 133.241
61.34000 131.726
61.35000 127.231
61.36000 123.106
61.37000 125.284
61.38000 129.725
61.39000 133.811
61.40000 132.792
61.41000 130.772
61.42000 129.387
61.43000 131.648
61.44000 134.490
61.45000 137.860
61.46000 143.231
61.47000 148.795
61.48000 152.858
61.49000 161.596
61.50000 168.515
61.51000 178.804
61.52000 195.025
61.53000 211.357
61.54000 230.029
61.55000 251.458
61.56000 272.839
61.57000 290.397
61.58000 304.934
61.59000 319.686
61.60000 342.989
61.61000 370.715
61.62000 397.666
61.63000 411.808
61.64000 421.418
61.65000 430.242
61.66000 451.820
61.67000 473.799
61.68000 491.029
61.69000 481.488
61.70000 467.761
61.71000 457.275
61.72000 458.874
61.73000 461.616
61.74000 463.609
61.75000 445.214
61.76000 430.290
61.77000 412.391
61.78000 389.332
61.79000 366.181
61.80000 343.049
61.81000 319.940
61.82000 296.893
61.83000 271.763
61.84000 245.239
61.85000 219.004
61.86000 203.733
61.87000 194.051
61.88000 184.476
61.89000 176.603
61.90000 169.325
61.91000 162.653
61.92000 159.962
61.93000 158.401
61.94000 156.102
61.95000 149.713
61.96000 142.695
61.97000 137.348
61.98000 138.142
61.99000 139.505
62.00000 140.492
62.01000 144.374
62.02000 147.461
62.03000 147.558
62.04000 142.547
62.05000 137.449
62.06000 136.004
62.07000 138.725
62.08000 141.443
62.09000 142.955
62.10000 143.567
62.11000 144.158
62.12000 143.992
62.13000 143.445
62.14000 142.816
62.15000 140.897
62.16000 138.535
62.17000 136.374
62.18000 138.359
62.19000 140.981
62.20000 143.070
62.21000 142.257
62.22000 141.006
62.23000 140.650
62.24000 143.538
62.25000 146.720
62.26000 149.014
62.27000 148.483
62.28000 147.976
62.29000 147.776
62.30000 148.092
62.31000 148.417
62.32000 146.442
62.33000 141.887
62.34000 137.344
62.35000 135.762
62.36000 136.341
62.37000 136.953
62.38000 138.719
62.39000 141.056
62.40000 143.477
62.41000 147.177
62.42000 151.309
62.43000 155.082
62.44000 156.668
62.45000 157.633
62.46000 157.428
62.47000 150.951
62.48000 143.544
62.49000 138.085
62.50000 139.573
62.51000 141.677
62.52000 143.187
62.53000 143.839
62.54000 144.307
62.55000 144.726
62.56000 145.063
62.57000 145.399
62.58000 144.849
62.59000 143.323
62.60000 141.803
62.61000 143.267
62.62000 146.851
62.63000 150.289
62.64000 148.849
62.65000 145.028
62.66000 141.456
62.67000 141.598
62.68000 142.980
62.69000 144.239
62.70000 143.387
62.71000 142.211
62.72000 141.394
62.73000 142.477
62.74000 143.837
62.75000 144.849
62.76000 144.641
62.77000 144.327
62.78000 144.102
62.79000 142.565
62.80000 141.348
62.81000 141.477
62.82000 143.804
62.83000 146.163
62.84000 148.414
62.85000 150.547
62.86000 152.671
62.87000 152.426
62.88000 150.520
62.89000 148.752
62.90000 151.465
62.91000 156.333
62.92000 160.643
62.93000 156.860
62.94000 150.414
62.95000 144.551
62.96000 144.204
62.97000 144.980
62.98000 145.773
62.99000 146.660
63.00000 147.560
63.01000 148.043
63.02000 147.083
63.03000 146.001
63.04000 145.231
63.05000 142.236
63.06000 139.885
63.07000 138.060
63.08000 137.083
63.09000 136.117
63.10000 138.781
63.11000 145.323
63.12000 151.836
63.13000 154.667
63.14000 154.922
63.15000 155.120
63.16000 153.518
63.17000 151.063
63.18000 148.723
63.19000 148.016
63.20000 147.837
63.21000 147.675
63.22000 145.472
63.23000 143.133
63.24000 141.301
63.25000 142.065
63.26000 143.192
63.27000 144.114
63.28000 144.333
63.29000 144.494
63.30000 144.608
63.31000 143.604
63.32000 142.807
63.33000 143.509
63.34000 146.587
63.35000 149.696
63.36000 150.564
63.37000 149.078
63.38000 147.599
63.39000 144.708
63.40000 140.890
63.41000 137.145
63.42000 135.592
63.43000 135.065
63.44000 134.943
63.45000 140.437
63.46000 147.725
63.47000 154.327
63.48000 151.374
63.49000 146.962
63.50000 143.143
63.51000 142.310
63.52000 141.889
63.53000 143.935
63.54000 154.269
63.55000 165.274
63.56000 173.028
63.57000 162.717
63.58000 154.357
63.59000 149.461
63.60000 149.976
63.61000 150.555
63.62000 151.797
63.63000 153.725
63.64000 155.642
63.65000 152.326
63.66000 145.546
63.67000 139.041
63.68000 140.472
63.69000 145.559
63.70000 150.219
63.71000 149.110
63.72000 146.183
63.73000 143.538
63.74000 146.276
63.75000 149.687
63.76000 152.615
63.77000 153.157
63.78000 153.375
63.79000 154.189
63.80000 156.973
63.81000 159.914
63.82000 161.975
63.83000 161.345
63.84000 160.790
63.85000 159.433
63.86000 156.842
63.87000 154.238
63.88000 154.566
63.89000 157.873
63.90000 161.161
63.91000 162.340
63.92000 162.113
63.93000 161.847
63.94000 160.477
63.95000 158.606
63.96000 157.060
63.97000 159.791
63.98000 163.849
63.99000 167.510
64.00000 161.810
64.01000 155.092
64.02000 149.995
64.03000 152.786
64.04000 156.627
64.05000 159.581
64.06000 159.641
64.07000 159.478
64.08000 159.363
64.09000 162.947
64.10000 165.756
64.11000 165.455
64.12000 160.438
64.13000 155.373
64.14000 153.884
64.15000 155.966
64.16000 158.034
64.17000 157.316
64.18000 154.801
64.19000 152.487
64.20000 155.608
64.21000 161.160
64.22000 166.572
64.23000 170.184
64.24000 173.247
64.25000 176.003
64.26000 174.786
64.27000 173.005
64.28000 171.433
64.29000 170.862
64.30000 170.422
64.31000 170.736
64.32000 173.473
64.33000 176.393
64.34000 178.422
64.35000 183.339
64.36000 187.121
64.37000 187.834
64.38000 183.963
64.39000 180.049
64.40000 176.144
64.41000 172.251
64.42000 168.383
64.43000 168.626
64.44000 171.487
64.45000 174.352
64.46000 177.323
64.47000 180.340
64.48000 182.949
64.49000 180.436
64.50000 176.381
64.51000 172.738
64.52000 174.615
64.53000 177.231
64.54000 179.688
64.55000 181.390
64.56000 182.996
64.57000 185.541
64.58000 191.064
64.59000 196.806
64.60000 200.776
64.61000 196.439
64.62000 192.963
64.63000 192.458
64.64000 196.324
64.65000 200.229
64.66000 199.528
64.67000 194.382
64.68000 189.273
64.69000 186.525
64.70000 185.303
64.71000 184.282
64.72000 188.339
64.73000 194.604
64.74000 200.226
64.75000 197.937
64.76000 193.300
64.77000 189.144
64.78000 190.205
64.79000 192.035
64.80000 194.672
64.81000 201.050
64.82000 207.899
64.83000 213.325
64.84000 214.311
64.85000 214.978
64.86000 215.437
64.87000 212.942
64.88000 210.997
64.89000 211.938
64.90000 217.059
64.91000 222.213
64.92000 225.845
64.93000 228.032
64.94000 230.201
64.95000 230.386
64.96000 229.341
64.97000 228.574
64.98000 234.606
64.99000 243.550
65.00000 251.708
65.01000 250.423
65.02000 246.376
65.03000 242.756
65.04000 248.101
65.05000 254.287
65.06000 260.808
65.07000 268.854
65.08000 277.090
65.09000 282.657
65.10000 280.021
65.11000 276.808
65.12000 274.608
65.13000 286.898
65.14000 296.446
65.15000 307.639
65.16000 321.180
65.17000 334.737
65.18000 344.741
65.19000 351.428
65.20000 358.060
65.21000 371.804
65.22000 389.621
65.23000 406.972
65.24000 413.345
65.25000 415.081
65.26000 417.326
65.27000 425.550
65.28000 435.497
65.29000 444.375
65.30000 466.553
65.31000 488.081
65.32000 507.463
65.33000 517.196
65.34000 525.760
65.35000 536.338
65.36000 553.022
65.37000 570.125
65.38000 581.775
65.39000 593.986
65.40000 603.122
65.41000 611.674
65.42000 619.406
65.43000 627.134
65.44000 637.861
65.45000 651.343
65.46000 664.705
65.47000 675.175
65.48000 683.712
65.49000 691.979
65.50000 694.083
65.51000 693.622
65.52000 693.782
65.53000 701.066
65.54000 710.373
65.55000 718.662
65.56000 726.637
65.57000 733.514
65.58000 739.764
65.59000 743.229
65.60000 746.364
65.61000 756.165
65.62000 785.881
65.63000 816.927
65.64000 837.970
65.65000 882.720
65.66000 916.606
65.67000 971.517
65.68000 1055.515
65.69000 1139.717
65.70000 1254.703
65.71000 1397.492
65.72000 1538.931
65.73000 1731.249
65.74000 1949.610
65.75000 2168.100
65.76000 2389.426
65.77000 2611.915
65.78000 2828.509
65.79000 2978.880
65.80000 3110.728
65.81000 3227.872
65.82000 3327.794
65.83000 3411.682
65.84000 3485.858
65.85000 3517.695
65.86000 3544.598
65.87000 3564.541
65.88000 3563.996
65.89000 3562.115
65.90000 3560.847
65.91000 3478.230
65.92000 3415.046
65.93000 3316.423
65.94000 3169.520
65.95000 3022.310
65.96000 2842.068
65.97000 2632.476
65.98000 2424.990
65.99000 2204.393
66.00000 1980.937
66.01000 1758.610
66.02000 1560.548
66.03000 1372.300
66.04000 1189.830
66.05000 1070.856
66.06000 969.380
66.07000 879.425
66.08000 797.793
66.09000 728.437
66.10000 666.886
66.11000 638.835
66.12000 614.612
66.13000 592.879
66.14000 578.370
66.15000 564.321
66.16000 554.894
66.17000 544.759
66.18000 537.220
66.19000 536.438
66.20000 544.719
66.21000 553.042
66.22000 557.029
66.23000 557.226
66.24000 557.420
66.25000 573.673
66.26000 598.722
66.27000 624.370
66.28000 662.515
66.29000 705.642
66.30000 748.371
66.31000 786.815
66.32000 824.096
66.33000 857.069
66.34000 889.086
66.35000 916.607
66.36000 942.169
66.37000 959.453
66.38000 975.810
66.39000 988.905
66.40000 992.677
66.41000 995.872
66.42000 998.005
66.43000 1003.841
66.44000 1008.236
66.45000 1005.624
66.46000 993.759
66.47000 981.849
66.48000 968.394
66.49000 953.612
66.50000 938.996
66.51000 904.852
66.52000 860.552
66.53000 816.303
66.54000 773.091
66.55000 730.286
66.56000 687.954
66.57000 650.591
66.58000 614.558
66.59000 582.762
66.60000 566.385
66.61000 554.610
66.62000 542.776
66.63000 530.701
66.64000 518.599
66.65000 509.265
66.66000 507.728
66.67000 506.662
66.68000 505.954
66.69000 486.187
66.70000 471.223
66.71000 465.169
66.72000 470.702
66.73000 476.278
66.74000 479.291
66.75000 480.134
66.76000 480.967
66.77000 480.249
66.78000 478.691
66.79000 477.184
66.80000 476.662
66.81000 476.521
66.82000 476.682
66.83000 479.947
66.84000 484.029
66.85000 487.623
66.86000 487.695
66.87000 487.229
66.88000 486.627
66.89000 485.470
66.90000 484.253
66.91000 485.079
66.92000 491.577
66.93000 498.408
66.94000 502.920
66.95000 498.242
66.96000 494.629
66.97000 492.109
66.98000 490.986
66.99000 489.871
67.00000 489.592
67.01000 490.011
67.02000 490.425
67.03000 497.138
67.04000 507.104
67.05000 516.801
67.06000 521.386
67.07000 524.018
67.08000 526.206
67.09000 523.907
67.10000 520.444
67.11000 517.403
67.12000 514.769
67.13000 512.564
67.14000 511.530
67.15000 515.220
67.16000 519.407
67.17000 522.890
67.18000 524.441
67.19000 525.882
67.20000 526.829
67.21000 524.500
67.22000 522.731
67.23000 524.150
67.24000 529.585
67.25000 535.026
67.26000 537.529
67.27000 537.622
67.28000 537.714
67.29000 534.854
67.30000 530.490
67.31000 526.298
67.32000 525.281
67.33000 525.460
67.34000 526.249
67.35000 533.076
67.36000 541.446
67.37000 548.779
67.38000 547.697
67.39000 545.555
67.40000 544.342
67.41000 546.821
67.42000 549.681
67.43000 552.857
67.44000 556.885
67.45000 560.960
67.46000 563.623
67.47000 561.915
67.48000 560.590
67.49000 564.554
67.50000 575.077
67.51000 585.594
67.52000 587.110
67.53000 581.365
67.54000 575.701
67.55000 573.280
67.56000 572.637
67.57000 572.199
67.58000 575.462
67.59000 580.097
67.60000 584.947
67.61000 591.880
67.62000 599.337
67.63000 605.854
67.64000 608.870
67.65000 610.956
67.66000 612.254
67.67000 610.462
67.68000 608.356
67.69000 607.538
67.70000 610.142
67.71000 612.930
67.72000 614.742
67.73000 605.655
67.74000 598.829
67.75000 597.957
67.76000 604.353
67.77000 610.758
67.78000 614.511
67.79000 616.159
67.80000 617.782
67.81000 619.872
67.82000 622.144
67.83000 624.499
67.84000 628.329
67.85000 632.698
67.86000 636.179
67.87000 631.229
67.88000 624.190
67.89000 618.054
67.90000 625.706
67.91000 634.162
67.92000 642.320
67.93000 649.324
67.94000 656.214
67.95000 663.263
67.96000 670.728
67.97000 678.214
67.98000 683.053
67.99000 676.314
68.00000 671.218
68.01000 667.682
68.02000 666.018
68.03000 664.360
68.04000 662.934
68.05000 661.690
68.06000 660.465
68.07000 665.436
68.08000 673.416
68.09000 681.086
68.10000 683.468
68.11000 683.944
68.12000 685.369
68.13000 695.607
68.14000 707.996
68.15000 718.770
68.16000 714.935
68.17000 709.670
68.18000 706.821
68.19000 713.144
68.20000 720.358
68.21000 727.402
68.22000 734.011
68.23000 740.598
68.24000 744.831
68.25000 740.717
68.26000 737.601
68.27000 744.786
68.28000 764.151
68.29000 783.479
68.30000 789.038
68.31000 784.000
68.32000 779.045
68.33000 780.503
68.34000 785.138
68.35000 790.096
68.36000 800.413
68.37000 812.634
68.38000 823.857
68.39000 825.997
68.40000 825.953
68.41000 825.914
68.42000 839.432
68.43000 852.758
68.44000 866.385
68.45000 881.139
68.46000 896.000
68.47000 910.207
68.48000 922.751
68.49000 935.213
68.50000 943.177
68.51000 975.664
68.52000 999.631
68.53000 1016.216
68.54000 1024.211
68.55000 1032.243
68.56000 1050.653
68.57000 1076.926
68.58000 1102.752
68.59000 1137.009
68.60000 1174.297
68.61000 1212.847
68.62000 1271.820
68.63000 1337.940
68.64000 1404.331
68.65000 1473.140
68.66000 1542.522
68.67000 1602.556
68.68000 1699.161
68.69000 1786.083
68.70000 1874.012
68.71000 1965.646
68.72000 2057.625
68.73000 2142.854
68.74000 2211.143
68.75000 2278.617
68.76000 2321.496
68.77000 2413.352
68.78000 2480.668
68.79000 2566.183
68.80000 2672.528
68.81000 2779.028
68.82000 2911.118
68.83000 3062.295
68.84000 3210.784
68.85000 3383.382
68.86000 3561.765
68.87000 3750.254
68.88000 4098.041
68.89000 4500.766
68.90000 4946.673
68.91000 5770.662
68.92000 6682.786
68.93000 7470.002
68.94000 10136.367
68.95000 12640.669
68.96000 15620.716
68.97000 20328.018
68.98000 25192.615
68.99000 30545.893
69.00000 37107.984
69.01000 43726.426
69.02000 47908.234
69.03000 56294.570
69.04000 62420.602
69.05000 67382.906
69.06000 71034.758
69.07000 74678.656
69.08000 77136.508
69.09000 78723.297
69.10000 80280.586
69.11000 81550.516
69.12000 82637.398
69.13000 83734.117
69.14000 84981.984
69.15000 86281.234
69.16000 87493.211
69.17000 87955.891
69.18000 88246.602
69.19000 88496.852
69.20000 86956.867
69.21000 85426.672
69.22000 83381.375
69.23000 79493.750
69.24000 75441.969
69.25000 71000.492
69.26000 65608.852
69.27000 60174.266
69.28000 56760.363
69.29000 51690.383
69.30000 48006.668
69.31000 45368.691
69.32000 43889.180
69.33000 42413.121
69.34000 41364.520
69.35000 40625.043
69.36000 39899.934
69.37000 38685.711
69.38000 37285.805
69.39000 35840.281
69.40000 33711.645
69.41000 31354.191
69.42000 28918.375
69.43000 25822.699
69.44000 22577.910
69.45000 19792.037
69.46000 16272.577
69.47000 13206.345
69.48000 10402.879
69.49000 8525.333
69.50000 6728.481
69.51000 5219.301
69.52000 4401.444
69.53000 3613.874
69.54000 3122.035
69.55000 2687.626
69.56000 2374.878
69.57000 2141.241
69.58000 1993.812
69.59000 1846.564
69.60000 1719.757
69.61000 1607.508
69.62000 1497.534
69.63000 1437.068
69.64000 1401.898
69.65000 1365.562
69.66000 1312.204
69.67000 1253.227
69.68000 1195.193
69.69000 1144.950
69.70000 1096.441
69.71000 1054.902
69.72000 1035.514
69.73000 1021.840
69.74000 1004.132
69.75000 972.419
69.76000 939.513
69.77000 911.306
69.78000 894.234
69.79000 877.634
69.80000 867.329
69.81000 852.109
69.82000 841.107
69.83000 817.716
69.84000 781.047
69.85000 744.575
69.86000 734.862
69.87000 743.916
69.88000 752.778
69.89000 737.316
69.90000 711.354
69.91000 686.638
69.92000 679.657
69.93000 678.447
69.94000 675.833
69.95000 661.843
69.96000 645.363
69.97000 631.288
69.98000 638.508
69.99000 647.122
70.00000 649.889
