20.00000 480.497
20.01000 479.541
20.02000 478.450
20.03000 480.251
20.04000 493.459
20.05000 507.835
20.06000 518.451
20.07000 503.712
20.08000 491.212
20.09000 484.211
20.10000 487.278
20.11000 490.561
20.12000 486.716
20.13000 474.104
20.14000 461.490
20.15000 462.190
20.16000 473.496
20.17000 484.643
20.18000 488.693
20.19000 488.923
20.20000 489.456
20.21000 495.373
20.22000 503.272
20.23000 510.562
20.24000 505.544
20.25000 498.289
20.26000 491.678
20.27000 488.858
20.28000 486.659
20.29000 483.220
20.30000 474.966
20.31000 466.230
20.32000 459.805
20.33000 467.545
20.34000 474.115
20.35000 476.303
20.36000 470.584
20.37000 464.703
20.38000 467.891
20.39000 482.058
20.40000 496.222
20.41000 500.176
20.42000 496.107
20.43000 492.073
20.44000 489.478
20.45000 487.648
20.46000 485.670
20.47000 481.150
20.48000 475.707
20.49000 470.694
20.50000 476.215
20.51000 483.474
20.52000 488.915
20.53000 483.810
20.54000 477.005
20.55000 472.579
20.56000 477.251
20.57000 482.815
20.58000 486.890
20.59000 484.714
20.60000 482.785
20.61000 480.482
20.62000 477.514
20.63000 474.533
20.64000 474.712
20.65000 478.658
20.66000 482.601
20.67000 486.711
20.68000 490.924
20.69000 495.087
20.70000 497.169
20.71000 498.164
20.72000 498.665
20.73000 490.867
20.74000 480.102
20.75000 470.203
20.76000 473.576
20.77000 479.462
20.78000 484.078
20.79000 481.456
20.80000 477.688
20.81000 475.424
20.82000 478.829
20.83000 482.779
20.84000 485.659
20.85000 480.944
20.86000 477.018
20.87000 472.895
20.88000 468.427
20.89000 463.953
20.90000 464.608
20.91000 471.277
20.92000 477.939
20.93000 483.172
20.94000 487.290
20.95000 491.329
20.96000 492.299
20.97000 491.689
20.98000 491.119
20.99000 491.215
21.00000 491.546
21.01000 491.851
21.02000 484.221
21.03000 475.730
21.04000 468.725
21.05000 470.055
21.06000 472.682
21.07000 473.966
21.08000 470.264
21.09000 466.093
21.10000 463.064
21.11000 470.702
21.12000 476.974
21.13000 480.733
21.14000 480.152
21.15000 479.495
21.16000 479.691
21.17000 480.873
21.18000 482.053
21.19000 483.681
21.20000 485.633
21.21000 487.411
21.22000 482.715
21.23000 474.731
21.24000 467.336
21.25000 469.333
21.26000 474.593
21.27000 479.410
21.28000 477.081
21.29000 473.512
21.30000 470.202
21.31000 468.319
21.32000 466.653
21.33000 466.761
21.34000 473.355
21.35000 480.546
21.36000 485.744
21.37000 477.370
21.38000 470.452
21.39000 467.867
21.40000 472.655
21.41000 477.565
21.42000 482.660
21.43000 487.964
21.44000 493.252
21.45000 493.258
21.46000 489.386
21.47000 485.614
21.48000 485.461
21.49000 487.117
21.50000 488.592
21.51000 487.233
21.52000 484.906
21.53000 482.778
21.54000 473.792
21.55000 464.398
21.56000 457.489
21.57000 464.069
21.58000 472.675
21.59000 480.153
21.60000 483.570
21.61000 486.620
21.62000 488.815
21.63000 488.886
21.64000 488.866
21.65000 485.137
21.66000 475.194
21.67000 465.152
21.68000 462.933
21.69000 469.448
21.70000 475.947
21.71000 482.710
21.72000 489.606
21.73000 496.239
21.74000 493.823
21.75000 486.944
21.76000 480.424
21.77000 479.358
21.78000 480.132
21.79000 480.838
21.80000 484.143
21.81000 487.600
21.82000 492.459
21.83000 504.799
21.84000 518.244
21.85000 528.829
21.86000 529.268
21.87000 528.813
21.88000 528.487
21.89000 528.683
21.90000 528.850
21.91000 530.046
21.92000 532.941
21.93000 535.861
21.94000 542.197
21.95000 552.283
21.96000 562.333
21.97000 570.944
21.98000 578.452
21.99000 586.063
22.00000 597.069
22.01000 609.727
22.02000 621.180
22.03000 614.844
22.04000 602.594
22.05000 591.436
22.06000 600.398
22.07000 612.327
22.08000 622.623
22.09000 624.340
22.10000 624.813
22.11000 623.913
22.12000 618.212
22.13000 612.097
22.14000 607.736
22.15000 625.450
22.16000 639.683
22.17000 644.503
22.18000 634.010
22.19000 623.302
22.20000 615.373
22.21000 610.447
22.22000 605.542
22.23000 599.747
22.24000 593.389
22.25000 587.101
22.26000 583.058
22.27000 580.091
22.28000 576.722
22.29000 567.574
22.30000 556.533
22.31000 546.497
22.32000 554.745
22.33000 565.604
22.34000 572.534
22.35000 559.169
22.36000 542.914
22.37000 528.813
22.38000 522.131
22.39000 516.073
22.40000 511.772
22.41000 501.305
22.42000 493.145
22.43000 490.784
22.44000 497.718
22.45000 504.775
22.46000 505.088
22.47000 498.234
22.48000 491.411
22.49000 484.215
22.50000 476.843
22.51000 469.813
22.52000 473.342
22.53000 481.856
22.54000 489.502
22.55000 484.936
22.56000 476.428
22.57000 468.711
22.58000 469.922
22.59000 472.703
22.60000 473.824
22.61000 466.510
22.62000 458.016
22.63000 451.678
22.64000 452.657
22.65000 454.240
22.66000 455.358
22.67000 454.161
22.68000 453.182
22.69000 453.612
22.70000 456.268
22.71000 458.952
22.72000 456.465
22.73000 448.572
22.74000 440.719
22.75000 441.163
22.76000 447.219
22.77000 453.129
22.78000 454.704
22.79000 454.262
22.80000 453.916
22.81000 454.891
22.82000 456.287
22.83000 457.550
22.84000 457.342
22.85000 456.883
22.86000 455.152
22.87000 447.066
22.88000 438.107
22.89000 432.525
22.90000 438.238
22.91000 444.859
22.92000 449.517
22.93000 457.975
22.94000 464.497
22.95000 466.139
22.96000 460.193
22.97000 454.158
22.98000 452.504
22.99000 455.353
23.00000 458.186
23.01000 458.906
23.02000 458.209
23.03000 457.352
23.04000 451.932
23.05000 444.418
23.06000 437.342
23.07000 436.128
23.08000 436.752
23.09000 437.316
23.10000 440.673
23.11000 444.142
23.12000 447.396
23.13000 449.594
23.14000 451.649
23.15000 451.517
23.16000 444.178
23.17000 436.271
23.18000 430.734
23.19000 442.232
23.20000 451.413
23.21000 453.879
23.22000 446.054
23.23000 438.117
23.24000 435.100
23.25000 437.052
23.26000 438.993
23.27000 439.917
23.28000 440.161
23.29000 440.272
23.30000 436.693
23.31000 431.447
23.32000 426.187
23.33000 420.748
23.34000 415.254
23.35000 410.301
23.36000 425.540
23.37000 442.587
23.38000 456.415
23.39000 454.644
23.40000 450.809
23.41000 446.497
23.42000 440.640
23.43000 434.664
23.44000 430.499
23.45000 427.910
23.46000 426.000
23.47000 429.483
23.48000 441.104
23.49000 452.808
23.50000 452.804
23.51000 441.169
23.52000 429.608
23.53000 430.500
23.54000 439.413
23.55000 448.121
23.56000 451.342
23.57000 452.119
23.58000 452.653
23.59000 450.073
23.60000 446.546
23.61000 443.372
23.62000 442.669
23.63000 442.495
23.64000 441.901
23.65000 439.306
23.66000 436.450
23.67000 433.782
23.68000 431.712
23.69000 429.687
23.70000 428.282
23.71000 426.296
23.72000 424.784
23.73000 422.517
23.74000 419.129
23.75000 415.730
23.76000 414.338
23.77000 414.905
23.78000 415.468
23.79000 421.445
23.80000 430.767
23.81000 439.800
23.82000 441.416
23.83000 439.774
23.84000 438.011
23.85000 434.745
23.86000 431.029
23.87000 427.692
23.88000 432.261
23.89000 437.645
23.90000 441.370
23.91000 437.308
23.92000 432.253
23.93000 427.644
23.94000 424.440
23.95000 421.339
23.96000 419.199
23.97000 407.971
23.98000 399.303
23.99000 399.324
24.00000 412.068
24.01000 424.922
24.02000 428.971
24.03000 424.563
24.04000 420.188
24.05000 424.940
24.06000 435.316
24.07000 445.258
24.08000 444.363
24.09000 438.777
24.10000 433.527
24.11000 432.377
24.12000 432.438
24.13000 432.493
24.14000 430.844
24.15000 429.110
24.16000 427.022
24.17000 423.299
24.18000 419.370
24.19000 416.674
24.20000 417.804
24.21000 419.208
24.22000 420.172
24.23000 423.716
24.24000 426.436
24.25000 430.361
24.26000 436.024
24.27000 441.699
24.28000 439.689
24.29000 430.423
24.30000 421.229
24.31000 416.080
24.32000 413.508
24.33000 410.848
24.34000 406.068
24.35000 400.385
24.36000 396.016
24.37000 407.326
24.38000 423.203
24.39000 437.394
24.40000 434.773
24.41000 429.642
24.42000 425.144
24.43000 423.528
24.44000 422.265
24.45000 421.492
24.46000 422.218
24.47000 423.049
24.48000 423.617
24.49000 420.903
24.50000 418.795
24.51000 415.968
24.52000 412.120
24.53000 408.265
24.54000 406.060
24.55000 405.388
24.56000 404.722
24.57000 401.648
24.58000 397.174
24.59000 393.087
24.60000 398.035
24.61000 406.782
24.62000 415.013
24.63000 417.228
24.64000 417.717
24.65000 418.154
24.66000 423.546
24.67000 429.061
24.68000 432.026
24.69000 423.579
24.70000 413.757
24.71000 407.943
24.72000 414.225
24.73000 421.329
24.74000 426.162
24.75000 421.121
24.76000 417.133
24.77000 414.097
24.78000 412.392
24.79000 410.696
24.80000 407.889
24.81000 404.067
24.82000 400.279
24.83000 405.124
24.84000 415.015
24.85000 424.302
24.86000 419.903
24.87000 409.831
24.88000 400.722
24.89000 402.607
24.90000 407.598
24.91000 412.039
24.92000 405.490
24.93000 398.008
24.94000 391.516
24.95000 389.384
24.96000 387.767
24.97000 389.022
24.98000 398.816
24.99000 409.177
25.00000 416.189
25.01000 424.487
25.02000 430.697
25.03000 429.020
25.04000 416.479
25.05000 403.877
25.06000 400.757
25.07000 406.159
25.08000 411.508
25.09000 417.605
25.10000 424.014
25.11000 430.030
25.12000 427.417
25.13000 421.280
25.14000 415.797
25.15000 417.614
25.16000 421.464
25.17000 424.882
25.18000 424.020
25.19000 422.586
25.20000 420.107
25.21000 413.095
25.22000 405.559
25.23000 400.959
25.24000 404.965
25.25000 409.528
25.26000 412.600
25.27000 413.115
25.28000 413.445
25.29000 412.300
25.30000 409.155
25.31000 405.999
25.32000 402.810
25.33000 399.593
25.34000 396.408
25.35000 400.068
25.36000 407.596
25.37000 414.664
25.38000 411.921
25.39000 405.228
25.40000 399.334
25.41000 402.165
25.42000 407.390
25.43000 412.019
25.44000 410.373
25.45000 407.961
25.46000 406.506
25.47000 409.141
25.48000 412.240
25.49000 414.346
25.50000 413.582
25.51000 412.637
25.52000 412.004
25.53000 410.070
25.54000 408.609
25.55000 406.744
25.56000 404.341
25.57000 401.937
25.58000 401.273
25.59000 402.124
25.60000 402.965
25.61000 402.590
25.62000 401.534
25.63000 400.573
25.64000 401.587
25.65000 403.386
25.66000 404.823
25.67000 402.402
25.68000 398.937
25.69000 395.875
25.70000 398.014
25.71000 400.664
25.72000 402.609
25.73000 401.585
25.74000 400.230
25.75000 400.664
25.76000 406.189
25.77000 412.026
25.78000 415.917
25.79000 408.185
25.80000 402.240
25.81000 399.644
25.82000 401.451
25.83000 403.279
25.84000 405.111
25.85000 406.947
25.86000 408.763
25.87000 406.952
25.88000 403.157
25.89000 399.497
25.90000 398.514
25.91000 398.579
25.92000 398.759
25.93000 400.150
25.94000 401.863
25.95000 403.373
25.96000 407.360
25.97000 411.173
25.98000 411.607
25.99000 398.045
26.00000 382.954
26.01000 373.682
26.02000 380.735
26.03000 388.764
26.04000 394.086
26.05000 394.646
26.06000 394.972
26.07000 393.867
26.08000 390.910
26.09000 387.951
26.10000 387.749
26.11000 389.869
26.12000 391.964
26.13000 393.535
26.14000 394.777
26.15000 395.809
26.16000 392.746
26.17000 388.104
26.18000 383.395
26.19000 378.001
26.20000 372.429
26.21000 367.526
26.22000 380.414
26.23000 394.155
26.24000 404.670
26.25000 402.023
26.26000 397.968
26.27000 396.686
26.28000 403.074
26.29000 409.909
26.30000 414.416
26.31000 411.119
26.32000 408.553
26.33000 407.147
26.34000 407.219
26.35000 407.292
26.36000 405.270
26.37000 401.512
26.38000 397.802
26.39000 398.256
26.40000 400.953
26.41000 403.078
26.42000 394.403
26.43000 381.622
26.44000 370.231
26.45000 372.769
26.46000 378.906
26.47000 384.291
26.48000 388.617
26.49000 392.178
26.50000 394.690
26.51000 392.985
26.52000 390.838
26.53000 388.160
26.54000 384.033
26.55000 379.823
26.56000 377.062
26.57000 379.995
26.58000 382.246
26.59000 383.332
26.60000 382.954
26.61000 382.571
26.62000 381.897
26.63000 380.984
26.64000 380.083
26.65000 387.847
26.66000 400.015
26.67000 411.471
26.68000 409.845
26.69000 403.318
26.70000 396.689
26.71000 389.055
26.72000 381.167
26.73000 374.260
26.74000 382.018
26.75000 390.773
26.76000 397.078
26.77000 393.692
26.78000 389.310
26.79000 387.360
26.80000 391.943
26.81000 396.885
26.82000 400.110
26.83000 392.846
26.84000 387.349
26.85000 381.563
26.86000 375.419
26.87000 369.299
26.88000 371.756
26.89000 381.101
26.90000 390.312
26.91000 393.625
26.92000 393.749
26.93000 393.581
26.94000 388.183
26.95000 380.853
26.96000 374.107
26.97000 372.972
26.98000 373.244
26.99000 373.481
27.00000 380.651
27.01000 387.764
27.02000 393.188
27.03000 392.026
27.04000 390.203
27.05000 388.415
27.06000 386.720
27.07000 385.031
27.08000 383.935
27.09000 378.866
27.10000 375.095
27.11000 376.825
27.12000 385.239
27.13000 393.645
27.14000 395.131
27.15000 391.146
27.16000 387.221
27.17000 387.754
27.18000 390.574
27.19000 393.108
27.20000 390.692
27.21000 386.474
27.22000 382.459
27.23000 380.371
27.24000 378.757
27.25000 377.351
27.26000 376.797
27.27000 376.441
27.28000 376.385
27.29000 377.478
27.30000 378.684
27.31000 379.567
27.32000 379.608
27.33000 379.604
27.34000 379.602
27.35000 373.976
27.36000 369.784
27.37000 368.871
27.38000 371.876
27.39000 374.881
27.40000 375.786
27.41000 375.057
27.42000 374.339
27.43000 373.060
27.44000 371.536
27.45000 370.133
27.46000 370.775
27.47000 372.150
27.48000 373.219
27.49000 371.456
27.50000 369.004
27.51000 366.874
27.52000 368.478
27.53000 370.351
27.54000 371.977
27.55000 372.666
27.56000 373.265
27.57000 374.374
27.58000 376.797
27.59000 379.285
27.60000 380.882
27.61000 381.428
27.62000 381.811
27.63000 384.447
27.64000 389.735
27.65000 395.007
27.66000 395.814
27.67000 393.201
27.68000 390.632
27.69000 389.510
27.70000 389.149
27.71000 388.678
27.72000 386.402
27.73000 383.488
27.74000 380.882
27.75000 381.064
27.76000 381.913
27.77000 382.649
27.78000 380.126
27.79000 377.544
27.80000 374.941
27.81000 372.253
27.82000 369.557
27.83000 370.404
27.84000 380.234
27.85000 390.504
27.86000 397.056
27.87000 384.387
27.88000 374.923
27.89000 368.521
27.90000 365.662
27.91000 362.828
27.92000 363.956
27.93000 368.073
27.94000 372.120
27.95000 370.875
27.96000 367.069
27.97000 363.881
27.98000 370.615
27.99000 380.805
28.00000 389.365
28.01000 383.445
28.02000 374.114
28.03000 366.045
28.04000 370.203
28.05000 375.330
28.06000 378.669
28.07000 375.449
28.08000 371.623
28.09000 368.886
28.10000 368.873
28.11000 368.989
28.12000 369.062
28.13000 375.150
28.14000 379.641
28.15000 379.984
28.16000 375.603
28.17000 371.240
28.18000 371.331
28.19000 374.727
28.20000 378.062
28.21000 377.943
28.22000 376.156
28.23000 374.637
28.24000 377.311
28.25000 381.424
28.26000 384.760
28.27000 381.328
28.28000 376.327
28.29000 372.014
28.30000 369.741
28.31000 368.074
28.32000 367.849
28.33000 372.834
28.34000 378.290
28.35000 378.937
28.36000 367.740
28.37000 355.995
28.38000 348.587
28.39000 358.826
28.40000 366.443
28.41000 368.684
28.42000 364.900
28.43000 361.121
28.44000 359.012
28.45000 358.122
28.46000 357.250
28.47000 368.605
28.48000 385.380
28.49000 400.778
28.50000 395.168
28.51000 382.449
28.52000 370.823
28.53000 368.528
28.54000 368.364
28.55000 368.223
28.56000 365.214
28.57000 362.308
28.58000 360.459
28.59000 362.381
28.60000 364.636
28.61000 366.683
28.62000 368.227
28.63000 369.748
28.64000 370.702
28.65000 371.067
28.66000 371.324
28.67000 369.328
28.68000 364.847
28.69000 360.396
28.70000 360.614
28.71000 364.194
28.72000 367.703
28.73000 369.766
28.74000 371.073
28.75000 372.054
28.76000 368.183
28.77000 362.693
28.78000 357.531
28.79000 355.118
28.80000 353.323
28.81000 351.782
28.82000 347.975
28.83000 344.478
28.84000 342.275
28.85000 344.606
28.86000 347.330
28.87000 348.330
28.88000 345.207
28.89000 341.904
28.90000 339.846
28.91000 346.920
28.92000 352.113
28.93000 354.673
28.94000 354.379
28.95000 354.111
28.96000 357.699
28.97000 364.020
28.98000 370.211
28.99000 370.264
29.00000 367.480
29.01000 365.055
29.02000 367.829
29.03000 372.313
29.04000 375.571
29.05000 368.768
29.06000 359.738
29.07000 352.012
29.08000 353.715
29.09000 356.288
29.10000 357.596
29.11000 354.531
29.12000 351.096
29.13000 349.901
29.14000 353.993
29.15000 358.307
29.16000 360.980
29.17000 358.568
29.18000 356.784
29.19000 357.526
29.20000 360.962
29.21000 364.372
29.22000 364.390
29.23000 362.041
29.24000 359.742
29.25000 356.814
29.26000 353.718
29.27000 350.763
29.28000 349.820
29.29000 349.529
29.30000 348.969
29.31000 346.247
29.32000 343.054
29.33000 340.330
29.34000 350.630
29.35000 360.840
29.36000 368.333
29.37000 366.572
29.38000 364.046
29.39000 363.617
29.40000 368.061
29.41000 372.704
29.42000 375.564
29.43000 364.921
29.44000 357.163
29.45000 356.577
29.46000 363.513
29.47000 370.406
29.48000 372.063
29.49000 370.119
29.50000 368.219
29.51000 367.885
29.52000 368.266
29.53000 368.506
29.54000 366.792
29.55000 364.455
29.56000 362.426
29.57000 362.831
29.58000 363.758
29.59000 364.547
29.60000 359.413
29.61000 354.414
29.62000 350.567
29.63000 350.588
29.64000 350.921
29.65000 351.421
29.66000 352.302
29.67000 353.198
29.68000 353.747
29.69000 353.153
29.70000 352.719
29.71000 357.227
29.72000 366.834
29.73000 376.407
29.74000 382.268
29.75000 385.614
29.76000 388.884
29.77000 385.245
29.78000 378.720
29.79000 373.222
29.80000 381.562
29.81000 394.254
29.82000 404.686
29.83000 397.578
29.84000 386.767
29.85000 377.591
29.86000 381.590
29.87000 386.440
29.88000 390.693
29.89000 392.976
29.90000 395.102
29.91000 399.312
29.92000 408.228
29.93000 417.322
29.94000 422.856
29.95000 431.000
29.96000 436.837
29.97000 439.078
29.98000 437.671
29.99000 436.272
30.00000 435.640
30.01000 435.521
30.02000 435.405
30.03000 444.995
30.04000 458.372
30.05000 470.693
30.06000 469.128
30.07000 463.260
30.08000 458.578
30.09000 462.925
30.10000 469.149
30.11000 474.416
30.12000 469.095
30.13000 463.462
30.14000 457.937
30.15000 452.762
30.16000 447.613
30.17000 443.386
30.18000 441.209
30.19000 439.107
30.20000 437.835
30.21000 422.651
30.22000 411.730
30.23000 412.017
30.24000 423.477
30.25000 434.847
30.26000 437.574
30.27000 434.622
30.28000 431.744
30.29000 428.760
30.30000 425.865
30.31000 422.717
30.32000 416.316
30.33000 408.921
30.34000 402.645
30.35000 404.728
30.36000 408.522
30.37000 411.723
30.38000 412.716
30.39000 413.305
30.40000 413.204
30.41000 410.888
30.42000 408.405
30.43000 407.245
30.44000 408.986
30.45000 410.830
30.46000 411.938
30.47000 411.529
30.48000 411.228
30.49000 410.035
30.50000 407.966
30.51000 405.981
30.52000 411.466
30.53000 421.783
30.54000 431.832
30.55000 424.076
30.56000 409.204
30.57000 394.725
30.58000 385.182
30.59000 377.125
30.60000 371.088
30.61000 379.882
30.62000 391.663
30.63000 401.577
30.64000 395.628
30.65000 388.971
30.66000 387.407
30.67000 401.950
30.68000 417.679
30.69000 426.273
30.70000 419.439
30.71000 412.076
30.72000 407.680
30.73000 413.275
30.74000 417.304
30.75000 414.461
30.76000 404.993
30.77000 395.629
30.78000 394.996
30.79000 399.927
30.80000 404.725
30.81000 411.376
30.82000 418.474
30.83000 425.231
30.84000 427.805
30.85000 429.139
30.86000 430.168
30.87000 428.994
30.88000 427.384
30.89000 426.033
30.90000 431.014
30.91000 435.823
30.92000 442.312
30.93000 454.038
30.94000 466.141
30.95000 475.744
30.96000 480.021
30.97000 484.121
30.98000 486.554
30.99000 491.478
31.00000 494.977
31.01000 505.205
31.02000 521.811
31.03000 538.424
31.04000 555.574
31.05000 573.062
31.06000 590.059
31.07000 609.734
31.08000 629.526
31.09000 649.427
31.10000 670.636
31.11000 692.227
31.12000 716.254
31.13000 757.524
31.14000 802.156
31.15000 839.500
31.16000 899.562
31.17000 951.793
31.18000 1007.116
31.19000 1071.936
31.20000 1137.422
31.21000 1207.390
31.22000 1286.776
31.23000 1366.462
31.24000 1413.430
31.25000 1584.790
31.26000 1706.399
31.27000 1813.536
31.28000 1907.185
31.29000 2000.981
31.30000 2105.633
31.31000 2217.001
31.32000 2325.137
31.33000 2453.235
31.34000 2582.819
31.35000 2707.673
31.36000 2777.088
31.37000 2830.546
31.38000 2886.806
31.39000 2962.551
31.40000 3042.033
31.41000 3108.344
31.42000 3088.901
31.43000 3064.174
31.44000 3039.323
31.45000 3014.094
31.46000 2988.839
31.47000 2954.967
31.48000 2903.253
31.49000 2850.992
31.50000 2820.391
31.51000 2691.355
31.52000 2600.014
31.53000 2501.379
31.54000 2396.055
31.55000 2290.571
31.56000 2174.096
31.57000 2050.922
31.58000 1931.450
31.59000 1828.846
31.60000 1738.243
31.61000 1647.764
31.62000 1558.696
31.63000 1470.028
31.64000 1382.243
31.65000 1300.475
31.66000 1219.844
31.67000 1152.772
31.68000 1081.125
31.69000 1021.368
31.70000 965.945
31.71000 923.453
31.72000 881.823
31.73000 841.761
31.74000 804.900
31.75000 768.133
31.76000 746.747
31.77000 713.411
31.78000 689.940
31.79000 662.850
31.80000 632.498
31.81000 602.306
31.82000 582.546
31.83000 569.052
31.84000 555.978
31.85000 544.433
31.86000 534.099
31.87000 523.800
31.88000 513.885
31.89000 504.077
31.90000 493.840
31.91000 480.721
31.92000 467.066
31.93000 455.742
31.94000 448.561
31.95000 443.027
31.96000 438.513
31.97000 437.003
31.98000 435.687
31.99000 430.315
32.00000 416.782
32.01000 403.018
32.02000 395.066
32.03000 397.741
32.04000 399.654
32.05000 397.023
32.06000 390.361
32.07000 383.782
32.08000 382.395
32.09000 384.078
32.10000 385.708
32.11000 382.033
32.12000 376.534
32.13000 371.386
32.14000 370.086
32.15000 369.845
32.16000 369.520
32.17000 368.640
32.18000 367.658
32.19000 366.846
32.20000 357.458
32.21000 348.910
32.22000 344.580
32.23000 352.474
32.24000 361.143
32.25000 365.258
32.26000 360.344
32.27000 355.185
32.28000 352.224
32.29000 343.739
32.30000 337.794
32.31000 337.364
32.32000 341.748
32.33000 346.090
32.34000 347.991
32.35000 348.470
32.36000 348.932
32.37000 341.949
32.38000 332.564
32.39000 324.606
32.40000 331.969
32.41000 343.487
32.42000 353.634
32.43000 354.897
32.44000 354.565
32.45000 354.292
32.46000 354.605
32.47000 354.917
32.48000 352.579
32.49000 342.675
32.50000 332.303
32.51000 328.741
32.52000 338.483
32.53000 348.571
32.54000 354.320
32.55000 343.647
32.56000 336.153
32.57000 330.109
32.58000 325.311
32.59000 320.559
32.60000 318.421
32.61000 317.782
32.62000 317.166
32.63000 318.899
32.64000 321.401
32.65000 324.169
32.66000 329.729
32.67000 336.036
32.68000 340.504
32.69000 333.277
32.70000 323.984
32.71000 316.347
32.72000 320.676
32.73000 325.309
32.74000 327.791
32.75000 324.218
32.76000 320.281
32.77000 316.007
32.78000 311.087
32.79000 306.151
32.80000 303.357
32.81000 313.947
32.82000 321.340
32.83000 322.649
32.84000 318.814
32.85000 315.007
32.86000 312.675
32.87000 311.177
32.88000 309.732
32.89000 313.339
32.90000 318.570
32.91000 323.189
32.92000 321.501
32.93000 318.155
32.94000 314.639
32.95000 310.061
32.96000 305.298
32.97000 301.396
32.98000 302.138
32.99000 303.155
33.00000 304.624
33.01000 307.343
33.02000 310.135
33.03000 309.358
33.04000 301.807
33.05000 294.095
33.06000 289.761
33.07000 306.309
33.08000 317.823
33.09000 319.449
33.10000 312.849
33.11000 306.356
33.12000 305.190
33.13000 306.995
33.14000 308.733
33.15000 309.023
33.16000 308.777
33.17000 308.000
33.18000 301.877
33.19000 294.369
33.20000 288.090
33.21000 289.366
33.22000 291.932
33.23000 294.028
33.24000 294.282
33.25000 294.331
33.26000 295.202
33.27000 298.320
33.28000 301.565
33.29000 306.444
33.30000 314.374
33.31000 322.374
33.32000 326.838
33.33000 311.883
33.34000 301.502
33.35000 296.774
33.36000 296.674
33.37000 296.486
33.38000 292.158
33.39000 285.555
33.40000 279.201
33.41000 279.445
33.42000 281.999
33.43000 284.907
33.44000 291.309
33.45000 298.603
33.46000 304.762
33.47000 304.060
33.48000 302.207
33.49000 300.699
33.50000 302.901
33.51000 305.013
33.52000 307.087
33.53000 309.058
33.54000 311.024
33.55000 313.525
33.56000 317.012
33.57000 320.520
33.58000 322.463
33.59000 306.970
33.60000 296.258
33.61000 291.773
33.62000 292.304
33.63000 292.905
33.64000 296.694
33.65000 302.210
33.66000 307.510
33.67000 308.163
33.68000 307.161
33.69000 305.728
33.70000 300.123
33.71000 293.469
33.72000 287.828
33.73000 288.204
33.74000 289.574
33.75000 290.686
33.76000 287.108
33.77000 283.805
33.78000 282.391
33.79000 285.997
33.80000 289.873
33.81000 290.189
33.82000 284.043
33.83000 277.762
33.84000 274.307
33.85000 275.946
33.86000 277.103
33.87000 284.401
33.88000 296.568
33.89000 308.496
33.90000 310.054
33.91000 306.076
33.92000 302.258
33.93000 302.252
33.94000 303.547
33.95000 304.221
33.96000 299.012
33.97000 292.346
33.98000 286.691
33.99000 286.940
34.00000 288.147
34.01000 289.123
34.02000 287.275
34.03000 285.544
34.04000 285.536
34.05000 290.038
34.06000 294.776
34.07000 295.776
34.08000 290.089
34.09000 284.268
34.10000 281.091
34.11000 276.608
34.12000 273.544
34.13000 275.077
34.14000 280.199
34.15000 285.267
34.16000 288.044
34.17000 289.618
34.18000 291.127
34.19000 290.544
34.20000 289.299
34.21000 288.260
34.22000 289.142
34.23000 290.492
34.24000 291.493
34.25000 290.485
34.26000 289.158
34.27000 288.088
34.28000 292.911
34.29000 297.292
34.30000 298.447
34.31000 291.277
34.32000 283.684
34.33000 279.648
34.34000 281.883
34.35000 284.237
34.36000 285.513
34.37000 295.272
34.38000 301.932
34.39000 300.283
34.40000 292.247
34.41000 284.393
34.42000 283.774
34.43000 286.904
34.44000 289.901
34.45000 291.084
34.46000 291.586
34.47000 292.024
34.48000 291.871
34.49000 291.576
34.50000 290.765
34.51000 287.038
34.52000 282.853
34.53000 279.491
34.54000 281.684
34.55000 283.889
34.56000 285.934
34.57000 287.568
34.58000 289.182
34.59000 289.745
34.60000 288.482
34.61000 287.186
34.62000 286.489
34.63000 285.253
34.64000 284.411
34.65000 284.366
34.66000 284.924
34.67000 285.460
34.68000 285.130
34.69000 284.358
34.70000 283.620
34.71000 283.136
34.72000 282.769
34.73000 282.452
34.74000 282.595
34.75000 282.847
34.76000 283.029
34.77000 282.826
34.78000 282.562
34.79000 282.351
34.80000 285.561
34.81000 288.414
34.82000 290.112
34.83000 288.917
34.84000 287.582
34.85000 285.267
34.86000 281.272
34.87000 277.249
34.88000 275.102
34.89000 286.447
34.90000 294.142
34.91000 292.853
34.92000 284.871
34.93000 277.015
34.94000 273.754
34.95000 272.806
34.96000 271.901
34.97000 275.513
34.98000 280.314
34.99000 284.726
35.00000 285.737
35.01000 285.956
35.02000 285.672
35.03000 282.645
35.04000 279.203
35.05000 276.455
35.06000 272.504
35.07000 269.226
35.08000 268.348
35.09000 273.401
35.10000 278.730
35.11000 281.170
35.12000 278.738
35.13000 276.228
35.14000 274.898
35.15000 276.724
35.16000 277.980
35.17000 281.477
35.18000 286.618
35.19000 291.607
35.20000 291.215
35.21000 288.155
35.22000 285.236
35.23000 278.399
35.24000 270.823
35.25000 264.222
35.26000 265.984
35.27000 269.664
35.28000 272.800
35.29000 273.012
35.30000 272.789
35.31000 272.612
35.32000 272.710
35.33000 272.808
35.34000 273.075
35.35000 273.752
35.36000 274.448
35.37000 272.983
35.38000 267.928
35.39000 262.818
35.40000 260.133
35.41000 263.569
35.42000 265.905
35.43000 268.889
35.44000 272.341
35.45000 275.605
35.46000 272.560
35.47000 266.428
35.48000 260.589
35.49000 262.673
35.50000 267.059
35.51000 270.547
35.52000 266.482
35.53000 260.713
35.54000 256.755
35.55000 262.377
35.56000 269.398
35.57000 274.964
35.58000 265.902
35.59000 257.590
35.60000 253.989
35.61000 261.696
35.62000 269.898
35.63000 274.402
35.64000 272.854
35.65000 271.219
35.66000 270.367
35.67000 263.749
35.68000 259.302
35.69000 258.940
35.70000 261.483
35.71000 263.967
35.72000 264.548
35.73000 264.210
35.74000 263.890
35.75000 268.728
35.76000 274.774
35.77000 280.046
35.78000 278.929
35.79000 276.394
35.80000 273.753
35.81000 270.566
35.82000 267.301
35.83000 264.722
35.84000 268.904
35.85000 272.722
35.86000 273.123
35.87000 265.436
35.88000 257.407
35.89000 256.301
35.90000 266.363
35.91000 276.576
35.92000 281.857
35.93000 267.907
35.94000 258.568
35.95000 258.423
35.96000 264.718
35.97000 270.826
35.98000 271.089
35.99000 268.576
36.00000 266.190
36.01000 262.599
36.02000 258.924
36.03000 255.892
36.04000 258.073
36.05000 261.393
36.06000 263.821
36.07000 261.677
36.08000 258.889
36.09000 256.694
36.10000 262.532
36.11000 267.745
36.12000 270.611
36.13000 268.004
36.14000 265.172
36.15000 266.134
36.16000 273.122
36.17000 280.188
36.18000 283.811
36.19000 273.704
36.20000 266.931
36.21000 262.983
36.22000 260.985
36.23000 258.972
36.24000 256.526
36.25000 253.876
36.26000 251.364
36.27000 252.110
36.28000 253.759
36.29000 255.600
36.30000 258.957
36.31000 262.641
36.32000 265.996
36.33000 267.690
36.34000 269.154
36.35000 270.303
36.36000 269.489
36.37000 268.710
36.38000 269.185
36.39000 272.544
36.40000 276.016
36.41000 274.562
36.42000 265.394
36.43000 256.133
36.44000 251.423
36.45000 257.655
36.46000 261.839
36.47000 266.661
36.48000 271.916
36.49000 276.931
36.50000 274.975
36.51000 269.801
36.52000 264.902
36.53000 263.011
36.54000 262.145
36.55000 261.538
36.56000 262.951
36.57000 264.791
36.58000 266.087
36.59000 264.680
36.60000 262.906
36.61000 261.519
36.62000 268.016
36.63000 273.700
36.64000 276.258
36.65000 271.732
36.66000 266.934
36.67000 263.154
36.68000 260.942
36.69000 258.748
36.70000 257.641
36.71000 250.614
36.72000 245.991
36.73000 249.277
36.74000 257.856
36.75000 266.311
36.76000 271.320
36.77000 274.761
36.78000 278.014
36.79000 274.149
36.80000 268.566
36.81000 263.804
36.82000 265.317
36.83000 268.140
36.84000 270.216
36.85000 268.648
36.86000 266.594
36.87000 264.994
36.88000 267.544
36.89000 269.832
36.90000 270.775
36.91000 268.718
36.92000 266.550
36.93000 265.116
36.94000 264.794
36.95000 264.485
36.96000 264.330
36.97000 283.230
36.98000 295.701
36.99000 295.534
37.00000 287.037
37.01000 278.751
37.02000 276.155
37.03000 276.109
37.04000 276.066
37.05000 281.650
37.06000 288.352
37.07000 293.979
37.08000 291.537
37.09000 287.440
37.10000 285.434
37.11000 293.469
37.12000 302.818
37.13000 310.074
37.14000 304.096
37.15000 298.548
37.16000 292.713
37.17000 286.252
37.18000 279.767
37.19000 277.478
37.20000 281.466
37.21000 285.515
37.22000 284.329
37.23000 277.991
37.24000 271.738
37.25000 273.154
37.26000 279.549
37.27000 285.606
37.28000 282.822
37.29000 276.130
37.30000 269.823
37.31000 262.303
37.32000 255.082
37.33000 249.683
37.34000 257.712
37.35000 268.455
37.36000 275.887
37.37000 267.680
37.38000 257.463
37.39000 249.563
37.40000 258.499
37.41000 266.577
37.42000 269.787
37.43000 262.439
37.44000 254.726
37.45000 253.363
37.46000 261.358
37.47000 269.437
37.48000 271.034
37.49000 266.363
37.50000 261.723
37.51000 259.762
37.52000 259.512
37.53000 259.292
37.54000 259.798
37.55000 260.620
37.56000 261.394
37.57000 261.015
37.58000 260.355
37.59000 259.662
37.60000 258.737
37.61000 257.765
37.62000 257.506
37.63000 260.562
37.64000 264.036
37.65000 266.713
37.66000 258.000
37.67000 250.450
37.68000 245.897
37.69000 247.754
37.70000 249.824
37.71000 252.414
37.72000 255.757
37.73000 259.106
37.74000 259.003
37.75000 255.617
37.76000 252.298
37.77000 254.299
37.78000 259.652
37.79000 264.748
37.80000 263.582
37.81000 259.728
37.82000 256.105
37.83000 254.037
37.84000 252.565
37.85000 251.344
37.86000 251.908
37.87000 252.822
37.88000 253.087
37.89000 250.380
37.90000 247.306
37.91000 244.946
37.92000 251.484
37.93000 257.147
37.94000 259.449
37.95000 254.671
37.96000 249.667
37.97000 250.131
37.98000 258.414
37.99000 266.756
38.00000 265.361
38.01000 254.862
38.02000 244.513
38.03000 245.279
38.04000 252.945
38.05000 260.451
38.06000 264.165
38.07000 266.275
38.08000 268.255
38.09000 265.669
38.10000 262.112
38.11000 258.818
38.12000 257.363
38.13000 256.262
38.14000 255.921
38.15000 259.004
38.16000 262.504
38.17000 265.179
38.18000 273.287
38.19000 279.976
38.20000 282.953
38.21000 278.219
38.22000 273.248
38.23000 273.165
38.24000 279.966
38.25000 286.814
38.26000 287.242
38.27000 281.767
38.28000 276.380
38.29000 277.185
38.30000 281.777
38.31000 286.490
38.32000 293.956
38.33000 302.571
38.34000 310.641
38.35000 307.889
38.36000 302.586
38.37000 298.195
38.38000 300.062
38.39000 303.113
38.40000 306.934
38.41000 314.168
38.42000 321.808
38.43000 327.627
38.44000 333.851
38.45000 338.771
38.46000 347.522
38.47000 364.117
38.48000 380.945
38.49000 396.857
38.50000 411.498
38.51000 426.126
38.52000 449.467
38.53000 480.667
38.54000 511.744
38.55000 534.693
38.56000 552.746
38.57000 571.467
38.58000 605.041
38.59000 644.721
38.60000 681.828
38.61000 718.872
38.62000 752.495
38.63000 786.067
38.64000 819.294
38.65000 852.457
38.66000 886.633
38.67000 925.238
38.68000 964.360
38.69000 994.037
38.70000 1012.264
38.71000 1025.995
38.72000 1039.813
38.73000 1053.809
38.74000 1067.811
38.75000 1072.814
38.76000 1065.533
38.77000 1058.184
38.78000 1053.187
38.79000 1050.287
38.80000 1047.221
38.81000 1033.740
38.82000 1014.079
38.83000 994.137
38.84000 968.149
38.85000 939.712
38.86000 913.162
38.87000 869.147
38.88000 824.870
38.89000 781.986
38.90000 748.311
38.91000 716.324
38.92000 683.791
38.93000 648.911
38.94000 613.762
38.95000 587.203
38.96000 552.340
38.97000 524.593
38.98000 495.926
38.99000 465.429
39.00000 434.882
39.01000 413.013
39.02000 402.807
39.03000 392.668
39.04000 377.126
39.05000 356.881
39.06000 336.828
39.07000 328.070
39.08000 325.918
39.09000 323.775
39.10000 321.803
39.11000 319.900
39.12000 318.127
39.13000 308.917
39.14000 298.750
39.15000 289.499
39.16000 286.194
39.17000 283.961
39.18000 282.361
39.19000 283.441
39.20000 284.823
39.21000 285.862
39.22000 282.034
39.23000 278.803
39.24000 274.324
39.25000 267.402
39.26000 260.415
39.27000 257.928
39.28000 261.397
39.29000 264.892
39.30000 262.923
39.31000 256.258
39.32000 249.713
39.33000 249.836
39.34000 253.804
39.35000 257.510
39.36000 255.913
39.37000 252.228
39.38000 248.800
39.39000 244.273
39.40000 239.916
39.41000 236.709
39.42000 240.841
39.43000 246.275
39.44000 251.505
39.45000 255.885
39.46000 260.172
39.47000 263.385
39.48000 257.149
39.49000 251.833
39.50000 247.921
39.51000 246.720
39.52000 245.587
39.53000 244.249
39.54000 242.641
39.55000 241.035
39.56000 239.669
39.57000 238.512
39.58000 237.401
39.59000 238.723
39.60000 241.428
39.61000 244.161
39.62000 247.440
39.63000 250.931
39.64000 254.174
39.65000 254.276
39.66000 253.619
39.67000 252.467
39.68000 248.206
39.69000 243.403
39.70000 239.000
39.71000 236.243
39.72000 233.663
39.73000 231.737
39.74000 235.315
39.75000 238.355
39.76000 238.684
39.77000 233.850
39.78000 228.891
39.79000 229.081
39.80000 235.875
39.81000 242.687
39.82000 248.330
39.83000 252.984
39.84000 257.413
39.85000 250.402
39.86000 236.992
39.87000 224.249
39.88000 224.304
39.89000 229.254
39.90000 233.844
39.91000 233.987
39.92000 233.075
39.93000 232.262
39.94000 232.067
39.95000 231.978
39.96000 231.727
39.97000 230.819
39.98000 229.843
39.99000 229.116
40.00000 236.030
40.01000 241.747
40.02000 246.000
40.03000 247.505
40.04000 248.947
40.05000 245.937
40.06000 237.305
40.07000 228.667
40.08000 226.792
40.09000 230.462
40.10000 234.076
40.11000 235.038
40.12000 234.537
40.13000 234.053
40.14000 233.887
40.15000 233.841
40.16000 233.799
40.17000 232.432
40.18000 230.900
40.19000 229.575
40.20000 229.508
40.21000 229.654
40.22000 229.039
40.23000 225.388
40.24000 221.424
40.25000 218.488
40.26000 224.347
40.27000 229.275
40.28000 233.156
40.29000 235.101
40.30000 237.002
40.31000 236.297
40.32000 232.352
40.33000 228.404
40.34000 226.128
40.35000 225.209
40.36000 224.311
40.37000 224.368
40.38000 224.944
40.39000 225.511
40.40000 225.906
40.41000 226.238
40.42000 226.545
40.43000 226.222
40.44000 225.789
40.45000 225.295
40.46000 224.436
40.47000 223.516
40.48000 221.689
40.49000 216.298
40.50000 210.545
40.51000 206.302
40.52000 215.944
40.53000 223.994
40.54000 227.744
40.55000 223.661
40.56000 219.412
40.57000 217.053
40.58000 217.003
40.59000 216.960
40.60000 219.239
40.61000 223.348
40.62000 227.399
40.63000 228.921
40.64000 229.087
40.65000 229.076
40.66000 225.935
40.67000 221.647
40.68000 217.693
40.69000 216.947
40.70000 216.992
40.71000 218.325
40.72000 227.203
40.73000 237.311
40.74000 243.045
40.75000 231.882
40.76000 219.039
40.77000 209.608
40.78000 212.833
40.79000 215.842
40.80000 217.202
40.81000 215.602
40.82000 213.943
40.83000 213.432
40.84000 214.303
40.85000 215.175
40.86000 214.929
40.87000 213.811
40.88000 212.738
40.89000 213.534
40.90000 215.316
40.91000 217.021
40.92000 217.407
40.93000 217.317
40.94000 217.234
40.95000 220.807
40.96000 224.803
40.97000 227.287
40.98000 221.058
40.99000 213.434
41.00000 207.777
41.01000 209.604
41.02000 212.161
41.03000 214.030
41.04000 219.257
41.05000 223.421
41.06000 222.766
41.07000 213.587
41.08000 204.245
41.09000 200.636
41.10000 203.818
41.11000 207.005
41.12000 212.157
41.13000 218.786
41.14000 225.203
41.15000 223.054
41.16000 216.451
41.17000 210.515
41.18000 215.685
41.19000 224.805
41.20000 233.186
41.21000 229.334
41.22000 223.263
41.23000 217.649
41.24000 214.628
41.25000 212.015
41.26000 210.041
41.27000 210.466
41.28000 211.120
41.29000 211.596
41.30000 210.160
41.31000 208.981
41.32000 209.703
41.33000 213.740
41.34000 217.837
41.35000 219.918
41.36000 219.650
41.37000 219.379
41.38000 219.415
41.39000 219.684
41.40000 219.855
41.41000 216.293
41.42000 210.818
41.43000 205.452
41.44000 201.861
41.45000 198.892
41.46000 196.170
41.47000 204.678
41.48000 214.635
41.49000 223.201
41.50000 224.016
41.51000 223.631
41.52000 221.987
41.53000 215.695
41.54000 208.968
41.55000 204.092
41.56000 208.691
41.57000 212.576
41.58000 215.918
41.59000 218.329
41.60000 220.724
41.61000 218.183
41.62000 209.981
41.63000 201.796
41.64000 200.111
41.65000 203.261
41.66000 206.344
41.67000 206.945
41.68000 206.294
41.69000 205.670
41.70000 205.478
41.71000 205.436
41.72000 205.397
41.73000 210.252
41.74000 215.589
41.75000 220.511
41.76000 223.158
41.77000 225.459
41.78000 227.022
41.79000 225.901
41.80000 224.535
41.81000 223.549
41.82000 220.127
41.83000 217.415
41.84000 215.303
41.85000 214.206
41.86000 213.124
41.87000 211.993
41.88000 210.806
41.89000 209.623
41.90000 209.356
41.91000 209.762
41.92000 210.062
41.93000 206.617
41.94000 201.307
41.95000 196.672
41.96000 202.449
41.97000 211.771
41.98000 220.289
41.99000 216.045
42.00000 209.670
42.01000 203.478
42.02000 198.271
42.03000 193.212
42.04000 189.839
42.05000 192.509
42.06000 195.720
42.07000 198.026
42.08000 201.852
42.09000 204.833
42.10000 206.828
42.11000 207.182
42.12000 207.511
42.13000 207.902
42.14000 208.361
42.15000 208.819
42.16000 208.715
42.17000 208.208
42.18000 207.731
42.19000 208.287
42.20000 209.351
42.21000 210.168
42.22000 207.278
42.23000 203.145
42.24000 199.375
42.25000 200.169
42.26000 201.788
42.27000 203.445
42.28000 205.299
42.29000 207.181
42.30000 208.257
42.31000 206.484
42.32000 204.462
42.33000 203.015
42.34000 204.347
42.35000 205.458
42.36000 204.811
42.37000 201.279
42.38000 197.704
42.39000 197.587
42.40000 201.247
42.41000 204.893
42.42000 206.483
42.43000 206.604
42.44000 206.689
42.45000 205.592
42.46000 203.925
42.47000 202.650
42.48000 207.118
42.49000 213.485
42.50000 219.279
42.51000 216.859
42.52000 213.096
42.53000 208.954
42.54000 202.840
42.55000 196.441
42.56000 193.066
42.57000 200.211
42.58000 208.256
42.59000 213.985
42.60000 202.610
42.61000 193.386
42.62000 189.650
42.63000 194.795
42.64000 200.062
42.65000 200.199
42.66000 194.827
42.67000 189.477
42.68000 191.095
42.69000 197.543
42.70000 203.837
42.71000 205.291
42.72000 204.438
42.73000 203.634
42.74000 203.519
42.75000 203.629
42.76000 203.729
42.77000 201.023
42.78000 198.090
42.79000 195.832
42.80000 197.045
42.81000 198.749
42.82000 200.267
42.83000 201.150
42.84000 201.980
42.85000 202.568
42.86000 204.735
42.87000 206.433
42.88000 206.345
42.89000 203.411
42.90000 200.441
42.91000 198.419
42.92000 197.399
42.93000 196.385
42.94000 197.182
42.95000 199.210
42.96000 201.229
42.97000 202.948
42.98000 204.528
42.99000 205.834
43.00000 203.327
43.01000 199.594
43.02000 196.210
43.03000 200.778
43.04000 206.321
43.05000 210.586
43.06000 208.393
43.07000 205.303
43.08000 203.215
43.09000 204.510
43.10000 206.082
43.11000 207.191
43.12000 202.505
43.13000 198.773
43.14000 199.414
43.15000 206.925
43.16000 214.519
43.17000 217.837
43.18000 216.713
43.19000 215.594
43.20000 213.694
43.21000 211.292
43.22000 208.826
43.23000 204.483
43.24000 199.271
43.25000 194.586
43.26000 197.084
43.27000 201.854
43.28000 206.170
43.29000 207.589
43.30000 208.297
43.31000 209.036
43.32000 209.936
43.33000 210.858
43.34000 209.901
43.35000 202.693
43.36000 194.985
43.37000 189.571
43.38000 195.929
43.39000 201.088
43.40000 202.702
43.41000 198.831
43.42000 194.898
43.43000 195.184
43.44000 199.781
43.45000 204.352
43.46000 206.948
43.47000 208.202
43.48000 209.339
43.49000 207.161
43.50000 203.470
43.51000 200.174
43.52000 202.123
43.53000 205.708
43.54000 208.944
43.55000 208.363
43.56000 207.150
43.57000 205.454
43.58000 201.388
43.59000 197.004
43.60000 194.415
43.61000 197.707
43.62000 201.458
43.63000 204.080
43.64000 200.845
43.65000 198.236
43.66000 196.223
43.67000 195.118
43.68000 194.024
43.69000 194.489
43.70000 196.520
43.71000 198.539
43.72000 199.824
43.73000 200.613
43.74000 201.273
43.75000 198.423
43.76000 193.994
43.77000 189.935
43.78000 190.693
43.79000 192.931
43.80000 194.947
43.81000 194.578
43.82000 193.824
43.83000 193.502
43.84000 195.266
43.85000 197.304
43.86000 197.991
43.87000 194.313
43.88000 190.303
43.89000 187.513
43.90000 185.893
43.91000 184.703
43.92000 187.014
43.93000 194.582
43.94000 202.201
43.95000 205.607
43.96000 204.852
43.97000 204.101
43.98000 201.389
43.99000 197.457
44.00000 193.750
44.01000 195.957
44.02000 200.786
44.03000 205.323
44.04000 206.153
44.05000 205.860
44.06000 205.597
44.07000 205.205
44.08000 204.838
44.09000 204.633
44.10000 205.193
44.11000 205.851
44.12000 206.384
44.13000 206.515
44.14000 206.616
44.15000 206.686
44.16000 206.654
44.17000 206.627
44.18000 205.089
44.19000 201.318
44.20000 197.527
44.21000 196.586
44.22000 198.413
44.23000 200.227
44.24000 200.633
44.25000 200.144
44.26000 199.759
44.27000 202.039
44.28000 205.485
44.29000 208.453
44.30000 205.509
44.31000 200.800
44.32000 196.576
44.33000 197.479
44.34000 199.162
44.35000 200.676
44.36000 201.398
44.37000 202.020
44.38000 202.700
44.39000 203.562
44.40000 204.437
44.41000 205.040
44.42000 193.470
44.43000 184.475
44.44000 181.550
44.45000 187.465
44.46000 193.454
44.47000 196.434
44.48000 196.542
44.49000 196.649
44.50000 195.345
44.51000 193.187
44.52000 191.395
44.53000 198.618
44.54000 209.723
44.55000 219.919
44.56000 219.100
44.57000 215.042
44.58000 211.410
44.59000 208.111
44.60000 205.288
44.61000 202.427
44.62000 199.387
44.63000 196.324
44.64000 195.654
44.65000 202.376
44.66000 209.622
44.67000 214.592
44.68000 208.780
44.69000 204.164
44.70000 202.692
44.71000 205.732
44.72000 208.806
44.73000 210.935
44.74000 212.176
44.75000 213.408
44.76000 215.744
44.77000 218.714
44.78000 221.614
44.79000 222.843
44.80000 223.362
44.81000 223.762
44.82000 222.750
44.83000 221.330
44.84000 220.061
44.85000 224.492
44.86000 229.311
44.87000 234.308
44.88000 240.115
44.89000 246.021
44.90000 249.882
44.91000 247.510
44.92000 244.707
44.93000 242.795
44.94000 247.035
44.95000 250.348
44.96000 254.953
44.97000 261.381
44.98000 267.821
44.99000 271.656
45.00000 273.085
45.01000 274.502
45.02000 276.800
45.03000 279.584
45.04000 282.427
45.05000 286.604
45.06000 291.340
45.07000 296.185
45.08000 302.292
45.09000 308.759
45.10000 314.522
45.11000 305.184
45.12000 294.569
45.13000 288.066
45.14000 299.863
45.15000 313.850
45.16000 322.976
45.17000 317.508
45.18000 311.056
45.19000 306.676
45.20000 313.112
45.21000 318.155
45.22000 321.413
45.23000 322.186
45.24000 322.941
45.25000 320.412
45.26000 314.900
45.27000 309.439
45.28000 308.049
45.29000 309.099
45.30000 310.018
45.31000 308.000
45.32000 304.770
45.33000 301.856
45.34000 302.508
45.35000 304.161
45.36000 305.632
45.37000 294.545
45.38000 282.885
45.39000 273.304
45.40000 272.832
45.41000 273.429
45.42000 273.800
45.43000 273.503
45.44000 273.163
45.45000 272.933
45.46000 270.338
45.47000 268.355
45.48000 264.849
45.49000 259.259
45.50000 253.659
45.51000 251.284
45.52000 251.791
45.53000 252.293
45.54000 248.730
45.55000 242.870
45.56000 237.258
45.57000 237.004
45.58000 238.929
45.59000 240.192
45.60000 234.135
45.61000 226.051
45.62000 218.879
45.63000 221.666
45.64000 225.667
45.65000 229.141
45.66000 230.340
45.67000 231.278
45.68000 230.586
45.69000 225.145
45.70000 219.400
45.71000 215.538
45.72000 215.739
45.73000 215.972
45.74000 217.283
45.75000 220.048
45.76000 222.818
45.77000 223.040
45.78000 221.024
45.79000 219.028
45.80000 218.652
45.81000 219.213
45.82000 219.549
45.83000 215.156
45.84000 208.868
45.85000 203.189
45.86000 204.106
45.87000 206.823
45.88000 209.229
45.89000 207.213
45.90000 204.779
45.91000 202.214
45.92000 199.095
45.93000 195.913
45.94000 194.427
45.95000 197.814
45.96000 201.506
45.97000 203.974
45.98000 205.160
45.99000 206.013
46.00000 204.486
46.01000 199.799
46.02000 195.098
46.03000 191.430
46.04000 188.655
46.05000 185.911
46.06000 185.241
46.07000 185.758
46.08000 186.291
46.09000 187.156
46.10000 188.152
46.11000 188.931
46.12000 187.411
46.13000 185.272
46.14000 183.384
46.15000 183.709
46.16000 184.331
46.17000 184.635
46.18000 183.616
46.19000 182.451
46.20000 181.350
46.21000 180.433
46.22000 179.528
46.23000 178.926
46.24000 176.605
46.25000 174.857
46.26000 171.955
46.27000 167.546
46.28000 163.139
46.29000 164.438
46.30000 170.592
46.31000 176.674
46.32000 183.821
46.33000 191.386
46.34000 198.369
46.35000 193.812
46.36000 184.763
46.37000 176.482
46.38000 176.163
46.39000 177.953
46.40000 179.531
46.41000 177.055
46.42000 174.312
46.43000 172.441
46.44000 174.167
46.45000 176.283
46.46000 177.994
46.47000 178.571
46.48000 179.082
46.49000 179.419
46.50000 181.241
46.51000 182.612
46.52000 183.389
46.53000 183.400
46.54000 183.403
46.55000 181.053
46.56000 176.730
46.57000 172.460
46.58000 172.190
46.59000 174.115
46.60000 175.936
46.61000 175.770
46.62000 174.842
46.63000 173.963
46.64000 173.583
46.65000 173.333
46.66000 173.113
46.67000 172.214
46.68000 171.339
46.69000 170.708
46.70000 171.059
46.71000 171.516
46.72000 172.825
46.73000 176.479
46.74000 180.268
46.75000 182.762
46.76000 178.463
46.77000 175.180
46.78000 172.071
46.79000 169.180
46.80000 166.289
46.81000 162.769
46.82000 158.730
46.83000 154.745
46.84000 156.771
46.85000 161.979
46.86000 166.999
46.87000 168.505
46.88000 168.681
46.89000 168.844
46.90000 168.870
46.91000 168.862
46.92000 168.854
46.93000 172.928
46.94000 177.018
46.95000 179.743
46.96000 177.010
46.97000 173.709
46.98000 169.879
46.99000 164.610
47.00000 159.261
47.01000 155.759
47.02000 163.718
47.03000 169.754
47.04000 172.401
47.05000 170.821
47.06000 169.230
47.07000 167.817
47.08000 166.550
47.09000 165.300
47.10000 165.792
47.11000 167.193
47.12000 168.482
47.13000 167.730
47.14000 166.218
47.15000 164.816
47.16000 164.492
47.17000 164.440
47.18000 164.395
47.19000 167.266
47.20000 170.142
47.21000 171.565
47.22000 167.269
47.23000 162.389
47.24000 160.134
47.25000 164.891
47.26000 170.031
47.27000 173.378
47.28000 171.111
47.29000 169.361
47.30000 167.370
47.31000 165.083
47.32000 162.804
47.33000 163.234
47.34000 165.829
47.35000 168.386
47.36000 166.930
47.37000 163.424
47.38000 159.949
47.39000 157.020
47.40000 154.291
47.41000 152.246
47.42000 156.726
47.43000 162.833
47.44000 168.162
47.45000 168.811
47.46000 168.712
47.47000 168.142
47.48000 165.751
47.49000 163.177
47.50000 160.829
47.51000 159.074
47.52000 157.350
47.53000 156.233
47.54000 158.448
47.55000 160.119
47.56000 160.436
47.57000 159.121
47.58000 157.822
47.59000 162.414
47.60000 171.634
47.61000 180.715
47.62000 180.194
47.63000 174.761
47.64000 169.586
47.65000 168.862
47.66000 169.750
47.67000 170.578
47.68000 170.845
47.69000 170.975
47.70000 171.088
47.71000 171.488
47.72000 171.869
47.73000 170.977
47.74000 165.221
47.75000 158.990
47.76000 156.957
47.77000 165.825
47.78000 175.254
47.79000 181.327
47.80000 174.256
47.81000 168.909
47.82000 166.296
47.83000 166.932
47.84000 167.576
47.85000 168.398
47.86000 169.357
47.87000 170.302
47.88000 169.996
47.89000 169.067
47.90000 168.154
47.91000 167.497
47.92000 166.930
47.93000 166.268
47.94000 164.726
47.95000 162.971
47.96000 161.447
47.97000 160.139
47.98000 159.052
47.99000 158.530
48.00000 160.128
48.01000 161.929
48.02000 161.873
48.03000 157.062
48.04000 152.014
48.05000 148.782
48.06000 159.577
48.07000 167.627
48.08000 168.711
48.09000 161.645
48.10000 154.588
48.11000 152.459
48.12000 154.083
48.13000 155.681
48.14000 157.779
48.15000 160.058
48.16000 162.246
48.17000 162.941
48.18000 163.110
48.19000 163.144
48.20000 161.957
48.21000 160.479
48.22000 159.199
48.23000 157.589
48.24000 156.176
48.25000 154.089
48.26000 149.505
48.27000 144.687
48.28000 141.486
48.29000 142.363
48.30000 143.439
48.31000 144.124
48.32000 149.568
48.33000 153.584
48.34000 156.991
48.35000 159.696
48.36000 162.390
48.37000 162.803
48.38000 161.507
48.39000 160.234
48.40000 161.751
48.41000 164.582
48.42000 167.200
48.43000 166.437
48.44000 164.501
48.45000 162.833
48.46000 163.525
48.47000 164.771
48.48000 165.846
48.49000 164.239
48.50000 162.527
48.51000 161.230
48.52000 161.447
48.53000 161.803
48.54000 160.988
48.55000 157.262
48.56000 153.399
48.57000 150.953
48.58000 154.857
48.59000 157.764
48.60000 160.846
48.61000 164.126
48.62000 167.380
48.63000 165.948
48.64000 161.055
48.65000 156.251
48.66000 155.618
48.67000 157.015
48.68000 158.183
48.69000 155.789
48.70000 152.179
48.71000 149.040
48.72000 149.969
48.73000 151.838
48.74000 153.448
48.75000 158.750
48.76000 163.714
48.77000 167.248
48.78000 165.644
48.79000 163.577
48.80000 161.858
48.81000 160.989
48.82000 160.159
48.83000 159.637
48.84000 160.772
48.85000 161.612
48.86000 161.925
48.87000 161.651
48.88000 161.368
48.89000 159.776
48.90000 157.230
48.91000 154.734
48.92000 159.261
48.93000 166.954
48.94000 173.911
48.95000 169.762
48.96000 161.874
48.97000 154.564
48.98000 152.157
48.99000 150.865
49.00000 149.754
49.01000 158.455
49.02000 167.038
49.03000 173.539
49.04000 172.665
49.05000 171.143
49.06000 168.242
49.07000 162.008
49.08000 155.627
49.09000 151.634
49.10000 155.322
49.11000 158.065
49.12000 158.306
49.13000 155.802
49.14000 153.324
49.15000 154.974
49.16000 159.579
49.17000 164.092
49.18000 163.808
49.19000 161.296
49.20000 158.818
49.21000 156.834
49.22000 155.014
49.23000 153.483
49.24000 154.360
49.25000 155.776
49.26000 156.989
49.27000 155.918
49.28000 154.735
49.29000 154.397
49.30000 157.010
49.31000 159.877
49.32000 161.911
49.33000 161.963
49.34000 161.929
49.35000 161.909
49.36000 156.011
49.37000 151.705
49.38000 149.693
49.39000 150.155
49.40000 150.624
49.41000 151.819
49.42000 153.526
49.43000 155.198
49.44000 156.378
49.45000 157.287
49.46000 158.052
49.47000 156.755
49.48000 154.783
49.49000 153.500
49.50000 157.837
49.51000 163.412
49.52000 168.178
49.53000 168.175
49.54000 167.602
49.55000 167.502
49.56000 169.027
49.57000 170.689
49.58000 170.662
49.59000 166.674
49.60000 162.521
49.61000 159.953
49.62000 162.217
49.63000 163.890
49.64000 164.521
49.65000 164.047
49.66000 163.565
49.67000 162.085
49.68000 159.912
49.69000 157.786
49.70000 157.362
49.71000 157.724
49.72000 157.831
49.73000 154.353
49.74000 149.720
49.75000 146.012
49.76000 149.705
49.77000 155.002
49.78000 159.518
49.79000 160.213
49.80000 160.349
49.81000 160.402
49.82000 160.173
49.83000 159.921
49.84000 158.223
49.85000 153.181
49.86000 148.005
49.87000 144.824
49.88000 152.412
49.89000 157.948
49.90000 160.625
49.91000 160.322
49.92000 160.002
49.93000 157.840
49.94000 154.418
49.95000 151.073
49.96000 149.702
49.97000 149.267
49.98000 148.972
49.99000 150.595
50.00000 152.828
50.01000 154.442
50.02000 151.201
50.03000 146.923
50.04000 143.286
50.05000 147.153
50.06000 151.263
50.07000 153.790
50.08000 151.037
50.09000 147.859
50.10000 147.491
50.11000 153.526
50.12000 159.810
50.13000 163.649
50.14000 157.801
50.15000 153.538
50.16000 152.923
50.17000 156.049
50.18000 159.128
50.19000 157.078
50.20000 151.573
50.21000 146.199
50.22000 147.187
50.23000 150.921
50.24000 154.440
50.25000 155.092
50.26000 154.846
50.27000 155.025
50.28000 158.474
50.29000 162.610
50.30000 166.117
50.31000 160.427
50.32000 154.620
50.33000 150.780
50.34000 153.406
50.35000 156.538
50.36000 158.826
50.37000 159.216
50.38000 159.535
50.39000 159.728
50.40000 158.929
50.41000 158.351
50.42000 159.102
50.43000 161.192
50.44000 163.293
50.45000 166.452
50.46000 170.313
50.47000 174.079
50.48000 176.146
50.49000 177.388
50.50000 178.617
50.51000 179.687
50.52000 180.707
50.53000 181.749
50.54000 182.958
50.55000 184.200
50.56000 185.251
50.57000 186.654
50.58000 187.867
50.59000 190.044
50.60000 195.345
50.61000 200.885
50.62000 203.994
50.63000 201.719
50.64000 199.248
50.65000 197.757
50.66000 211.694
50.67000 221.726
50.68000 231.388
50.69000 240.682
50.70000 249.838
50.71000 246.174
50.72000 234.133
50.73000 222.397
50.74000 227.212
50.75000 238.829
50.76000 249.645
50.77000 250.259
50.78000 247.774
50.79000 245.376
50.80000 243.623
50.81000 242.001
50.82000 240.634
50.83000 235.199
50.84000 230.220
50.85000 225.789
50.86000 223.110
50.87000 220.561
50.88000 218.679
50.89000 218.249
50.90000 217.870
50.91000 217.643
50.92000 220.887
50.93000 223.214
50.94000 224.105
50.95000 223.596
50.96000 223.031
50.97000 217.627
50.98000 209.107
50.99000 200.813
51.00000 199.642
51.01000 201.502
51.02000 202.920
51.03000 198.844
51.04000 193.122
51.05000 187.947
51.06000 186.764
51.07000 186.380
51.08000 186.057
51.09000 184.271
51.10000 182.628
51.11000 180.493
51.12000 176.809
51.13000 173.012
51.14000 170.406
51.15000 170.363
51.16000 170.406
51.17000 170.431
51.18000 171.438
51.19000 172.157
51.20000 173.258
51.21000 174.725
51.22000 176.129
51.23000 172.497
51.24000 165.670
51.25000 159.030
51.26000 157.164
51.27000 157.352
51.28000 157.630
51.29000 159.011
51.30000 160.718
51.31000 161.577
51.32000 156.369
51.33000 149.965
51.34000 144.597
51.35000 148.824
51.36000 153.338
51.37000 156.650
51.38000 156.237
51.39000 155.558
51.40000 154.738
51.41000 153.617
51.42000 152.487
51.43000 151.819
51.44000 154.606
51.45000 156.595
51.46000 155.302
51.47000 150.918
51.48000 146.572
51.49000 145.184
51.50000 145.643
51.51000 146.090
51.52000 144.487
51.53000 142.136
51.54000 140.146
51.55000 142.448
51.56000 145.998
51.57000 148.575
51.58000 144.314
51.59000 138.728
51.60000 134.059
51.61000 141.144
51.62000 148.223
51.63000 153.049
51.64000 150.989
51.65000 148.450
51.66000 146.323
51.67000 145.057
51.68000 143.818
51.69000 143.090
51.70000 145.167
51.71000 146.647
51.72000 146.659
51.73000 145.313
51.74000 143.979
51.75000 143.536
51.76000 143.641
51.77000 143.744
51.78000 145.957
51.79000 148.898
51.80000 151.614
51.81000 151.712
51.82000 151.060
51.83000 150.674
51.84000 152.123
51.85000 153.922
51.86000 155.422
51.87000 145.865
51.88000 136.843
51.89000 130.805
51.90000 133.753
51.91000 137.309
51.92000 140.202
51.93000 141.730
51.94000 143.216
51.95000 144.084
51.96000 143.223
51.97000 142.609
51.98000 141.246
51.99000 139.200
52.00000 137.156
52.01000 135.197
52.02000 133.289
52.03000 131.440
52.04000 136.021
52.05000 142.880
52.06000 149.141
52.07000 148.598
52.08000 146.136
52.09000 143.796
52.10000 142.287
52.11000 140.933
52.12000 139.809
52.13000 137.049
52.14000 134.607
52.15000 133.488
52.16000 136.299
52.17000 139.370
52.18000 141.678
52.19000 142.437
52.20000 143.152
52.21000 143.566
52.22000 140.684
52.23000 138.647
52.24000 136.603
52.25000 134.553
52.26000 132.594
52.27000 136.480
52.28000 143.859
52.29000 151.006
52.30000 149.670
52.31000 145.135
52.32000 140.844
52.33000 139.278
52.34000 138.470
52.35000 137.849
52.36000 138.475
52.37000 139.331
52.38000 140.041
52.39000 138.957
52.40000 137.891
52.41000 137.530
52.42000 139.234
52.43000 141.071
52.44000 141.744
52.45000 140.090
52.46000 138.371
52.47000 137.380
52.48000 136.751
52.49000 136.313
52.50000 137.491
52.51000 140.096
52.52000 142.669
52.53000 143.361
52.54000 142.946
52.55000 142.544
52.56000 143.969
52.57000 146.008
52.58000 147.516
52.59000 143.241
52.60000 137.383
52.61000 132.303
52.62000 132.323
52.63000 133.269
52.64000 134.050
52.65000 136.596
52.66000 138.858
52.67000 141.261
52.68000 144.069
52.69000 146.902
52.70000 147.014
52.71000 141.760
52.72000 136.362
52.73000 133.272
52.74000 134.007
52.75000 134.534
52.76000 135.790
52.77000 137.679
52.78000 139.576
52.79000 141.953
52.80000 144.610
52.81000 147.178
52.82000 143.521
52.83000 137.747
52.84000 132.702
52.85000 135.423
52.86000 140.239
52.87000 143.617
52.88000 137.743
52.89000 130.217
52.90000 124.020
52.91000 127.828
52.92000 131.874
52.93000 136.387
52.94000 142.226
52.95000 148.145
52.96000 149.031
52.97000 140.132
52.98000 130.982
52.99000 125.780
53.00000 137.348
53.01000 145.452
53.02000 148.031
53.03000 145.893
53.04000 143.823
53.05000 145.524
53.06000 149.378
53.07000 153.099
53.08000 150.044
53.09000 144.676
53.10000 139.889
53.11000 141.161
53.12000 144.042
53.13000 146.614
53.14000 147.224
53.15000 147.490
53.16000 147.709
53.17000 145.342
53.18000 143.168
53.19000 140.882
53.20000 138.284
53.21000 135.667
53.22000 135.711
53.23000 140.850
53.24000 146.114
53.25000 149.086
53.26000 146.277
53.27000 144.312
53.28000 144.266
53.29000 145.834
53.30000 147.403
53.31000 149.069
53.32000 150.789
53.33000 152.447
53.34000 152.776
53.35000 152.605
53.36000 152.036
53.37000 147.399
53.38000 141.698
53.39000 137.343
53.40000 141.365
53.41000 146.834
53.42000 151.309
53.43000 151.983
53.44000 152.202
53.45000 152.354
53.46000 152.319
53.47000 152.273
53.48000 152.116
53.49000 151.749
53.50000 151.377
53.51000 151.169
53.52000 152.867
53.53000 154.043
53.54000 152.601
53.55000 148.992
53.56000 145.534
53.57000 149.460
53.58000 157.485
53.59000 165.212
53.60000 166.357
53.61000 165.088
53.62000 163.305
53.63000 156.377
53.64000 148.123
53.65000 141.048
53.66000 141.173
53.67000 142.520
53.68000 143.620
53.69000 144.891
53.70000 145.946
53.71000 146.377
53.72000 145.113
53.73000 143.754
53.74000 143.644
53.75000 145.857
53.76000 148.123
53.77000 149.384
53.78000 148.441
53.79000 147.781
53.80000 145.664
53.81000 142.360
53.82000 139.133
53.83000 139.501
53.84000 141.835
53.85000 144.080
53.86000 145.420
53.87000 146.360
53.88000 147.143
53.89000 146.402
53.90000 145.274
53.91000 144.709
53.92000 147.524
53.93000 150.904
53.94000 153.653
53.95000 148.337
53.96000 143.323
53.97000 139.991
53.98000 141.172
53.99000 142.600
54.00000 144.159
54.01000 145.956
54.02000 147.759
54.03000 148.755
54.04000 147.850
54.05000 147.222
54.06000 146.034
54.07000 144.399
54.08000 142.779
54.09000 141.843
54.10000 141.276
54.11000 140.731
54.12000 138.164
54.13000 135.065
54.14000 132.731
54.15000 137.738
54.16000 144.581
54.17000 149.717
54.18000 144.772
54.19000 138.173
54.20000 132.824
54.21000 129.965
54.22000 127.839
54.23000 127.571
54.24000 132.210
54.25000 137.111
54.26000 140.485
54.27000 141.102
54.28000 141.663
54.29000 141.970
54.30000 141.511
54.31000 141.191
54.32000 139.905
54.33000 137.856
54.34000 135.844
54.35000 135.346
54.36000 135.653
54.37000 135.948
54.38000 136.210
54.39000 136.444
54.40000 136.526
54.41000 135.185
54.42000 133.494
54.43000 132.416
54.44000 134.898
54.45000 137.954
54.46000 140.423
54.47000 138.202
54.48000 136.020
54.49000 134.741
54.50000 135.812
54.51000 137.004
54.52000 137.980
54.53000 138.571
54.54000 139.154
54.55000 139.471
54.56000 140.055
54.57000 140.455
54.58000 140.750
54.59000 140.961
54.60000 141.111
54.61000 138.728
54.62000 135.020
54.63000 131.468
54.64000 136.179
54.65000 143.334
54.66000 149.694
54.67000 148.714
54.68000 145.954
54.69000 143.480
54.70000 142.633
54.71000 142.046
54.72000 141.572
54.73000 143.021
54.74000 144.346
54.75000 144.514
54.76000 141.708
54.77000 138.753
54.78000 135.944
54.79000 133.391
54.80000 130.844
54.81000 129.467
54.82000 130.899
54.83000 131.877
54.84000 131.523
54.85000 130.151
54.86000 128.797
54.87000 128.155
54.88000 127.880
54.89000 127.617
54.90000 130.897
54.91000 135.117
54.92000 139.252
54.93000 142.618
54.94000 145.801
54.95000 148.622
54.96000 149.415
54.97000 149.892
54.98000 150.274
54.99000 143.099
55.00000 136.711
55.01000 133.213
55.02000 137.027
55.03000 141.200
55.04000 143.596
55.05000 142.921
55.06000 142.192
55.07000 141.802
55.08000 139.777
55.09000 138.407
55.10000 139.889
55.11000 143.518
55.12000 147.077
55.13000 148.000
55.14000 147.584
55.15000 147.186
55.16000 145.748
55.17000 144.073
55.18000 142.420
55.19000 140.949
55.20000 139.521
55.21000 138.669
55.22000 141.001
55.23000 143.819
55.24000 146.074
55.25000 144.898
55.26000 143.691
55.27000 144.462
55.28000 150.165
55.29000 156.103
55.30000 159.375
55.31000 158.109
55.32000 156.767
55.33000 156.052
55.34000 156.039
55.35000 156.034
55.36000 156.515
55.37000 157.356
55.38000 158.154
55.39000 157.383
55.40000 155.825
55.41000 154.338
55.42000 156.387
55.43000 159.415
55.44000 161.622
55.45000 156.696
55.46000 150.119
55.47000 145.231
55.48000 149.521
55.49000 155.192
55.50000 159.713
55.51000 157.800
55.52000 155.789
55.53000 156.863
55.54000 165.522
55.55000 174.530
55.56000 179.931
55.57000 179.280
55.58000 178.533
55.59000 178.138
55.60000 180.554
55.61000 182.228
55.62000 189.272
55.63000 200.235
55.64000 210.986
55.65000 214.404
55.66000 214.203
55.67000 214.011
55.68000 222.207
55.69000 232.433
55.70000 241.896
55.71000 244.867
55.72000 246.357
55.73000 248.545
55.74000 254.467
55.75000 260.941
55.76000 266.085
55.77000 282.388
55.78000 296.310
55.79000 311.309
55.80000 328.918
55.81000 346.644
55.82000 362.740
55.83000 376.140
55.84000 389.500
55.85000 396.500
55.86000 419.091
55.87000 434.389
55.88000 448.634
55.89000 462.121
55.90000 475.319
55.91000 478.874
55.92000 477.738
55.93000 476.656
55.94000 490.898
55.95000 508.802
55.96000 526.203
55.97000 539.391
55.98000 551.634
55.99000 562.071
56.00000 563.012
56.01000 562.575
56.02000 562.229
56.03000 560.585
56.04000 559.173
56.05000 557.839
56.06000 556.689
56.07000 555.547
56.08000 549.700
56.09000 536.191
56.10000 522.574
56.11000 515.496
56.12000 499.440
56.13000 488.611
56.14000 480.175
56.15000 473.433
56.16000 466.623
56.17000 457.659
56.18000 447.661
56.19000 438.158
56.20000 421.631
56.21000 404.227
56.22000 387.210
56.23000 373.367
56.24000 360.226
56.25000 347.024
56.26000 333.502
56.27000 319.935
56.28000 309.231
56.29000 303.024
56.30000 298.349
56.31000 293.512
56.32000 288.295
56.33000 283.062
56.34000 274.880
56.35000 261.967
56.36000 248.992
56.37000 242.301
56.38000 244.852
56.39000 246.487
56.40000 237.278
56.41000 220.513
56.42000 204.210
56.43000 202.139
56.44000 206.797
56.45000 211.218
56.46000 208.261
56.47000 203.332
56.48000 198.472
56.49000 194.160
56.50000 189.969
56.51000 185.412
56.52000 178.999
56.53000 172.326
56.54000 167.079
56.55000 169.358
56.56000 171.681
56.57000 173.028
56.58000 172.115
56.59000 171.109
56.60000 170.912
56.61000 171.991
56.62000 173.086
56.63000 173.646
56.64000 165.806
56.65000 160.566
56.66000 158.487
56.67000 158.577
56.68000 158.615
56.69000 157.140
56.70000 154.960
56.71000 152.893
56.72000 150.865
56.73000 149.009
56.74000 147.256
56.75000 146.326
56.76000 145.571
56.77000 145.059
56.78000 145.763
56.79000 146.635
56.80000 147.317
56.81000 144.707
56.82000 142.409
56.83000 140.316
56.84000 138.692
56.85000 137.087
56.86000 137.077
56.87000 139.553
56.88000 142.058
56.89000 143.328
56.90000 146.762
56.91000 149.001
56.92000 144.474
56.93000 135.375
56.94000 126.473
56.95000 123.249
56.96000 122.631
56.97000 122.046
56.98000 130.472
56.99000 140.823
57.00000 149.796
57.01000 148.096
57.02000 144.147
57.03000 140.446
57.04000 137.967
57.05000 135.653
57.06000 133.846
57.07000 137.643
57.08000 141.024
57.09000 141.959
57.10000 137.382
57.11000 132.596
57.12000 129.992
57.13000 130.733
57.14000 131.512
57.15000 131.903
57.16000 133.085
57.17000 133.858
57.18000 132.960
57.19000 130.951
57.20000 128.989
57.21000 128.325
57.22000 128.248
57.23000 128.176
57.24000 129.099
57.25000 130.229
57.26000 131.108
57.27000 130.077
57.28000 128.651
57.29000 127.528
57.30000 127.875
57.31000 128.417
57.32000 128.839
57.33000 133.491
57.34000 137.453
57.35000 140.312
57.36000 140.719
57.37000 141.037
57.38000 138.676
57.39000 132.266
57.40000 125.815
57.41000 122.624
57.42000 122.676
57.43000 122.721
57.44000 122.089
57.45000 121.013
57.46000 120.121
57.47000 124.138
57.48000 130.343
57.49000 136.199
57.50000 132.320
57.51000 126.045
57.52000 121.017
57.53000 125.282
57.54000 131.445
57.55000 136.049
57.56000 133.215
57.57000 129.413
57.58000 126.467
57.59000 127.967
57.60000 129.425
57.61000 129.878
57.62000 128.131
57.63000 126.307
57.64000 126.120
57.65000 128.371
57.66000 130.644
57.67000 128.881
57.68000 123.171
57.69000 117.541
57.70000 119.074
57.71000 125.233
57.72000 131.072
57.73000 128.660
57.74000 122.619
57.75000 116.928
57.76000 117.666
57.77000 120.108
57.78000 122.317
57.79000 122.819
57.80000 122.978
57.81000 123.506
57.82000 125.767
57.83000 128.250
57.84000 130.167
57.85000 127.080
57.86000 124.342
57.87000 123.441
57.88000 126.507
57.89000 129.708
57.90000 130.401
57.91000 127.414
57.92000 124.395
57.93000 124.298
57.94000 127.010
57.95000 129.697
57.96000 130.265
57.97000 129.486
57.98000 128.730
57.99000 128.523
58.00000 128.554
58.01000 128.584
58.02000 130.370
58.03000 132.477
58.04000 133.948
58.05000 130.843
58.06000 126.833
58.07000 123.731
58.08000 124.831
58.09000 126.457
58.10000 127.708
58.11000 132.255
58.12000 136.039
58.13000 136.009
58.14000 127.864
58.15000 119.453
58.16000 114.471
58.17000 114.442
58.18000 114.453
58.19000 116.606
58.20000 120.784
58.21000 124.919
58.22000 125.763
58.23000 124.543
58.24000 123.330
58.25000 122.271
58.26000 121.278
58.27000 120.345
58.28000 120.503
58.29000 120.938
58.30000 121.710
58.31000 124.858
58.32000 128.468
58.33000 131.127
58.34000 129.452
58.35000 127.243
58.36000 125.551
58.37000 126.968
58.38000 128.258
58.39000 127.709
58.40000 123.300
58.41000 118.770
58.42000 117.482
58.43000 120.805
58.44000 124.162
58.45000 125.093
58.46000 123.770
58.47000 122.456
58.48000 121.889
58.49000 121.783
58.50000 121.638
58.51000 120.560
58.52000 119.091
58.53000 117.713
58.54000 114.086
58.55000 110.196
58.56000 107.038
58.57000 108.960
58.58000 111.854
58.59000 114.251
58.60000 114.418
58.61000 114.316
58.62000 114.239
58.63000 121.005
58.64000 126.706
58.65000 130.790
58.66000 131.531
58.67000 132.171
58.68000 129.860
58.69000 123.418
58.70000 116.950
58.71000 116.208
58.72000 120.702
58.73000 125.146
58.74000 126.099
58.75000 124.930
58.76000 123.677
58.77000 120.527
58.78000 116.588
58.79000 112.901
58.80000 112.478
58.81000 112.933
58.82000 114.118
58.83000 120.269
58.84000 127.355
58.85000 132.083
58.86000 126.399
58.87000 119.484
58.88000 114.225
58.89000 118.153
58.90000 121.724
58.91000 121.842
58.92000 114.928
58.93000 107.809
58.94000 106.341
58.95000 112.666
58.96000 119.036
58.97000 122.237
58.98000 122.583
58.99000 122.915
59.00000 122.303
59.01000 121.126
59.02000 119.974
59.03000 119.398
59.04000 119.058
59.05000 118.740
59.06000 118.634
59.07000 118.591
59.08000 118.403
59.09000 117.241
59.10000 115.898
59.11000 115.436
59.12000 118.801
59.13000 122.610
59.14000 125.496
59.15000 124.163
59.16000 122.902
59.17000 123.356
59.18000 127.253
59.19000 131.246
59.20000 131.499
59.21000 126.673
59.22000 121.820
59.23000 118.936
59.24000 117.797
59.25000 116.644
59.26000 114.670
59.27000 112.210
59.28000 109.920
59.29000 111.237
59.30000 114.009
59.31000 116.595
59.32000 118.072
59.33000 119.135
59.34000 120.098
59.35000 120.405
59.36000 120.592
59.37000 120.697
59.38000 120.452
59.39000 120.168
59.40000 119.953
59.41000 121.161
59.42000 122.178
59.43000 122.953
59.44000 123.250
59.45000 123.533
59.46000 123.444
59.47000 122.856
59.48000 122.266
59.49000 122.277
59.50000 122.811
59.51000 123.305
59.52000 121.484
59.53000 118.317
59.54000 115.329
59.55000 116.051
59.56000 118.246
59.57000 120.292
59.58000 118.848
59.59000 116.689
59.60000 115.050
59.61000 116.775
59.62000 119.103
59.63000 120.940
59.64000 120.705
59.65000 120.239
59.66000 119.888
59.67000 125.689
59.68000 130.519
59.69000 133.504
59.70000 132.889
59.71000 132.181
59.72000 129.736
59.73000 125.003
59.74000 120.264
59.75000 120.167
59.76000 124.039
59.77000 127.824
59.78000 126.757
59.79000 122.909
59.80000 119.089
59.81000 115.841
59.82000 112.818
59.83000 110.006
59.84000 111.411
59.85000 113.694
59.86000 115.968
59.87000 118.190
59.88000 120.402
59.89000 122.365
59.90000 123.290
59.91000 124.102
59.92000 124.710
59.93000 125.576
59.94000 126.263
59.95000 126.194
59.96000 124.675
59.97000 123.119
59.98000 121.225
59.99000 118.894
60.00000 116.563
60.01000 116.546
60.02000 118.475
60.03000 120.387
60.04000 121.371
60.05000 121.830
60.06000 122.334
60.07000 123.721
60.08000 125.450
60.09000 127.054
60.10000 123.260
60.11000 118.562
60.12000 114.136
60.13000 111.412
60.14000 108.982
60.15000 107.826
60.16000 111.868
60.17000 116.468
60.18000 119.897
60.19000 121.245
60.20000 122.199
60.21000 121.317
60.22000 116.956
60.23000 112.512
60.24000 109.997
60.25000 109.943
60.26000 109.897
60.27000 110.509
60.28000 111.664
60.29000 112.824
60.30000 114.269
60.31000 115.873
60.32000 117.497
60.33000 119.480
60.34000 121.599
60.35000 123.563
60.36000 119.681
60.37000 114.825
60.38000 110.745
60.39000 111.415
60.40000 112.895
60.41000 114.777
60.42000 118.277
60.43000 121.947
60.44000 124.673
60.45000 126.067
60.46000 127.092
60.47000 127.058
60.48000 125.048
60.49000 122.993
60.50000 120.555
60.51000 117.637
60.52000 114.721
60.53000 114.881
60.54000 117.544
60.55000 120.193
60.56000 122.174
60.57000 123.788
60.58000 125.234
60.59000 123.582
60.60000 120.768
60.61000 118.164
60.62000 120.493
60.63000 123.714
60.64000 125.675
60.65000 120.038
60.66000 113.127
60.67000 108.377
60.68000 112.184
60.69000 116.872
60.70000 120.338
60.71000 122.664
60.72000 124.420
60.73000 124.661
60.74000 122.116
60.75000 119.512
60.76000 119.017
60.77000 121.131
60.78000 123.248
60.79000 122.984
60.80000 120.813
60.81000 118.689
60.82000 118.697
60.83000 119.858
60.84000 120.977
60.85000 121.353
60.86000 121.453
60.87000 121.546
60.88000 121.060
60.89000 120.494
60.90000 120.134
60.91000 120.992
60.92000 122.050
60.93000 122.712
60.94000 121.827
60.95000 120.787
60.96000 120.020
60.97000 114.231
60.98000 109.540
60.99000 109.119
61.00000 116.434
61.01000 123.910
61.02000 126.783
61.03000 124.058
61.04000 121.324
61.05000 119.056
61.06000 117.167
61.07000 115.334
61.08000 115.978
61.09000 117.941
61.10000 119.784
61.11000 119.535
61.12000 118.525
61.13000 117.593
61.14000 119.323
61.15000 121.460
61.16000 123.480
61.17000 124.812
61.18000 126.034
61.19000 127.299
61.20000 128.732
61.21000 130.181
61.22000 131.243
61.23000 131.011
61.24000 130.779
61.25000 129.455
61.26000 126.183
61.27000 122.871
61.28000 121.510
61.29000 122.484
61.30000 123.460
61.31000 125.438
61.32000 128.180
61.33000 130.812
61.34000 128.860
61.35000 124.502
61.36000 120.404
61.37000 120.735
61.38000 122.656
61.39000 124.423
61.40000 124.819
61.41000 124.875
61.42000 125.580
61.43000 130.007
61.44000 135.026
61.45000 138.268
61.46000 134.784
61.47000 130.649
61.48000 127.630
61.49000 138.186
61.50000 146.853
61.51000 157.993
61.52000 173.483
61.53000 189.054
61.54000 205.205
61.55000 222.037
61.56000 238.831
61.57000 253.702
61.58000 267.019
61.59000 280.336
61.60000 293.642
61.61000 306.942
61.62000 319.896
61.63000 327.113
61.64000 332.300
61.65000 337.063
61.66000 347.482
61.67000 357.987
61.68000 366.547
61.69000 364.147
61.70000 360.033
61.71000 358.179
61.72000 364.757
61.73000 372.133
61.74000 377.495
61.75000 357.699
61.76000 341.518
61.77000 325.295
61.78000 308.999
61.79000 292.703
61.80000 273.635
61.81000 251.356
61.82000 229.133
61.83000 210.583
61.84000 194.912
61.85000 179.432
61.86000 171.150
61.87000 166.540
61.88000 161.827
61.89000 155.453
61.90000 148.500
61.91000 142.127
61.92000 138.588
61.93000 136.031
61.94000 134.427
61.95000 138.100
61.96000 142.584
61.97000 145.238
61.98000 141.168
61.99000 136.475
62.00000 133.078
62.01000 133.093
62.02000 133.230
62.03000 133.833
62.04000 135.232
62.05000 136.645
62.06000 135.697
62.07000 132.058
62.08000 128.426
62.09000 128.554
62.10000 131.455
62.11000 134.261
62.12000 133.615
62.13000 131.235
62.14000 129.038
62.15000 129.724
62.16000 131.401
62.17000 132.935
62.18000 132.044
62.19000 130.751
62.20000 129.925
62.21000 131.642
62.22000 133.743
62.23000 136.052
62.24000 139.111
62.25000 142.238
62.26000 144.491
62.27000 140.645
62.28000 137.482
62.29000 136.044
62.30000 137.511
62.31000 139.024
62.32000 138.153
62.33000 134.607
62.34000 131.071
62.35000 130.899
62.36000 133.172
62.37000 135.450
62.38000 137.903
62.39000 140.444
62.40000 142.583
62.41000 138.591
62.42000 132.523
62.43000 126.982
62.44000 130.173
62.45000 134.778
62.46000 138.426
62.47000 136.939
62.48000 134.691
62.49000 132.939
62.50000 132.961
62.51000 133.139
62.52000 133.268
62.53000 135.185
62.54000 136.712
62.55000 137.927
62.56000 138.623
62.57000 139.311
62.58000 139.194
62.59000 138.187
62.60000 137.184
62.61000 137.569
62.62000 138.943
62.63000 140.211
62.64000 137.945
62.65000 133.953
62.66000 130.452
62.67000 134.252
62.68000 140.491
62.69000 146.176
62.70000 143.789
62.71000 140.064
62.72000 137.023
62.73000 137.590
62.74000 138.683
62.75000 140.006
62.76000 142.139
62.77000 144.342
62.78000 145.915
62.79000 139.160
62.80000 133.729
62.81000 128.543
62.82000 123.756
62.83000 118.974
62.84000 121.614
62.85000 132.310
62.86000 142.966
62.87000 146.060
62.88000 143.808
62.89000 141.597
62.90000 140.723
62.91000 140.491
62.92000 140.202
62.93000 139.075
62.94000 137.672
62.95000 136.395
62.96000 138.459
62.97000 140.939
62.98000 142.762
62.99000 141.175
63.00000 139.100
63.01000 136.792
63.02000 133.681
63.03000 130.501
63.04000 128.240
63.05000 134.651
63.06000 139.810
63.07000 142.604
63.08000 141.589
63.09000 140.522
63.10000 141.597
63.11000 144.957
63.12000 148.302
63.13000 145.605
63.14000 138.759
63.15000 132.148
63.16000 132.866
63.17000 137.060
63.18000 140.766
63.19000 137.572
63.20000 132.140
63.21000 127.209
63.22000 131.629
63.23000 137.333
63.24000 142.142
63.25000 142.381
63.26000 141.977
63.27000 141.233
63.28000 139.327
63.29000 137.324
63.30000 135.907
63.31000 137.380
63.32000 138.588
63.33000 138.395
63.34000 135.978
63.35000 133.534
63.36000 133.093
63.37000 134.757
63.38000 136.413
63.39000 140.156
63.40000 145.275
63.41000 150.167
63.42000 148.225
63.43000 143.088
63.44000 138.265
63.45000 137.774
63.46000 138.667
63.47000 139.476
63.48000 142.941
63.49000 146.497
63.50000 148.719
63.51000 144.233
63.52000 138.822
63.53000 134.678
63.54000 134.795
63.55000 135.257
63.56000 135.582
63.57000 140.570
63.58000 144.492
63.59000 145.675
63.60000 142.579
63.61000 139.432
63.62000 138.596
63.63000 140.146
63.64000 141.688
63.65000 141.983
63.66000 141.440
63.67000 140.927
63.68000 141.276
63.69000 142.022
63.70000 142.885
63.71000 145.327
63.72000 148.267
63.73000 150.925
63.74000 147.786
63.75000 143.945
63.76000 141.061
63.77000 142.911
63.78000 145.402
63.79000 147.026
63.80000 145.780
63.81000 144.306
63.82000 143.273
63.83000 145.511
63.84000 147.299
63.85000 148.941
63.86000 150.359
63.87000 151.774
63.88000 152.604
63.89000 152.838
63.90000 153.072
63.91000 151.232
63.92000 148.050
63.93000 144.966
63.94000 144.606
63.95000 145.482
63.96000 146.118
63.97000 143.573
63.98000 140.043
63.99000 136.857
64.00000 141.119
64.01000 146.222
64.02000 150.239
64.03000 148.967
64.04000 146.990
64.05000 146.111
64.06000 148.814
64.07000 151.794
64.08000 153.874
64.09000 153.875
64.10000 153.817
64.11000 155.489
64.12000 159.782
64.13000 164.102
64.14000 164.073
64.15000 159.700
64.16000 155.356
64.17000 153.655
64.18000 153.693
64.19000 153.860
64.20000 157.505
64.21000 162.706
64.22000 167.317
64.23000 164.337
64.24000 159.036
64.25000 154.264
64.26000 155.437
64.27000 157.533
64.28000 159.409
64.29000 160.227
64.30000 160.907
64.31000 161.068
64.32000 159.565
64.33000 157.937
64.34000 156.805
64.35000 157.190
64.36000 157.520
64.37000 157.826
64.38000 158.097
64.39000 158.368
64.40000 158.748
64.41000 159.235
64.42000 159.720
64.43000 162.180
64.44000 165.864
64.45000 169.428
64.46000 169.862
64.47000 168.915
64.48000 167.887
64.49000 165.839
64.50000 163.484
64.51000 161.368
64.52000 166.854
64.53000 172.996
64.54000 177.594
64.55000 174.911
64.56000 171.295
64.57000 168.132
64.58000 166.407
64.59000 164.787
64.60000 163.667
64.61000 173.431
64.62000 181.055
64.63000 183.972
64.64000 179.968
64.65000 175.903
64.66000 174.846
64.67000 176.694
64.68000 178.528
64.69000 176.389
64.70000 171.790
64.71000 167.541
64.72000 172.112
64.73000 180.518
64.74000 188.099
64.75000 185.554
64.76000 180.003
64.77000 175.027
64.78000 182.864
64.79000 191.930
64.80000 198.744
64.81000 195.105
64.82000 190.150
64.83000 186.357
64.84000 186.185
64.85000 186.274
64.86000 186.335
64.87000 182.625
64.88000 179.747
64.89000 178.480
64.90000 179.548
64.91000 180.636
64.92000 182.053
64.93000 183.785
64.94000 185.503
64.95000 187.477
64.96000 189.576
64.97000 191.568
64.98000 190.930
64.99000 189.165
65.00000 187.972
65.01000 193.647
65.02000 201.332
65.03000 208.205
65.04000 206.390
65.05000 203.329
65.06000 200.949
65.07000 201.683
65.08000 202.802
65.09000 205.813
65.10000 214.644
65.11000 223.884
65.12000 230.210
65.13000 222.650
65.14000 216.657
65.15000 214.062
65.16000 216.313
65.17000 218.600
65.18000 221.565
65.19000 225.160
65.20000 228.726
65.21000 234.875
65.22000 242.483
65.23000 249.881
65.24000 252.316
65.25000 252.655
65.26000 252.848
65.27000 251.336
65.28000 249.332
65.29000 247.543
65.30000 254.099
65.31000 261.201
65.32000 268.112
65.33000 274.164
65.34000 280.111
65.35000 286.468
65.36000 294.064
65.37000 301.744
65.38000 306.977
65.39000 311.440
65.40000 314.757
65.41000 320.677
65.42000 330.254
65.43000 339.856
65.44000 347.915
65.45000 354.557
65.46000 361.140
65.47000 370.796
65.48000 382.105
65.49000 393.421
65.50000 404.883
65.51000 416.406
65.52000 427.603
65.53000 435.061
65.54000 441.458
65.55000 447.155
65.56000 466.399
65.57000 485.344
65.58000 502.894
65.59000 514.264
65.60000 524.899
65.61000 537.885
65.62000 557.892
65.63000 578.368
65.64000 592.246
65.65000 637.365
65.66000 671.692
65.67000 725.661
65.68000 806.805
65.69000 888.132
65.70000 987.670
65.71000 1103.655
65.72000 1218.544
65.73000 1357.971
65.74000 1509.007
65.75000 1659.745
65.76000 1803.863
65.77000 1945.264
65.78000 2084.824
65.79000 2203.692
65.80000 2316.772
65.81000 2417.241
65.82000 2490.541
65.83000 2549.736
65.84000 2600.136
65.85000 2612.201
65.86000 2619.797
65.87000 2624.255
65.88000 2619.475
65.89000 2614.094
65.90000 2610.465
65.91000 2556.727
65.92000 2515.688
65.93000 2442.105
65.94000 2324.187
65.95000 2205.992
65.96000 2062.808
65.97000 1897.421
65.98000 1733.695
65.99000 1552.868
66.00000 1366.011
66.01000 1181.940
66.02000 1057.703
66.03000 957.665
66.04000 859.750
66.05000 785.163
66.06000 717.005
66.07000 656.586
66.08000 607.133
66.09000 566.055
66.10000 528.884
66.11000 508.485
66.12000 490.003
66.13000 475.225
66.14000 471.194
66.15000 467.845
66.16000 465.598
66.17000 459.444
66.18000 454.796
66.19000 450.924
66.20000 448.092
66.21000 445.269
66.22000 446.588
66.23000 451.527
66.24000 456.414
66.25000 467.403
66.26000 481.627
66.27000 496.531
66.28000 525.605
66.29000 560.330
66.30000 594.612
66.31000 624.146
66.32000 652.390
66.33000 677.370
66.34000 700.624
66.35000 720.451
66.36000 738.314
66.37000 747.873
66.38000 756.501
66.39000 764.420
66.40000 770.313
66.41000 776.079
66.42000 779.928
66.43000 790.942
66.44000 799.240
66.45000 795.784
66.46000 776.804
66.47000 757.757
66.48000 741.980
66.49000 729.016
66.50000 716.200
66.51000 692.711
66.52000 663.786
66.53000 634.869
66.54000 606.108
66.55000 577.409
66.56000 549.052
66.57000 524.292
66.58000 500.495
66.59000 479.497
66.60000 461.279
66.61000 445.987
66.62000 433.283
66.63000 431.347
66.64000 430.594
66.65000 428.038
66.66000 420.403
66.67000 412.462
66.68000 407.190
66.69000 406.416
66.70000 405.928
66.71000 404.347
66.72000 401.346
66.73000 398.341
66.74000 396.014
66.75000 394.262
66.76000 392.531
66.77000 390.348
66.78000 387.971
66.79000 386.030
66.80000 392.661
66.81000 402.612
66.82000 412.051
66.83000 416.212
66.84000 418.982
66.85000 421.421
66.86000 424.656
66.87000 427.561
66.88000 428.625
66.89000 422.141
66.90000 414.844
66.91000 409.455
66.92000 409.362
66.93000 409.579
66.94000 409.723
66.95000 414.967
66.96000 418.924
66.97000 418.396
66.98000 412.125
66.99000 405.849
67.00000 406.925
67.01000 414.127
67.02000 421.237
67.03000 428.831
67.04000 436.489
67.05000 443.939
67.06000 447.414
67.07000 449.372
67.08000 450.246
67.09000 440.188
67.10000 427.293
67.11000 415.969
67.12000 418.789
67.13000 423.292
67.14000 427.290
67.15000 429.254
67.16000 431.003
67.17000 431.894
67.18000 430.433
67.19000 428.838
67.20000 427.790
67.21000 426.573
67.22000 425.675
67.23000 425.637
67.24000 426.684
67.25000 427.734
67.26000 428.702
67.27000 429.604
67.28000 430.494
67.29000 440.005
67.30000 453.873
67.31000 467.199
67.32000 470.476
67.33000 469.972
67.34000 468.952
67.35000 462.829
67.36000 455.401
67.37000 448.894
67.38000 459.887
67.39000 471.843
67.40000 480.304
67.41000 474.871
67.42000 468.002
67.43000 466.007
67.44000 477.163
67.45000 489.049
67.46000 496.816
67.47000 476.783
67.48000 461.624
67.49000 456.482
67.50000 463.760
67.51000 471.068
67.52000 476.457
67.53000 480.298
67.54000 484.085
67.55000 485.149
67.56000 484.748
67.57000 484.534
67.58000 487.704
67.59000 492.129
67.60000 496.778
67.61000 503.606
67.62000 510.981
67.63000 517.427
67.64000 515.085
67.65000 511.835
67.66000 510.165
67.67000 514.681
67.68000 519.824
67.69000 520.521
67.70000 509.396
67.71000 497.633
67.72000 489.989
67.73000 499.660
67.74000 507.011
67.75000 513.072
67.76000 517.556
67.77000 522.050
67.78000 530.537
67.79000 542.195
67.80000 553.682
67.81000 553.424
67.82000 547.084
67.83000 541.206
67.84000 543.427
67.85000 548.609
67.86000 553.041
67.87000 550.357
67.88000 545.910
67.89000 542.033
67.90000 547.209
67.91000 552.891
67.92000 557.786
67.93000 559.645
67.94000 561.203
67.95000 562.664
67.96000 563.869
67.97000 565.061
67.98000 565.831
67.99000 559.362
68.00000 554.526
68.01000 555.627
68.02000 563.859
68.03000 572.110
68.04000 581.404
68.05000 591.513
68.06000 601.466
68.07000 601.165
68.08000 595.639
68.09000 590.336
68.10000 588.826
68.11000 588.682
68.12000 588.921
68.13000 592.722
68.14000 597.393
68.15000 601.455
68.16000 614.240
68.17000 626.339
68.18000 636.152
68.19000 637.283
68.20000 637.570
68.21000 638.453
68.22000 640.872
68.23000 643.370
68.24000 644.975
68.25000 637.406
68.26000 631.757
68.27000 631.422
68.28000 637.370
68.29000 643.340
68.30000 652.069
68.31000 662.921
68.32000 673.598
68.33000 680.356
68.34000 684.930
68.35000 689.334
68.36000 690.906
68.37000 691.472
68.38000 693.355
68.39000 707.225
68.40000 723.978
68.41000 738.511
68.42000 735.265
68.43000 730.123
68.44000 730.843
68.45000 753.496
68.46000 778.234
68.47000 796.626
68.48000 798.860
68.49000 800.294
68.50000 801.211
68.51000 812.902
68.52000 821.553
68.53000 840.617
68.54000 871.793
68.55000 902.915
68.56000 918.692
68.57000 922.845
68.58000 926.927
68.59000 958.512
68.60000 1002.648
68.61000 1046.079
68.62000 1078.110
68.63000 1106.151
68.64000 1136.486
68.65000 1187.300
68.66000 1242.963
68.67000 1291.127
68.68000 1377.814
68.69000 1456.561
68.70000 1527.451
68.71000 1569.381
68.72000 1608.617
68.73000 1658.810
68.74000 1736.504
68.75000 1815.519
68.76000 1865.732
68.77000 1956.629
68.78000 2023.146
68.79000 2085.485
68.80000 2143.042
68.81000 2200.697
68.82000 2278.154
68.83000 2370.379
68.84000 2460.965
68.85000 2584.493
68.86000 2719.795
68.87000 2862.480
68.88000 3121.522
68.89000 3420.692
68.90000 3755.928
68.91000 4406.939
68.92000 5131.561
68.93000 5756.952
68.94000 7835.272
68.95000 9785.755
68.96000 12093.618
68.97000 15698.998
68.98000 19422.537
68.99000 23482.910
69.00000 28376.488
69.01000 33308.906
69.02000 36425.418
69.03000 42168.762
69.04000 46361.180
69.05000 49766.512
69.06000 52285.516
69.07000 54799.238
69.08000 56527.438
69.09000 57678.719
69.10000 58808.590
69.11000 59738.262
69.12000 60538.785
69.13000 61349.148
69.14000 62310.613
69.15000 63323.441
69.16000 64290.984
69.17000 64869.746
69.18000 65359.270
69.19000 65780.664
69.20000 64147.094
69.21000 62504.230
69.22000 60399.090
69.23000 56640.504
69.24000 52734.605
69.25000 48902.102
69.26000 45248.555
69.27000 41603.094
69.28000 39313.086
69.29000 36374.230
69.30000 34242.379
69.31000 32669.277
69.32000 31715.160
69.33000 30763.467
69.34000 30132.053
69.35000 29732.254
69.36000 29340.223
69.37000 28482.984
69.38000 27438.119
69.39000 26350.926
69.40000 24629.926
69.41000 22696.625
69.42000 20699.016
69.43000 18159.879
69.44000 15498.369
69.45000 13213.281
69.46000 10812.829
69.47000 8769.122
69.48000 6916.257
69.49000 5735.872
69.50000 4614.092
69.51000 3663.791
69.52000 3125.581
69.53000 2605.424
69.54000 2280.585
69.55000 2022.018
69.56000 1836.200
69.57000 1680.798
69.58000 1558.540
69.59000 1436.523
69.60000 1347.073
69.61000 1280.814
69.62000 1215.899
69.63000 1174.344
69.64000 1145.224
69.65000 1115.323
69.66000 1074.011
69.67000 1028.933
69.68000 984.707
69.69000 947.522
69.70000 911.903
69.71000 881.404
69.72000 860.805
69.73000 844.623
69.74000 828.788
69.75000 814.156
69.76000 799.628
69.77000 782.691
69.78000 760.051
69.79000 737.169
69.80000 722.964
69.81000 712.295
69.82000 704.652
69.83000 694.785
69.84000 682.534
69.85000 670.341
69.86000 665.902
69.87000 666.900
69.88000 667.877
69.89000 656.526
69.90000 639.991
69.91000 623.609
69.92000 609.401
69.93000 595.900
69.94000 583.323
69.95000 578.230
69.96000 574.777
69.97000 571.828
69.98000 567.877
69.99000 564.429
70.00000 562.201
