20.00000 496.528
20.01000 494.046
20.02000 491.209
20.03000 488.512
20.04000 486.367
20.05000 484.278
20.06000 482.736
20.07000 478.127
20.08000 474.424
20.09000 472.315
20.10000 473.126
20.11000 473.999
20.12000 478.612
20.13000 487.824
20.14000 497.033
20.15000 498.548
20.16000 493.928
20.17000 489.395
20.18000 488.753
20.19000 490.204
20.20000 491.431
20.21000 488.665
20.22000 484.429
20.23000 480.519
20.24000 484.574
20.25000 489.992
20.26000 494.556
20.27000 494.082
20.28000 492.782
20.29000 490.997
20.30000 487.325
20.31000 483.464
20.32000 480.625
20.33000 480.642
20.34000 480.773
20.35000 479.398
20.36000 475.304
20.37000 471.156
20.38000 471.583
20.39000 477.550
20.40000 483.518
20.41000 484.546
20.42000 481.699
20.43000 478.789
20.44000 473.153
20.45000 466.073
20.46000 459.804
20.47000 467.562
20.48000 480.408
20.49000 492.242
20.50000 488.116
20.51000 480.912
20.52000 475.437
20.53000 479.995
20.54000 486.169
20.55000 489.685
20.56000 483.031
20.57000 475.378
20.58000 469.774
20.59000 480.119
20.60000 488.742
20.61000 494.398
20.62000 494.778
20.63000 495.055
20.64000 495.814
20.65000 497.145
20.66000 498.475
20.67000 494.241
20.68000 485.740
20.69000 477.342
20.70000 473.155
20.71000 471.169
20.72000 469.179
20.73000 467.123
20.74000 465.044
20.75000 463.132
20.76000 467.106
20.77000 471.929
20.78000 476.785
20.79000 481.831
20.80000 486.906
20.81000 490.371
20.82000 487.768
20.83000 484.582
20.84000 482.259
20.85000 485.554
20.86000 488.309
20.87000 488.188
20.88000 483.028
20.89000 477.774
20.90000 477.235
20.91000 482.222
20.92000 487.204
20.93000 488.177
20.94000 486.101
20.95000 483.920
20.96000 477.649
20.97000 469.271
20.98000 461.951
20.99000 471.967
21.00000 488.091
21.01000 502.890
21.02000 493.660
21.03000 480.319
21.04000 469.667
21.05000 474.096
21.06000 480.872
21.07000 486.658
21.08000 488.773
21.09000 490.543
21.10000 491.827
21.11000 490.082
21.12000 488.626
21.13000 488.393
21.14000 490.273
21.15000 492.190
21.16000 491.673
21.17000 488.348
21.18000 485.029
21.19000 483.846
21.20000 484.264
21.21000 484.652
21.22000 483.865
21.23000 482.482
21.24000 481.178
21.25000 481.135
21.26000 481.529
21.27000 481.891
21.28000 481.578
21.29000 481.158
21.30000 481.093
21.31000 482.985
21.32000 485.176
21.33000 486.355
21.34000 483.834
21.35000 480.973
21.36000 478.905
21.37000 473.637
21.38000 469.478
21.39000 468.511
21.40000 472.975
21.41000 477.529
21.42000 480.472
21.43000 481.588
21.44000 482.698
21.45000 484.374
21.46000 486.452
21.47000 488.424
21.48000 486.606
21.49000 482.892
21.50000 479.554
21.51000 482.074
21.52000 486.600
21.53000 490.737
21.54000 497.153
21.55000 503.323
21.56000 508.235
21.57000 506.320
21.58000 503.380
21.59000 498.423
21.60000 486.198
21.61000 473.319
21.62000 464.049
21.63000 467.503
21.64000 470.595
21.65000 474.384
21.66000 479.341
21.67000 484.316
21.68000 487.838
21.69000 489.736
21.70000 491.627
21.71000 497.845
21.72000 507.137
21.73000 516.136
21.74000 515.062
21.75000 509.020
21.76000 503.528
21.77000 506.366
21.78000 512.015
21.79000 517.170
21.80000 520.391
21.81000 522.859
21.82000 525.136
21.83000 526.395
21.84000 527.504
21.85000 529.530
21.86000 534.810
21.87000 540.378
21.88000 544.367
21.89000 541.970
21.90000 539.922
21.91000 542.527
21.92000 552.815
21.93000 563.218
21.94000 565.863
21.95000 559.986
21.96000 554.127
21.97000 556.415
21.98000 564.473
21.99000 572.711
22.00000 586.925
22.01000 604.044
22.02000 621.043
22.03000 636.267
22.04000 650.899
22.05000 664.227
22.06000 660.616
22.07000 654.056
22.08000 648.408
22.09000 647.549
22.10000 647.384
22.11000 649.443
22.12000 659.274
22.13000 669.775
22.14000 677.265
22.15000 656.886
22.16000 640.429
22.17000 628.316
22.18000 623.268
22.19000 618.320
22.20000 617.399
22.21000 620.829
22.22000 624.247
22.23000 622.599
22.24000 617.425
22.25000 611.931
22.26000 596.245
22.27000 575.675
22.28000 556.581
22.29000 558.742
22.30000 567.867
22.31000 576.162
22.32000 569.400
22.33000 560.485
22.34000 553.066
22.35000 553.375
22.36000 554.783
22.37000 552.829
22.38000 539.290
22.39000 524.776
22.40000 514.469
22.41000 508.625
22.42000 504.319
22.43000 500.713
22.44000 498.229
22.45000 495.759
22.46000 493.963
22.47000 492.883
22.48000 491.808
22.49000 490.662
22.50000 489.481
22.51000 488.235
22.52000 484.981
22.53000 480.779
22.54000 477.031
22.55000 479.685
22.56000 484.406
22.57000 488.688
22.58000 482.672
22.59000 475.388
22.60000 469.442
22.61000 470.295
22.62000 472.099
22.63000 471.144
22.64000 460.821
22.65000 449.727
22.66000 441.885
22.67000 449.576
22.68000 455.893
22.69000 460.312
22.70000 461.733
22.71000 463.118
22.72000 459.898
22.73000 451.866
22.74000 443.874
22.75000 446.769
22.76000 457.002
22.77000 466.776
22.78000 462.943
22.79000 452.777
22.80000 443.406
22.81000 444.943
22.82000 449.951
22.83000 454.484
22.84000 457.575
22.85000 460.027
22.86000 461.872
22.87000 460.679
22.88000 459.069
22.89000 456.794
22.90000 452.298
22.91000 447.623
22.92000 444.333
22.93000 446.430
22.94000 448.178
22.95000 450.351
22.96000 453.187
22.97000 456.031
22.98000 456.920
22.99000 455.799
23.00000 454.685
23.01000 447.669
23.02000 436.810
23.03000 426.373
23.04000 428.017
23.05000 435.203
23.06000 442.147
23.07000 445.847
23.08000 448.532
23.09000 450.956
23.10000 445.022
23.11000 438.256
23.12000 432.359
23.13000 430.734
23.14000 429.685
23.15000 431.278
23.16000 441.574
23.17000 452.554
23.18000 460.243
23.19000 455.953
23.20000 452.366
23.21000 447.168
23.22000 439.501
23.23000 431.807
23.24000 431.596
23.25000 438.945
23.26000 446.250
23.27000 451.797
23.28000 456.114
23.29000 460.264
23.30000 459.767
23.31000 457.171
23.32000 454.649
23.33000 453.103
23.34000 451.860
23.35000 450.739
23.36000 444.339
23.37000 437.762
23.38000 431.867
23.39000 429.275
23.40000 427.121
23.41000 425.614
23.42000 426.210
23.43000 426.967
23.44000 427.495
23.45000 439.409
23.46000 448.713
23.47000 452.756
23.48000 448.860
23.49000 444.883
23.50000 444.108
23.51000 446.514
23.52000 448.905
23.53000 445.853
23.54000 439.333
23.55000 432.910
23.56000 429.104
23.57000 426.462
23.58000 424.156
23.59000 426.132
23.60000 429.413
23.61000 432.364
23.62000 441.399
23.63000 450.402
23.64000 457.353
23.65000 454.518
23.66000 450.412
23.67000 446.747
23.68000 444.498
23.69000 442.356
23.70000 440.869
23.71000 431.350
23.72000 423.968
23.73000 422.922
23.74000 431.293
23.75000 439.752
23.76000 441.132
23.77000 435.598
23.78000 430.102
23.79000 428.943
23.80000 430.555
23.81000 432.324
23.82000 438.147
23.83000 445.751
23.84000 452.238
23.85000 444.788
23.86000 433.157
23.87000 422.715
23.88000 424.418
23.89000 428.039
23.90000 431.276
23.91000 432.708
23.92000 433.911
23.93000 434.118
23.94000 431.188
23.95000 428.029
23.96000 425.847
23.97000 416.834
23.98000 409.886
23.99000 407.686
24.00000 412.437
24.01000 417.248
24.02000 419.755
24.03000 420.049
24.04000 420.341
24.05000 423.466
24.06000 428.308
24.07000 432.909
24.08000 431.487
24.09000 427.457
24.10000 423.890
24.11000 425.976
24.12000 429.733
24.13000 433.098
24.14000 431.762
24.15000 429.785
24.16000 429.538
24.17000 437.280
24.18000 446.021
24.19000 448.423
24.20000 431.128
24.21000 412.425
24.22000 399.576
24.23000 408.358
24.24000 415.474
24.25000 421.710
24.26000 426.676
24.27000 431.631
24.28000 429.542
24.29000 420.800
24.30000 412.127
24.31000 411.731
24.32000 416.431
24.33000 421.073
24.34000 424.299
24.35000 426.923
24.36000 428.952
24.37000 423.897
24.38000 416.779
24.39000 410.417
24.40000 417.657
24.41000 426.270
24.42000 432.749
24.43000 429.532
24.44000 425.124
24.45000 422.070
24.46000 423.164
24.47000 424.548
24.48000 425.494
24.49000 427.625
24.50000 429.248
24.51000 427.160
24.52000 419.801
24.53000 412.406
24.54000 413.188
24.55000 421.567
24.56000 429.875
24.57000 435.834
24.58000 440.259
24.59000 444.268
24.60000 438.538
24.61000 428.711
24.62000 419.695
24.63000 420.129
24.64000 423.275
24.65000 426.080
24.66000 422.650
24.67000 418.629
24.68000 415.503
24.69000 416.386
24.70000 417.751
24.71000 418.057
24.72000 415.166
24.73000 412.057
24.74000 409.942
24.75000 414.033
24.76000 417.229
24.77000 417.267
24.78000 412.889
24.79000 408.481
24.80000 404.906
24.81000 402.091
24.82000 399.302
24.83000 402.631
24.84000 409.537
24.85000 416.405
24.86000 422.387
24.87000 428.001
24.88000 432.636
24.89000 426.092
24.90000 416.387
24.91000 407.751
24.92000 408.440
24.93000 410.560
24.94000 412.691
24.95000 414.870
24.96000 417.056
24.97000 417.307
24.98000 411.807
24.99000 405.925
25.00000 401.944
25.01000 408.831
25.02000 414.199
25.03000 415.534
25.04000 411.315
25.05000 407.064
25.06000 407.031
25.07000 410.790
25.08000 414.512
25.09000 416.552
25.10000 417.563
25.11000 418.498
25.12000 417.759
25.13000 416.335
25.14000 414.594
25.15000 409.322
25.16000 403.066
25.17000 397.511
25.18000 406.229
25.19000 416.074
25.20000 423.116
25.21000 417.990
25.22000 411.455
25.23000 408.068
25.24000 413.909
25.25000 420.347
25.26000 424.681
25.27000 416.100
25.28000 409.450
25.29000 404.167
25.30000 400.737
25.31000 397.321
25.32000 397.614
25.33000 401.186
25.34000 404.722
25.35000 411.034
25.36000 418.809
25.37000 426.238
25.38000 426.321
25.39000 423.444
25.40000 420.218
25.41000 413.169
25.42000 405.071
25.43000 397.898
25.44000 391.246
25.45000 385.572
25.46000 381.686
25.47000 385.438
25.48000 390.058
25.49000 393.793
25.50000 394.971
25.51000 395.989
25.52000 396.670
25.53000 408.318
25.54000 417.178
25.55000 419.777
25.56000 414.015
25.57000 408.215
25.58000 405.848
25.59000 406.467
25.60000 407.079
25.61000 407.097
25.62000 406.777
25.63000 406.596
25.64000 409.291
25.65000 413.127
25.66000 416.256
25.67000 411.829
25.68000 405.362
25.69000 399.645
25.70000 403.074
25.71000 407.449
25.72000 410.712
25.73000 409.303
25.74000 407.373
25.75000 405.133
25.76000 402.010
25.77000 398.834
25.78000 396.717
25.79000 406.274
25.80000 413.572
25.81000 413.112
25.82000 402.453
25.83000 391.761
25.84000 389.485
25.85000 394.412
25.86000 399.283
25.87000 402.640
25.88000 405.072
25.89000 407.281
25.90000 405.046
25.91000 401.073
25.92000 397.129
25.93000 393.500
25.94000 389.955
25.95000 386.830
25.96000 390.789
25.97000 395.278
25.98000 398.688
25.99000 397.630
26.00000 396.084
26.01000 394.300
26.02000 391.844
26.03000 389.349
26.04000 387.694
26.05000 381.957
26.06000 377.644
26.07000 375.754
26.08000 377.002
26.09000 378.266
26.10000 381.837
26.11000 387.351
26.12000 392.798
26.13000 395.887
26.14000 397.602
26.15000 399.220
26.16000 398.952
26.17000 397.957
26.18000 397.330
26.19000 400.478
26.20000 404.614
26.21000 408.253
26.22000 406.185
26.23000 403.554
26.24000 400.831
26.25000 397.732
26.26000 394.592
26.27000 392.516
26.28000 393.382
26.29000 394.418
26.30000 395.101
26.31000 389.213
26.32000 384.758
26.33000 383.355
26.34000 385.839
26.35000 388.336
26.36000 390.402
26.37000 392.111
26.38000 393.798
26.39000 395.909
26.40000 398.195
26.41000 400.340
26.42000 399.836
26.43000 398.324
26.44000 396.541
26.45000 392.040
26.46000 386.836
26.47000 382.270
26.48000 381.916
26.49000 382.227
26.50000 383.782
26.51000 390.336
26.52000 397.413
26.53000 400.467
26.54000 392.555
26.55000 384.022
26.56000 378.425
26.57000 379.000
26.58000 379.526
26.59000 382.206
26.60000 387.587
26.61000 392.971
26.62000 396.282
26.63000 397.901
26.64000 399.498
26.65000 392.233
26.66000 380.446
26.67000 369.209
26.68000 368.070
26.69000 370.713
26.70000 373.557
26.71000 378.369
26.72000 383.681
26.73000 388.331
26.74000 391.353
26.75000 393.711
26.76000 395.483
26.77000 394.940
26.78000 394.158
26.79000 392.880
26.80000 390.271
26.81000 387.588
26.82000 385.838
26.83000 392.110
26.84000 396.841
26.85000 396.909
26.86000 391.222
26.87000 385.532
26.88000 384.270
26.89000 386.562
26.90000 388.822
26.91000 388.996
26.92000 388.071
26.93000 387.059
26.94000 384.484
26.95000 381.331
26.96000 378.562
26.97000 379.491
26.98000 381.347
26.99000 382.967
27.00000 385.839
27.01000 388.473
27.02000 389.812
27.03000 386.103
27.04000 381.885
27.05000 378.076
27.06000 375.350
27.07000 372.682
27.08000 370.950
27.09000 368.355
27.10000 366.441
27.11000 371.289
27.12000 384.351
27.13000 397.392
27.14000 398.737
27.15000 390.836
27.16000 383.053
27.17000 380.835
27.18000 381.555
27.19000 382.105
27.20000 379.676
27.21000 376.163
27.22000 373.417
27.23000 377.899
27.24000 384.164
27.25000 389.622
27.26000 387.635
27.27000 384.909
27.28000 382.141
27.29000 379.211
27.30000 376.264
27.31000 374.668
27.32000 376.598
27.33000 378.710
27.34000 380.073
27.35000 378.041
27.36000 376.508
27.37000 375.193
27.38000 374.138
27.39000 373.092
27.40000 374.194
27.41000 376.967
27.42000 379.697
27.43000 380.300
27.44000 379.805
27.45000 379.367
27.46000 379.899
27.47000 380.780
27.48000 381.564
27.49000 381.445
27.50000 381.108
27.51000 380.814
27.52000 382.052
27.53000 383.314
27.54000 383.491
27.55000 379.559
27.56000 375.231
27.57000 373.499
27.58000 378.442
27.59000 383.723
27.60000 387.111
27.61000 387.130
27.62000 387.098
27.63000 390.590
27.64000 398.227
27.65000 405.802
27.66000 397.414
27.67000 376.800
27.68000 356.524
27.69000 353.828
27.70000 360.010
27.71000 366.163
27.72000 371.845
27.73000 377.361
27.74000 382.944
27.75000 389.124
27.76000 395.448
27.77000 400.929
27.78000 398.293
27.79000 394.970
27.80000 390.957
27.81000 384.377
27.82000 377.554
27.83000 374.186
27.84000 379.578
27.85000 385.400
27.86000 389.115
27.87000 389.554
27.88000 389.831
27.89000 387.416
27.90000 381.882
27.91000 376.357
27.92000 373.298
27.93000 372.100
27.94000 370.922
27.95000 368.803
27.96000 366.292
27.97000 363.953
27.98000 364.378
27.99000 365.766
28.00000 366.973
28.01000 366.583
28.02000 365.817
28.03000 365.155
28.04000 370.094
28.05000 375.022
28.06000 378.582
28.07000 377.125
28.08000 375.204
28.09000 374.665
28.10000 377.582
28.11000 380.663
28.12000 382.618
28.13000 378.923
28.14000 376.173
28.15000 376.273
28.16000 379.619
28.17000 382.959
28.18000 384.405
28.19000 384.446
28.20000 384.486
28.21000 386.121
28.22000 388.470
28.23000 390.742
28.24000 391.820
28.25000 392.489
28.26000 393.093
28.27000 393.142
28.28000 393.062
28.29000 392.994
28.30000 385.173
28.31000 377.548
28.32000 369.769
28.33000 361.429
28.34000 353.039
28.35000 351.613
28.36000 367.340
28.37000 383.859
28.38000 394.279
28.39000 387.035
28.40000 381.587
28.41000 379.125
28.42000 380.010
28.43000 380.886
28.44000 379.896
28.45000 377.542
28.46000 375.232
28.47000 371.544
28.48000 367.331
28.49000 363.760
28.50000 369.968
28.51000 379.484
28.52000 387.376
28.53000 381.413
28.54000 372.283
28.55000 364.431
28.56000 374.836
28.57000 385.934
28.58000 393.524
28.59000 388.619
28.60000 382.608
28.61000 377.194
28.62000 373.230
28.63000 369.330
28.64000 366.885
28.65000 365.863
28.66000 365.140
28.67000 366.182
28.68000 369.171
28.69000 372.144
28.70000 372.482
28.71000 370.924
28.72000 369.396
28.73000 364.543
28.74000 358.310
28.75000 352.841
28.76000 358.724
28.77000 368.393
28.78000 376.309
28.79000 369.550
28.80000 359.491
28.81000 350.861
28.82000 353.633
28.83000 357.378
28.84000 361.483
28.85000 366.856
28.86000 372.338
28.87000 376.409
28.88000 377.100
28.89000 377.645
28.90000 377.985
28.91000 378.458
28.92000 378.801
28.93000 374.691
28.94000 365.754
28.95000 356.874
28.96000 356.242
28.97000 361.456
28.98000 366.562
28.99000 368.529
29.00000 368.968
29.01000 369.250
29.02000 367.249
29.03000 364.496
29.04000 361.925
29.05000 360.836
29.06000 360.075
29.07000 359.425
29.08000 361.627
29.09000 363.828
29.10000 364.256
29.11000 358.556
29.12000 352.337
29.13000 351.897
29.14000 365.089
29.15000 378.854
29.16000 387.384
29.17000 376.412
29.18000 368.334
29.19000 366.202
29.20000 370.413
29.21000 374.584
29.22000 373.380
29.23000 368.423
29.24000 363.572
29.25000 360.807
29.26000 359.101
29.27000 357.539
29.28000 358.001
29.29000 359.118
29.30000 360.470
29.31000 363.704
29.32000 367.349
29.33000 370.459
29.34000 369.444
29.35000 368.101
29.36000 366.792
29.37000 365.600
29.38000 364.417
29.39000 364.228
29.40000 366.350
29.41000 368.566
29.42000 369.931
29.43000 377.792
29.44000 383.491
29.45000 381.215
29.46000 370.573
29.47000 360.007
29.48000 358.542
29.49000 363.335
29.50000 368.021
29.51000 371.496
29.52000 374.287
29.53000 376.631
29.54000 372.809
29.55000 367.019
29.56000 362.157
29.57000 364.633
29.58000 368.683
29.59000 372.130
29.60000 366.992
29.61000 361.680
29.62000 357.614
29.63000 357.730
29.64000 358.184
29.65000 359.271
29.66000 361.811
29.67000 364.409
29.68000 365.999
29.69000 370.353
29.70000 373.494
29.71000 373.503
29.72000 370.284
29.73000 367.114
29.74000 369.389
29.75000 375.351
29.76000 381.175
29.77000 384.541
29.78000 386.682
29.79000 388.935
29.80000 392.703
29.81000 396.947
29.82000 401.182
29.83000 405.340
29.84000 409.482
29.85000 412.998
29.86000 407.127
29.87000 401.138
29.88000 399.789
29.89000 413.778
29.90000 428.979
29.91000 437.628
29.92000 431.477
29.93000 424.764
29.94000 420.679
29.95000 432.816
29.96000 441.613
29.97000 448.360
29.98000 453.030
29.99000 457.691
30.00000 461.452
30.01000 464.614
30.02000 467.699
30.03000 470.911
30.04000 474.036
30.05000 477.181
30.06000 480.582
30.07000 484.061
30.08000 486.602
30.09000 481.999
30.10000 475.910
30.11000 470.758
30.12000 458.736
30.13000 447.907
30.14000 439.017
30.15000 436.442
30.16000 434.355
30.17000 437.124
30.18000 450.705
30.19000 464.683
30.20000 473.135
30.21000 456.213
30.22000 443.969
30.23000 433.461
30.24000 424.685
30.25000 415.984
30.26000 414.480
30.27000 417.705
30.28000 420.849
30.29000 415.166
30.30000 405.975
30.31000 397.745
30.32000 401.857
30.33000 409.739
30.34000 416.286
30.35000 412.850
30.36000 407.371
30.37000 402.748
30.38000 405.327
30.39000 408.267
30.40000 411.479
30.41000 415.566
30.42000 419.719
30.43000 421.419
30.44000 417.737
30.45000 413.864
30.46000 411.537
30.47000 401.331
30.48000 394.022
30.49000 394.877
30.50000 403.733
30.51000 412.523
30.52000 415.445
30.53000 414.569
30.54000 413.716
30.55000 410.401
30.56000 406.207
30.57000 402.482
30.58000 404.649
30.59000 408.588
30.60000 411.559
30.61000 407.419
30.62000 401.848
30.63000 397.159
30.64000 406.121
30.65000 415.054
30.66000 419.778
30.67000 411.190
30.68000 401.622
30.69000 396.998
30.70000 403.064
30.71000 409.495
30.72000 413.336
30.73000 420.999
30.74000 426.457
30.75000 430.253
30.76000 432.447
30.77000 434.605
30.78000 433.844
30.79000 431.222
30.80000 428.671
30.81000 426.824
30.82000 425.357
30.83000 424.258
30.84000 427.665
30.85000 432.408
30.86000 438.171
30.87000 451.287
30.88000 465.860
30.89000 478.089
30.90000 478.890
30.91000 478.361
30.92000 481.168
30.93000 494.370
30.94000 508.320
30.95000 517.691
30.96000 517.304
30.97000 516.594
30.98000 516.173
30.99000 536.397
31.00000 550.825
31.01000 564.520
31.02000 577.518
31.03000 590.587
31.04000 609.128
31.05000 631.106
31.06000 652.468
31.07000 671.220
31.08000 687.984
31.09000 705.940
31.10000 738.187
31.11000 774.610
31.12000 813.534
31.13000 870.164
31.14000 930.246
31.15000 980.518
31.16000 1054.056
31.17000 1117.540
31.18000 1187.585
31.19000 1277.779
31.20000 1369.387
31.21000 1463.947
31.22000 1564.710
31.23000 1665.671
31.24000 1725.179
31.25000 1898.817
31.26000 2021.980
31.27000 2139.482
31.28000 2251.705
31.29000 2363.910
31.30000 2474.726
31.31000 2584.682
31.32000 2691.447
31.33000 2788.574
31.34000 2876.907
31.35000 2963.063
31.36000 3023.705
31.37000 3077.003
31.38000 3125.358
31.39000 3139.352
31.40000 3146.755
31.41000 3152.932
31.42000 3152.262
31.43000 3151.019
31.44000 3135.495
31.45000 3076.742
31.46000 3015.031
31.47000 2938.516
31.48000 2831.349
31.49000 2723.242
31.50000 2659.941
31.51000 2512.073
31.52000 2407.544
31.53000 2305.076
31.54000 2204.498
31.55000 2103.780
31.56000 1993.421
31.57000 1877.184
31.58000 1764.441
31.59000 1650.104
31.60000 1541.106
31.61000 1434.488
31.62000 1355.157
31.63000 1283.563
31.64000 1212.379
31.65000 1143.987
31.66000 1076.122
31.67000 1019.670
31.68000 967.568
31.69000 924.868
31.70000 881.411
31.71000 835.696
31.72000 789.832
31.73000 749.346
31.74000 719.837
31.75000 690.651
31.76000 673.675
31.77000 639.991
31.78000 616.259
31.79000 595.294
31.80000 576.828
31.81000 558.377
31.82000 540.975
31.83000 524.204
31.84000 507.955
31.85000 495.082
31.86000 484.207
31.87000 473.492
31.88000 464.555
31.89000 456.116
31.90000 448.677
31.91000 447.950
31.92000 448.468
31.93000 448.898
31.94000 435.727
31.95000 423.537
31.96000 414.041
31.97000 412.463
31.98000 411.400
31.99000 407.559
32.00000 398.133
32.01000 388.549
32.02000 383.012
32.03000 388.596
32.04000 392.548
32.05000 390.537
32.06000 383.234
32.07000 376.030
32.08000 374.913
32.09000 377.399
32.10000 379.804
32.11000 377.163
32.12000 372.740
32.13000 368.607
32.14000 367.647
32.15000 367.561
32.16000 367.166
32.17000 364.737
32.18000 361.936
32.19000 359.620
32.20000 356.662
32.21000 354.161
32.22000 350.458
32.23000 343.268
32.24000 335.858
32.25000 334.661
32.26000 345.783
32.27000 357.239
32.28000 363.813
32.29000 360.166
32.30000 357.581
32.31000 356.003
32.32000 355.303
32.33000 354.543
32.34000 350.260
32.35000 343.924
32.36000 337.799
32.37000 340.403
32.38000 346.139
32.39000 351.127
32.40000 348.086
32.41000 342.869
32.42000 338.881
32.43000 342.854
32.44000 348.256
32.45000 352.710
32.46000 346.850
32.47000 341.078
32.48000 336.328
32.49000 334.497
32.50000 332.847
32.51000 333.366
32.52000 338.124
32.53000 342.991
32.54000 345.765
32.55000 345.244
32.56000 344.868
32.57000 343.602
32.58000 341.570
32.59000 339.597
32.60000 340.929
32.61000 344.159
32.62000 347.277
32.63000 342.726
32.64000 335.602
32.65000 328.893
32.66000 326.548
32.67000 325.368
32.68000 324.525
32.69000 325.830
32.70000 327.514
32.71000 328.898
32.72000 329.830
32.73000 330.555
32.74000 330.173
32.75000 326.676
32.76000 322.991
32.77000 322.700
32.78000 328.945
32.79000 335.352
32.80000 338.979
32.81000 332.023
32.82000 327.158
32.83000 324.728
32.84000 324.356
32.85000 323.997
32.86000 324.292
32.87000 324.956
32.88000 325.598
32.89000 323.561
32.90000 320.670
32.91000 318.352
32.92000 321.922
32.93000 327.041
32.94000 330.987
32.95000 327.598
32.96000 322.935
32.97000 319.114
32.98000 316.926
32.99000 315.276
33.00000 313.947
33.01000 313.509
33.02000 313.122
33.03000 312.575
33.04000 311.723
33.05000 310.864
33.06000 310.381
33.07000 317.034
33.08000 321.662
33.09000 323.299
33.10000 322.450
33.11000 321.603
33.12000 320.911
33.13000 320.304
33.14000 319.719
33.15000 317.007
33.16000 313.697
33.17000 310.597
33.18000 309.603
33.19000 309.156
33.20000 309.341
33.21000 313.417
33.22000 318.157
33.23000 322.029
33.24000 318.125
33.25000 314.260
33.26000 311.768
33.27000 313.029
33.28000 314.504
33.29000 314.279
33.30000 310.873
33.31000 307.395
33.32000 305.454
33.33000 298.207
33.34000 293.192
33.35000 293.319
33.36000 297.656
33.37000 301.900
33.38000 301.665
33.39000 298.968
33.40000 296.373
33.41000 296.919
33.42000 298.537
33.43000 300.371
33.44000 304.332
33.45000 308.836
33.46000 311.777
33.47000 305.273
33.48000 297.184
33.49000 290.598
33.50000 290.642
33.51000 291.237
33.52000 290.592
33.53000 286.603
33.54000 282.429
33.55000 281.373
33.56000 286.061
33.57000 290.874
33.58000 293.540
33.59000 298.028
33.60000 301.115
33.61000 298.970
33.62000 292.609
33.63000 286.379
33.64000 286.151
33.65000 289.172
33.66000 292.076
33.67000 291.621
33.68000 290.031
33.69000 288.881
33.70000 291.989
33.71000 296.167
33.72000 300.464
33.73000 305.466
33.74000 310.585
33.75000 314.739
33.76000 314.048
33.77000 313.086
33.78000 310.791
33.79000 304.955
33.80000 298.930
33.81000 295.523
33.82000 296.873
33.83000 298.322
33.84000 299.119
33.85000 289.964
33.86000 283.654
33.87000 280.639
33.88000 280.236
33.89000 279.915
33.90000 283.169
33.91000 288.332
33.92000 293.288
33.93000 297.163
33.94000 300.418
33.95000 303.084
33.96000 300.167
33.97000 295.869
33.98000 291.909
33.99000 289.921
34.00000 288.254
34.01000 286.905
34.02000 283.349
34.03000 280.278
34.04000 278.329
34.05000 279.316
34.06000 280.458
34.07000 285.033
34.08000 295.753
34.09000 306.595
34.10000 312.514
34.11000 294.562
34.12000 282.239
34.13000 280.605
34.14000 287.317
34.15000 293.879
34.16000 294.208
34.17000 291.260
34.18000 288.435
34.19000 291.857
34.20000 297.150
34.21000 301.787
34.22000 300.329
34.23000 297.386
34.24000 294.005
34.25000 288.113
34.26000 281.821
34.27000 276.748
34.28000 277.830
34.29000 279.193
34.30000 281.488
34.31000 286.185
34.32000 291.005
34.33000 294.157
34.34000 294.371
34.35000 294.530
34.36000 294.616
34.37000 301.799
34.38000 306.695
34.39000 303.799
34.40000 294.913
34.41000 286.252
34.42000 286.518
34.43000 291.411
34.44000 296.096
34.45000 294.170
34.46000 290.190
34.47000 286.438
34.48000 284.748
34.49000 283.553
34.50000 282.330
34.51000 280.940
34.52000 279.524
34.53000 278.387
34.54000 285.869
34.55000 292.598
34.56000 296.158
34.57000 291.663
34.58000 286.771
34.59000 285.068
34.60000 288.909
34.61000 292.850
34.62000 294.969
34.63000 288.485
34.64000 284.056
34.65000 281.563
34.66000 280.537
34.67000 279.638
34.68000 283.641
34.69000 290.146
34.70000 296.366
34.71000 289.496
34.72000 278.844
34.73000 269.658
34.74000 273.535
34.75000 280.500
34.76000 286.130
34.77000 284.338
34.78000 281.403
34.79000 279.053
34.80000 284.850
34.81000 290.152
34.82000 292.698
34.83000 288.335
34.84000 283.640
34.85000 281.012
34.86000 281.919
34.87000 282.886
34.88000 283.402
34.89000 285.524
34.90000 286.961
34.91000 286.340
34.92000 284.187
34.93000 282.135
34.94000 283.764
34.95000 287.246
34.96000 290.572
34.97000 291.152
34.98000 290.814
34.99000 290.042
35.00000 285.482
35.01000 280.041
35.02000 275.421
35.03000 275.293
35.04000 275.844
35.05000 276.284
35.06000 272.914
35.07000 269.913
35.08000 268.402
35.09000 270.573
35.10000 272.916
35.11000 275.092
35.12000 276.988
35.13000 278.879
35.14000 279.881
35.15000 279.090
35.16000 278.551
35.17000 278.111
35.18000 277.742
35.19000 277.383
35.20000 277.365
35.21000 277.517
35.22000 277.662
35.23000 276.464
35.24000 274.931
35.25000 273.861
35.26000 276.770
35.27000 280.590
35.28000 284.181
35.29000 286.539
35.30000 288.715
35.31000 290.446
35.32000 279.436
35.33000 269.650
35.34000 264.284
35.35000 269.683
35.36000 275.566
35.37000 280.670
35.38000 284.478
35.39000 288.266
35.40000 290.257
35.41000 282.709
35.42000 277.591
35.43000 272.963
35.44000 268.688
35.45000 264.494
35.46000 263.003
35.47000 262.835
35.48000 262.675
35.49000 266.320
35.50000 270.875
35.51000 274.573
35.52000 271.068
35.53000 265.937
35.54000 260.993
35.55000 257.039
35.56000 253.230
35.57000 250.211
35.58000 260.467
35.59000 269.644
35.60000 275.828
35.61000 274.826
35.62000 273.510
35.63000 271.883
35.64000 269.746
35.65000 267.601
35.66000 266.483
35.67000 269.759
35.68000 271.970
35.69000 273.424
35.70000 274.340
35.71000 275.139
35.72000 272.160
35.73000 267.359
35.74000 262.793
35.75000 261.896
35.76000 262.185
35.77000 262.854
35.78000 266.663
35.79000 271.169
35.80000 274.623
35.81000 272.600
35.82000 269.792
35.83000 267.573
35.84000 273.205
35.85000 278.262
35.86000 279.776
35.87000 272.907
35.88000 265.684
35.89000 261.440
35.90000 262.003
35.91000 262.631
35.92000 262.956
35.93000 271.317
35.94000 276.907
35.95000 276.094
35.96000 270.796
35.97000 265.755
35.98000 268.713
35.99000 275.473
36.00000 281.892
36.01000 276.452
36.02000 267.873
36.03000 260.414
36.04000 262.021
36.05000 265.612
36.06000 268.247
36.07000 265.994
36.08000 263.052
36.09000 260.736
36.10000 260.313
36.11000 260.101
36.12000 260.071
36.13000 260.467
36.14000 260.881
36.15000 260.586
36.16000 259.165
36.17000 257.730
36.18000 256.994
36.19000 256.801
36.20000 256.663
36.21000 255.408
36.22000 253.384
36.23000 251.478
36.24000 253.165
36.25000 256.534
36.26000 259.728
36.27000 255.523
36.28000 249.463
36.29000 244.850
36.30000 251.727
36.31000 261.077
36.32000 268.968
36.33000 269.508
36.34000 269.030
36.35000 268.656
36.36000 262.354
36.37000 256.929
36.38000 253.592
36.39000 255.052
36.40000 256.702
36.41000 259.408
36.42000 263.766
36.43000 268.144
36.44000 270.371
36.45000 268.935
36.46000 267.980
36.47000 267.846
36.48000 268.270
36.49000 268.653
36.50000 267.872
36.51000 266.553
36.52000 265.304
36.53000 267.894
36.54000 271.392
36.55000 274.304
36.56000 272.657
36.57000 270.044
36.58000 267.931
36.59000 268.301
36.60000 269.008
36.61000 269.561
36.62000 264.499
36.63000 260.103
36.64000 256.001
36.65000 252.566
36.66000 249.157
36.67000 245.674
36.68000 242.077
36.69000 238.478
36.70000 236.663
36.71000 247.072
36.72000 253.997
36.73000 257.307
36.74000 258.199
36.75000 259.190
36.76000 262.956
36.77000 267.985
36.78000 272.739
36.79000 274.159
36.80000 274.512
36.81000 274.577
36.82000 272.441
36.83000 269.846
36.84000 267.542
36.85000 266.654
36.86000 265.956
36.87000 265.412
36.88000 270.690
36.89000 275.253
36.90000 280.626
36.91000 287.805
36.92000 295.051
36.93000 298.701
36.94000 296.887
36.95000 295.017
36.96000 294.081
36.97000 297.321
36.98000 299.438
36.99000 297.412
37.00000 292.657
37.01000 287.994
37.02000 285.851
37.03000 284.837
37.04000 283.880
37.05000 280.508
37.06000 276.736
37.07000 274.117
37.08000 280.147
37.09000 287.953
37.10000 293.839
37.11000 290.505
37.12000 285.965
37.13000 282.441
37.14000 287.805
37.15000 292.605
37.16000 295.222
37.17000 293.034
37.18000 290.675
37.19000 286.311
37.20000 278.946
37.21000 271.552
37.22000 270.259
37.23000 274.967
37.24000 279.635
37.25000 280.667
37.26000 279.341
37.27000 278.066
37.28000 278.147
37.29000 278.827
37.30000 279.468
37.31000 274.038
37.32000 267.386
37.33000 262.327
37.34000 268.997
37.35000 278.038
37.36000 284.801
37.37000 280.801
37.38000 275.418
37.39000 271.255
37.40000 264.057
37.41000 258.167
37.42000 253.474
37.43000 251.377
37.44000 249.370
37.45000 251.810
37.46000 260.804
37.47000 269.858
37.48000 270.345
37.49000 262.548
37.50000 254.835
37.51000 254.315
37.52000 258.393
37.53000 262.230
37.54000 259.936
37.55000 254.972
37.56000 250.300
37.57000 250.184
37.58000 251.316
37.59000 252.740
37.60000 256.280
37.61000 260.240
37.62000 263.323
37.63000 262.329
37.64000 260.821
37.65000 259.659
37.66000 256.586
37.67000 254.043
37.68000 254.031
37.69000 259.432
37.70000 265.013
37.71000 266.892
37.72000 263.396
37.73000 259.855
37.74000 259.753
37.75000 262.919
37.76000 266.060
37.77000 267.188
37.78000 267.047
37.79000 267.038
37.80000 270.252
37.81000 274.848
37.82000 279.168
37.83000 272.243
37.84000 262.915
37.85000 255.591
37.86000 262.508
37.87000 272.209
37.88000 279.693
37.89000 277.022
37.90000 273.094
37.91000 270.080
37.92000 266.668
37.93000 263.949
37.94000 262.264
37.95000 262.758
37.96000 263.322
37.97000 263.402
37.98000 262.789
37.99000 262.172
38.00000 262.725
38.01000 264.372
38.02000 266.022
38.03000 267.921
38.04000 269.974
38.05000 271.927
38.06000 271.499
38.07000 270.064
38.08000 268.717
38.09000 266.803
38.10000 264.908
38.11000 263.092
38.12000 261.819
38.13000 260.650
38.14000 260.692
38.15000 266.193
38.16000 272.357
38.17000 277.069
38.18000 278.866
38.19000 280.126
38.20000 283.222
38.21000 290.131
38.22000 297.158
38.23000 299.552
38.24000 295.422
38.25000 291.247
38.26000 292.349
38.27000 298.301
38.28000 304.182
38.29000 305.015
38.30000 302.761
38.31000 300.741
38.32000 304.088
38.33000 309.674
38.34000 314.906
38.35000 319.683
38.36000 323.910
38.37000 328.770
38.38000 337.966
38.39000 347.982
38.40000 357.152
38.41000 362.570
38.42000 367.540
38.43000 371.325
38.44000 389.835
38.45000 405.182
38.46000 417.775
38.47000 424.729
38.48000 431.517
38.49000 449.330
38.50000 482.427
38.51000 515.611
38.52000 539.460
38.53000 554.844
38.54000 570.497
38.55000 603.875
38.56000 647.932
38.57000 691.492
38.58000 723.983
38.59000 751.924
38.60000 778.054
38.61000 819.009
38.62000 859.974
38.63000 900.841
38.64000 941.050
38.65000 981.136
38.66000 1015.065
38.67000 1022.100
38.68000 1025.991
38.69000 1028.944
38.70000 1071.439
38.71000 1106.853
38.72000 1128.902
38.73000 1123.989
38.74000 1118.306
38.75000 1106.493
38.76000 1086.312
38.77000 1066.091
38.78000 1054.943
38.79000 1051.876
38.80000 1048.373
38.81000 1017.650
38.82000 970.770
38.83000 924.290
38.84000 886.422
38.85000 852.043
38.86000 819.947
38.87000 786.238
38.88000 755.274
38.89000 722.429
38.90000 677.142
38.91000 629.574
38.92000 587.777
38.93000 570.796
38.94000 556.659
38.95000 545.977
38.96000 500.355
38.97000 462.843
38.98000 434.356
38.99000 423.817
39.00000 413.771
39.01000 398.758
39.02000 377.071
39.03000 355.361
39.04000 342.678
39.05000 337.913
39.06000 333.191
39.07000 331.021
39.08000 330.343
39.09000 329.487
39.10000 324.907
39.11000 318.838
39.12000 313.182
39.13000 306.192
39.14000 299.536
39.15000 293.131
39.16000 288.356
39.17000 283.876
39.18000 279.624
39.19000 276.344
39.20000 273.172
39.21000 270.785
39.22000 263.624
39.23000 257.788
39.24000 255.656
39.25000 260.782
39.26000 266.100
39.27000 270.209
39.28000 272.719
39.29000 275.219
39.30000 272.406
39.31000 265.027
39.32000 257.754
39.33000 256.376
39.34000 258.397
39.35000 260.242
39.36000 258.530
39.37000 255.418
39.38000 252.522
39.39000 247.780
39.40000 243.048
39.41000 239.045
39.42000 239.699
39.43000 241.179
39.44000 243.258
39.45000 247.833
39.46000 252.684
39.47000 256.321
39.48000 255.443
39.49000 254.545
39.50000 252.648
39.51000 248.820
39.52000 244.944
39.53000 243.179
39.54000 244.165
39.55000 245.161
39.56000 244.636
39.57000 242.825
39.58000 241.118
39.59000 244.961
39.60000 251.955
39.61000 258.608
39.62000 258.514
39.63000 255.803
39.64000 253.285
39.65000 250.112
39.66000 247.095
39.67000 243.681
39.68000 237.780
39.69000 231.446
39.70000 227.116
39.71000 231.019
39.72000 235.811
39.73000 239.388
39.74000 245.407
39.75000 250.209
39.76000 250.479
39.77000 242.122
39.78000 233.558
39.79000 230.228
39.80000 233.612
39.81000 237.018
39.82000 237.206
39.83000 234.716
39.84000 232.272
39.85000 232.135
39.86000 233.289
39.87000 234.492
39.88000 236.620
39.89000 239.101
39.90000 241.402
39.91000 236.187
39.92000 229.731
39.93000 224.718
39.94000 228.603
39.95000 234.013
39.96000 237.650
39.97000 234.117
39.98000 229.825
39.99000 226.634
40.00000 227.397
40.01000 228.166
40.02000 230.405
40.03000 235.400
40.04000 240.458
40.05000 242.216
40.06000 239.806
40.07000 237.385
40.08000 233.911
40.09000 229.585
40.10000 225.314
40.11000 223.693
40.12000 223.533
40.13000 223.394
40.14000 223.658
40.15000 224.073
40.16000 224.458
40.17000 229.659
40.18000 235.443
40.19000 240.419
40.20000 240.495
40.21000 239.745
40.22000 239.200
40.23000 239.473
40.24000 239.831
40.25000 240.095
40.26000 238.758
40.27000 237.650
40.28000 234.929
40.29000 229.228
40.30000 223.462
40.31000 222.199
40.32000 226.535
40.33000 230.880
40.34000 230.549
40.35000 226.454
40.36000 222.429
40.37000 221.626
40.38000 222.572
40.39000 223.444
40.40000 222.967
40.41000 221.988
40.42000 221.083
40.43000 227.449
40.44000 234.807
40.45000 240.941
40.46000 239.770
40.47000 237.389
40.48000 234.766
40.49000 231.195
40.50000 227.527
40.51000 224.822
40.52000 228.123
40.53000 230.932
40.54000 231.257
40.55000 227.056
40.56000 222.759
40.57000 222.440
40.58000 226.986
40.59000 231.536
40.60000 232.597
40.61000 230.891
40.62000 229.142
40.63000 225.527
40.64000 220.912
40.65000 216.384
40.66000 213.375
40.67000 210.921
40.68000 208.658
40.69000 205.937
40.70000 203.397
40.71000 202.288
40.72000 209.574
40.73000 218.227
40.74000 225.070
40.75000 224.919
40.76000 224.072
40.77000 223.451
40.78000 220.984
40.79000 219.002
40.80000 217.720
40.81000 217.694
40.82000 217.694
40.83000 216.778
40.84000 214.762
40.85000 212.748
40.86000 213.322
40.87000 215.912
40.88000 218.534
40.89000 222.505
40.90000 227.188
40.91000 231.480
40.92000 229.081
40.93000 224.265
40.94000 219.832
40.95000 214.700
40.96000 209.957
40.97000 206.180
40.98000 207.973
40.99000 210.658
41.00000 212.349
41.01000 210.259
41.02000 207.799
41.03000 206.001
41.04000 205.145
41.05000 204.522
41.06000 206.796
41.07000 214.196
41.08000 221.693
41.09000 224.761
41.10000 222.579
41.11000 220.394
41.12000 220.507
41.13000 222.381
41.14000 224.181
41.15000 222.976
41.16000 220.209
41.17000 217.662
41.18000 218.796
41.19000 221.240
41.20000 223.486
41.21000 216.146
41.22000 207.532
41.23000 200.348
41.24000 201.278
41.25000 203.483
41.26000 205.933
41.27000 209.300
41.28000 212.753
41.29000 215.268
41.30000 213.113
41.31000 211.276
41.32000 210.186
41.33000 210.398
41.34000 210.634
41.35000 213.391
41.36000 219.088
41.37000 224.774
41.38000 222.047
41.39000 212.992
41.40000 204.154
41.41000 203.679
41.42000 207.490
41.43000 211.344
41.44000 215.894
41.45000 220.688
41.46000 225.085
41.47000 219.382
41.48000 212.163
41.49000 206.086
41.50000 206.373
41.51000 207.645
41.52000 208.951
41.53000 210.386
41.54000 211.834
41.55000 212.883
41.56000 216.843
41.57000 219.993
41.58000 220.343
41.59000 215.881
41.60000 211.336
41.61000 206.442
41.62000 201.146
41.63000 195.864
41.64000 196.666
41.65000 201.975
41.66000 207.181
41.67000 208.589
41.68000 208.080
41.69000 207.705
41.70000 209.465
41.71000 211.963
41.72000 214.250
41.73000 216.256
41.74000 217.983
41.75000 218.881
41.76000 215.234
41.77000 210.897
41.78000 207.771
41.79000 209.049
41.80000 210.730
41.81000 211.943
41.82000 213.451
41.83000 214.618
41.84000 214.833
41.85000 213.437
41.86000 212.016
41.87000 211.676
41.88000 212.559
41.89000 213.440
41.90000 213.797
41.91000 213.768
41.92000 213.756
41.93000 214.306
41.94000 215.138
41.95000 215.535
41.96000 209.238
41.97000 200.663
41.98000 192.827
41.99000 194.596
42.00000 198.128
42.01000 201.390
42.02000 203.193
42.03000 204.780
42.04000 205.918
42.05000 205.449
42.06000 204.837
42.07000 204.398
42.08000 200.727
42.09000 197.805
42.10000 197.052
42.11000 199.913
42.12000 202.829
42.13000 205.787
42.14000 208.792
42.15000 211.786
42.16000 211.466
42.17000 208.769
42.18000 206.230
42.19000 209.105
42.20000 214.636
42.21000 219.819
42.22000 219.790
42.23000 218.011
42.24000 216.390
42.25000 212.476
42.26000 208.546
42.27000 205.276
42.28000 205.508
42.29000 206.254
42.30000 206.668
42.31000 205.910
42.32000 205.049
42.33000 204.433
42.34000 208.729
42.35000 212.175
42.36000 213.861
42.37000 212.658
42.38000 211.413
42.39000 210.656
42.40000 210.434
42.41000 210.213
42.42000 209.361
42.43000 208.071
42.44000 206.789
42.45000 205.766
42.46000 204.869
42.47000 204.262
42.48000 207.919
42.49000 212.987
42.50000 217.599
42.51000 217.722
42.52000 216.945
42.53000 214.853
42.54000 205.894
42.55000 195.945
42.56000 189.128
42.57000 193.201
42.58000 198.206
42.59000 201.770
42.60000 202.224
42.61000 202.469
42.62000 203.204
42.63000 204.733
42.64000 206.273
42.65000 205.192
42.66000 201.297
42.67000 197.418
42.68000 198.999
42.69000 204.360
42.70000 209.447
42.71000 205.866
42.72000 198.154
42.73000 190.982
42.74000 191.530
42.75000 194.595
42.76000 197.379
42.77000 200.427
42.78000 203.172
42.79000 205.125
42.80000 203.016
42.81000 200.332
42.82000 198.959
42.83000 202.079
42.84000 205.575
42.85000 208.053
42.86000 211.139
42.87000 213.505
42.88000 213.289
42.89000 208.956
42.90000 204.569
42.91000 201.167
42.92000 198.805
42.93000 196.455
42.94000 201.214
42.95000 210.784
42.96000 220.043
42.97000 219.877
42.98000 215.282
42.99000 210.957
43.00000 210.393
43.01000 211.036
43.02000 211.618
43.03000 207.852
43.04000 203.701
43.05000 200.197
43.06000 199.964
43.07000 200.186
43.08000 200.658
43.09000 201.976
43.10000 203.362
43.11000 204.340
43.12000 200.782
43.13000 197.945
43.14000 196.232
43.15000 196.284
43.16000 196.358
43.17000 196.501
43.18000 196.716
43.19000 196.930
43.20000 197.816
43.21000 199.144
43.22000 200.447
43.23000 201.048
43.24000 201.322
43.25000 201.834
43.26000 205.582
43.27000 210.355
43.28000 214.672
43.29000 210.100
43.30000 204.410
43.31000 199.759
43.32000 200.272
43.33000 201.488
43.34000 203.176
43.35000 206.429
43.36000 209.807
43.37000 212.180
43.38000 201.818
43.39000 193.600
43.40000 189.909
43.41000 193.225
43.42000 196.621
43.43000 199.076
43.44000 200.570
43.45000 202.056
43.46000 203.838
43.47000 205.794
43.48000 207.527
43.49000 202.992
43.50000 195.596
43.51000 188.741
43.52000 189.083
43.53000 191.669
43.54000 194.004
43.55000 193.687
43.56000 192.921
43.57000 192.114
43.58000 191.108
43.59000 190.075
43.60000 189.366
43.61000 189.720
43.62000 190.157
43.63000 190.463
43.64000 197.112
43.65000 202.315
43.66000 203.959
43.67000 200.178
43.68000 196.341
43.69000 194.292
43.70000 194.040
43.71000 193.789
43.72000 191.430
43.73000 187.731
43.74000 184.122
43.75000 182.994
43.76000 182.982
43.77000 183.169
43.78000 185.940
43.79000 189.506
43.80000 192.719
43.81000 196.437
43.82000 199.789
43.83000 201.719
43.84000 196.799
43.85000 190.978
43.86000 187.060
43.87000 189.289
43.88000 191.986
43.89000 193.863
43.90000 200.305
43.91000 205.287
43.92000 207.444
43.93000 205.360
43.94000 203.235
43.95000 201.519
43.96000 200.205
43.97000 198.901
43.98000 200.077
43.99000 202.828
44.00000 205.639
44.01000 210.046
44.02000 215.159
44.03000 219.411
44.04000 212.737
44.05000 202.754
44.06000 193.779
44.07000 196.737
44.08000 201.445
44.09000 204.492
44.10000 199.665
44.11000 193.822
44.12000 189.891
44.13000 192.049
44.14000 194.659
44.15000 196.467
44.16000 195.047
44.17000 193.895
44.18000 194.513
44.19000 197.752
44.20000 201.014
44.21000 203.473
44.22000 205.151
44.23000 206.817
44.24000 205.862
44.25000 203.266
44.26000 200.553
44.27000 194.875
44.28000 187.900
44.29000 181.698
44.30000 185.083
44.31000 191.328
44.32000 196.930
44.33000 201.758
44.34000 205.844
44.35000 209.599
44.36000 211.803
44.37000 213.811
44.38000 214.599
44.39000 211.560
44.40000 208.243
44.41000 205.957
44.42000 203.092
44.43000 200.926
44.44000 200.095
44.45000 201.208
44.46000 202.337
44.47000 203.010
44.48000 203.247
44.49000 203.483
44.50000 207.401
44.51000 213.540
44.52000 219.429
44.53000 219.139
44.54000 216.189
44.55000 213.049
44.56000 207.614
44.57000 201.504
44.58000 196.034
44.59000 196.578
44.60000 198.082
44.61000 199.753
44.62000 202.191
44.63000 204.724
44.64000 206.241
44.65000 204.616
44.66000 202.768
44.67000 201.501
44.68000 211.988
44.69000 220.132
44.70000 222.214
44.71000 215.602
44.72000 208.923
44.73000 209.212
44.74000 216.044
44.75000 222.820
44.76000 225.628
44.77000 225.960
44.78000 226.243
44.79000 225.364
44.80000 223.992
44.81000 223.251
44.82000 229.980
44.83000 238.873
44.84000 246.816
44.85000 252.880
44.86000 257.844
44.87000 261.541
44.88000 259.505
44.89000 256.769
44.90000 257.441
44.91000 268.496
44.92000 280.269
44.93000 288.303
44.94000 285.546
44.95000 283.233
44.96000 282.326
44.97000 283.405
44.98000 284.499
44.99000 286.262
45.00000 288.643
45.01000 291.003
45.02000 298.497
45.03000 308.938
45.04000 319.084
45.05000 322.397
45.06000 322.852
45.07000 323.481
45.08000 326.135
45.09000 329.366
45.10000 332.247
45.11000 333.173
45.12000 333.656
45.13000 333.880
45.14000 332.949
45.15000 331.881
45.16000 331.721
45.17000 334.289
45.18000 337.041
45.19000 338.909
45.20000 331.976
45.21000 326.606
45.22000 324.351
45.23000 326.428
45.24000 328.531
45.25000 325.115
45.26000 316.688
45.27000 308.338
45.28000 307.879
45.29000 312.103
45.30000 316.195
45.31000 317.321
45.32000 317.225
45.33000 316.429
45.34000 307.710
45.35000 296.763
45.36000 287.030
45.37000 279.395
45.38000 273.109
45.39000 269.220
45.40000 275.834
45.41000 283.680
45.42000 288.349
45.43000 283.618
45.44000 278.269
45.45000 274.655
45.46000 269.488
45.47000 265.607
45.48000 261.767
45.49000 257.983
45.50000 254.198
45.51000 249.545
45.52000 244.116
45.53000 238.741
45.54000 237.635
45.55000 239.041
45.56000 240.259
45.57000 237.396
45.58000 232.873
45.59000 229.177
45.60000 234.642
45.61000 242.645
45.62000 249.746
45.63000 239.670
45.64000 228.206
45.65000 219.365
45.66000 221.847
45.67000 225.632
45.68000 227.640
45.69000 224.469
45.70000 220.966
45.71000 218.612
45.72000 212.229
45.73000 207.403
45.74000 204.917
45.75000 205.587
45.76000 206.274
45.77000 207.880
45.78000 210.294
45.79000 212.682
45.80000 210.879
45.81000 206.711
45.82000 202.733
45.83000 202.769
45.84000 204.412
45.85000 205.862
45.86000 205.221
45.87000 204.010
45.88000 202.938
45.89000 197.374
45.90000 191.860
45.91000 187.442
45.92000 187.681
45.93000 188.446
45.94000 191.073
45.95000 199.051
45.96000 207.362
45.97000 212.920
45.98000 204.103
45.99000 197.285
46.00000 193.699
46.01000 194.407
46.02000 195.133
46.03000 193.241
46.04000 189.084
46.05000 184.973
46.06000 184.480
46.07000 186.041
46.08000 187.536
46.09000 187.691
46.10000 187.318
46.11000 187.052
46.12000 187.925
46.13000 189.104
46.14000 190.145
46.15000 190.467
46.16000 190.635
46.17000 190.118
46.18000 186.731
46.19000 183.027
46.20000 179.365
46.21000 175.819
46.22000 172.280
46.23000 169.925
46.24000 175.270
46.25000 179.369
46.26000 183.484
46.27000 187.622
46.28000 191.751
46.29000 190.622
46.30000 185.018
46.31000 179.480
46.32000 177.099
46.33000 176.532
46.34000 176.097
46.35000 178.292
46.36000 181.511
46.37000 184.075
46.38000 179.839
46.39000 173.801
46.40000 168.482
46.41000 174.619
46.42000 181.633
46.43000 186.776
46.44000 184.206
46.45000 180.800
46.46000 177.771
46.47000 175.794
46.48000 173.880
46.49000 172.613
46.50000 179.197
46.51000 184.198
46.52000 184.973
46.53000 180.309
46.54000 175.627
46.55000 172.747
46.56000 171.375
46.57000 170.021
46.58000 168.874
46.59000 167.869
46.60000 167.067
46.61000 170.173
46.62000 174.778
46.63000 178.811
46.64000 177.028
46.65000 173.729
46.66000 170.828
46.67000 172.505
46.68000 174.625
46.69000 176.065
46.70000 174.749
46.71000 173.140
46.72000 172.853
46.73000 176.204
46.74000 179.764
46.75000 182.108
46.76000 176.712
46.77000 172.604
46.78000 169.246
46.79000 166.835
46.80000 164.435
46.81000 165.012
46.82000 168.043
46.83000 171.035
46.84000 174.471
46.85000 178.054
46.86000 181.334
46.87000 178.948
46.88000 174.418
46.89000 170.300
46.90000 170.273
46.91000 171.299
46.92000 172.198
46.93000 176.548
46.94000 180.783
46.95000 183.587
46.96000 180.672
46.97000 177.160
46.98000 173.681
46.99000 170.292
47.00000 166.907
47.01000 164.691
47.02000 170.961
47.03000 175.707
47.04000 176.596
47.05000 172.675
47.06000 168.743
47.07000 166.306
47.08000 165.081
47.09000 163.872
47.10000 166.908
47.11000 172.107
47.12000 177.131
47.13000 178.952
47.14000 179.578
47.15000 179.867
47.16000 176.859
47.17000 173.017
47.18000 169.657
47.19000 166.317
47.20000 163.457
47.21000 162.254
47.22000 167.569
47.23000 173.549
47.24000 176.072
47.25000 169.357
47.26000 162.138
47.27000 157.438
47.28000 167.572
47.29000 175.235
47.30000 175.800
47.31000 167.652
47.32000 159.507
47.33000 159.381
47.34000 165.659
47.35000 171.846
47.36000 169.998
47.37000 164.013
47.38000 158.272
47.39000 156.836
47.40000 156.982
47.41000 157.510
47.42000 161.693
47.43000 166.787
47.44000 171.231
47.45000 172.361
47.46000 172.864
47.47000 171.907
47.48000 165.291
47.49000 158.109
47.50000 154.720
47.51000 161.320
47.52000 168.449
47.53000 173.066
47.54000 167.952
47.55000 164.065
47.56000 160.790
47.57000 158.254
47.58000 155.730
47.59000 156.253
47.60000 159.170
47.61000 162.043
47.62000 162.291
47.63000 161.185
47.64000 160.242
47.65000 162.109
47.66000 164.993
47.67000 167.540
47.68000 166.941
47.69000 165.568
47.70000 164.374
47.71000 164.198
47.72000 164.189
47.73000 164.640
47.74000 166.853
47.75000 169.237
47.76000 170.685
47.77000 169.701
47.78000 168.591
47.79000 167.877
47.80000 163.702
47.81000 160.605
47.82000 161.044
47.83000 165.687
47.84000 170.323
47.85000 171.183
47.86000 169.122
47.87000 167.094
47.88000 167.488
47.89000 169.092
47.90000 170.649
47.91000 171.406
47.92000 171.877
47.93000 172.211
47.94000 171.276
47.95000 170.035
47.96000 168.958
47.97000 163.071
47.98000 157.407
47.99000 153.307
48.00000 155.089
48.01000 157.435
48.02000 158.950
48.03000 158.340
48.04000 157.624
48.05000 157.165
48.06000 165.646
48.07000 171.943
48.08000 173.768
48.09000 170.360
48.10000 166.951
48.11000 164.785
48.12000 163.568
48.13000 162.371
48.14000 164.547
48.15000 168.330
48.16000 171.916
48.17000 172.287
48.18000 171.527
48.19000 170.467
48.20000 166.711
48.21000 162.314
48.22000 158.506
48.23000 158.190
48.24000 158.382
48.25000 158.666
48.26000 159.288
48.27000 159.942
48.28000 161.370
48.29000 164.748
48.30000 168.222
48.31000 170.433
48.32000 164.503
48.33000 160.090
48.34000 159.078
48.35000 161.981
48.36000 164.873
48.37000 164.501
48.38000 161.680
48.39000 158.909
48.40000 156.776
48.41000 155.027
48.42000 153.514
48.43000 155.739
48.44000 159.262
48.45000 162.491
48.46000 163.137
48.47000 163.179
48.48000 163.215
48.49000 162.952
48.50000 162.691
48.51000 162.712
48.52000 163.767
48.53000 164.916
48.54000 165.447
48.55000 164.438
48.56000 163.358
48.57000 162.673
48.58000 158.254
48.59000 155.004
48.60000 154.888
48.61000 158.321
48.62000 161.755
48.63000 164.999
48.64000 168.100
48.65000 171.145
48.66000 168.768
48.67000 163.862
48.68000 159.080
48.69000 156.225
48.70000 154.029
48.71000 152.653
48.72000 158.371
48.73000 165.725
48.74000 172.062
48.75000 165.761
48.76000 158.815
48.77000 154.142
48.78000 157.642
48.79000 161.876
48.80000 164.002
48.81000 160.967
48.82000 157.695
48.83000 155.635
48.84000 159.315
48.85000 162.042
48.86000 161.743
48.87000 158.071
48.88000 154.415
48.89000 153.882
48.90000 155.618
48.91000 157.320
48.92000 159.762
48.93000 162.465
48.94000 165.063
48.95000 166.064
48.96000 166.528
48.97000 166.500
48.98000 162.308
48.99000 157.169
49.00000 152.753
49.01000 154.795
49.02000 157.327
49.03000 160.202
49.04000 164.292
49.05000 168.489
49.06000 170.421
49.07000 166.883
49.08000 163.103
49.09000 160.737
49.10000 161.842
49.11000 162.676
49.12000 162.673
49.13000 161.753
49.14000 160.827
49.15000 159.058
49.16000 156.685
49.17000 154.361
49.18000 155.217
49.19000 157.526
49.20000 159.691
49.21000 159.740
49.22000 159.086
49.23000 158.490
49.24000 158.378
49.25000 158.374
49.26000 158.371
49.27000 157.364
49.28000 156.391
49.29000 155.639
49.30000 155.660
49.31000 155.746
49.32000 155.073
49.33000 152.593
49.34000 150.036
49.35000 148.445
49.36000 151.846
49.37000 154.346
49.38000 152.232
49.39000 145.143
49.40000 138.111
49.41000 138.892
49.42000 145.182
49.43000 151.341
49.44000 156.067
49.45000 159.948
49.46000 163.567
49.47000 163.414
49.48000 162.029
49.49000 161.158
49.50000 164.490
49.51000 168.747
49.52000 172.386
49.53000 169.504
49.54000 166.295
49.55000 163.176
49.56000 160.371
49.57000 157.591
49.58000 156.260
49.59000 158.323
49.60000 160.528
49.61000 161.892
49.62000 162.954
49.63000 163.715
49.64000 162.251
49.65000 158.428
49.66000 154.625
49.67000 153.353
49.68000 153.839
49.69000 154.314
49.70000 155.012
49.71000 155.783
49.72000 156.444
49.73000 155.556
49.74000 154.170
49.75000 152.693
49.76000 150.501
49.77000 148.154
49.78000 146.153
49.79000 151.034
49.80000 155.948
49.81000 159.884
49.82000 160.507
49.83000 160.858
49.84000 161.041
49.85000 160.833
49.86000 160.610
49.87000 160.473
49.88000 159.295
49.89000 158.441
49.90000 156.377
49.91000 153.050
49.92000 149.757
49.93000 150.315
49.94000 153.508
49.95000 156.628
49.96000 158.666
49.97000 160.137
49.98000 161.297
49.99000 158.196
50.00000 153.742
50.01000 149.905
50.02000 150.913
50.03000 152.955
50.04000 154.691
50.05000 156.583
50.06000 158.190
50.07000 158.873
50.08000 156.477
50.09000 153.833
50.10000 153.892
50.11000 160.116
50.12000 166.579
50.13000 170.528
50.14000 160.308
50.15000 152.881
50.16000 150.633
50.17000 153.693
50.18000 156.758
50.19000 160.336
50.20000 164.259
50.21000 168.089
50.22000 162.391
50.23000 152.766
50.24000 144.015
50.25000 146.959
50.26000 153.562
50.27000 159.249
50.28000 157.868
50.29000 155.004
50.30000 152.575
50.31000 154.993
50.32000 157.567
50.33000 159.440
50.34000 159.011
50.35000 158.402
50.36000 160.006
50.37000 166.583
50.38000 173.348
50.39000 177.455
50.40000 179.919
50.41000 181.664
50.42000 182.045
50.43000 181.048
50.44000 180.030
50.45000 176.783
50.46000 172.058
50.47000 167.449
50.48000 171.677
50.49000 179.529
50.50000 186.833
50.51000 187.006
50.52000 184.980
50.53000 183.473
50.54000 185.889
50.55000 189.116
50.56000 191.844
50.57000 196.631
50.58000 200.863
50.59000 204.229
50.60000 204.786
50.61000 205.128
50.62000 207.035
50.63000 212.409
50.64000 217.908
50.65000 221.227
50.66000 229.725
50.67000 235.812
50.68000 236.778
50.69000 232.669
50.70000 228.619
50.71000 230.064
50.72000 235.098
50.73000 240.005
50.74000 240.527
50.75000 239.163
50.76000 238.006
50.77000 239.486
50.78000 241.766
50.79000 243.359
50.80000 239.845
50.81000 235.293
50.82000 231.455
50.83000 232.054
50.84000 233.034
50.85000 232.641
50.86000 227.863
50.87000 222.756
50.88000 218.279
50.89000 215.176
50.90000 212.122
50.91000 210.290
50.92000 212.095
50.93000 213.401
50.94000 211.789
50.95000 207.332
50.96000 202.923
50.97000 202.615
50.98000 204.946
50.99000 207.216
51.00000 205.686
51.01000 202.642
51.02000 199.596
51.03000 196.543
51.04000 193.487
51.05000 190.358
51.06000 186.699
51.07000 182.934
51.08000 179.768
51.09000 179.489
51.10000 179.562
51.11000 178.698
51.12000 174.884
51.13000 170.855
51.14000 167.508
51.15000 165.627
51.16000 163.797
51.17000 162.706
51.18000 162.198
51.19000 161.841
51.20000 161.595
51.21000 161.456
51.22000 161.339
51.23000 163.028
51.24000 165.862
51.25000 168.619
51.26000 167.593
51.27000 165.063
51.28000 162.622
51.29000 161.259
51.30000 160.215
51.31000 158.938
51.32000 156.004
51.33000 152.743
51.34000 150.009
51.35000 152.580
51.36000 155.270
51.37000 155.984
51.38000 150.571
51.39000 144.723
51.40000 142.768
51.41000 149.073
51.42000 155.647
51.43000 159.539
51.44000 156.230
51.45000 153.851
51.46000 151.237
51.47000 148.401
51.48000 145.632
51.49000 147.996
51.50000 153.565
51.51000 158.977
51.52000 158.817
51.53000 156.411
51.54000 154.350
51.55000 156.406
51.56000 159.657
51.57000 162.155
51.58000 159.363
51.59000 155.545
51.60000 152.354
51.61000 151.776
51.62000 151.561
51.63000 151.657
51.64000 152.702
51.65000 153.813
51.66000 154.330
51.67000 153.605
51.68000 152.842
51.69000 152.393
51.70000 150.702
51.71000 149.503
51.72000 147.880
51.73000 145.863
51.74000 143.876
51.75000 144.057
51.76000 145.572
51.77000 147.042
51.78000 148.879
51.79000 150.769
51.80000 152.341
51.81000 150.234
51.82000 147.073
51.83000 144.129
51.84000 142.686
51.85000 141.528
51.86000 140.564
51.87000 142.396
51.88000 144.194
51.89000 146.085
51.90000 148.260
51.91000 150.454
51.92000 151.315
51.93000 149.427
51.94000 147.456
51.95000 146.304
51.96000 150.121
51.97000 152.828
51.98000 152.583
51.99000 149.647
52.00000 146.725
52.01000 144.752
52.02000 143.354
52.03000 141.998
52.04000 143.966
52.05000 147.134
52.06000 149.943
52.07000 148.673
52.08000 146.253
52.09000 144.391
52.10000 146.320
52.11000 148.959
52.12000 151.152
52.13000 147.946
52.14000 144.768
52.15000 142.786
52.16000 144.357
52.17000 146.162
52.18000 146.474
52.19000 143.754
52.20000 140.946
52.21000 139.316
52.22000 140.979
52.23000 142.160
52.24000 142.987
52.25000 143.496
52.26000 144.000
52.27000 144.147
52.28000 144.082
52.29000 144.019
52.30000 144.907
52.31000 146.115
52.32000 147.133
52.33000 146.033
52.34000 144.344
52.35000 142.627
52.36000 140.721
52.37000 138.779
52.38000 137.170
52.39000 139.464
52.40000 141.729
52.41000 142.958
52.42000 141.152
52.43000 139.150
52.44000 137.626
52.45000 137.057
52.46000 136.514
52.47000 136.202
52.48000 136.290
52.49000 136.354
52.50000 137.056
52.51000 138.319
52.52000 139.612
52.53000 142.661
52.54000 146.743
52.55000 150.692
52.56000 148.323
52.57000 143.686
52.58000 139.738
52.59000 143.283
52.60000 148.878
52.61000 153.585
52.62000 152.462
52.63000 150.282
52.64000 148.481
52.65000 148.518
52.66000 148.720
52.67000 148.058
52.68000 144.908
52.69000 141.602
52.70000 138.883
52.71000 137.322
52.72000 135.793
52.73000 134.918
52.74000 137.846
52.75000 139.903
52.76000 140.415
52.77000 139.585
52.78000 138.820
52.79000 141.698
52.80000 146.691
52.81000 151.515
52.82000 150.804
52.83000 148.066
52.84000 145.198
52.85000 140.954
52.86000 136.339
52.87000 132.352
52.88000 132.412
52.89000 133.194
52.90000 133.838
52.91000 136.619
52.92000 139.101
52.93000 140.088
52.94000 136.827
52.95000 133.305
52.96000 131.665
52.97000 133.683
52.98000 135.794
52.99000 136.995
53.00000 140.852
53.01000 143.547
53.02000 146.572
53.03000 149.879
53.04000 153.147
53.05000 154.379
53.06000 154.446
53.07000 154.511
53.08000 155.154
53.09000 155.972
53.10000 156.529
53.11000 154.365
53.12000 151.477
53.13000 148.440
53.14000 144.454
53.15000 140.303
53.16000 136.894
53.17000 137.761
53.18000 138.855
53.19000 140.122
53.20000 141.875
53.21000 143.657
53.22000 143.678
53.23000 140.326
53.24000 136.891
53.25000 134.952
53.26000 140.743
53.27000 144.786
53.28000 147.366
53.29000 148.717
53.30000 150.083
53.31000 152.256
53.32000 154.883
53.33000 157.416
53.34000 152.960
53.35000 146.242
53.36000 140.350
53.37000 142.892
53.38000 147.640
53.39000 152.099
53.40000 154.757
53.41000 157.103
53.42000 159.023
53.43000 156.502
53.44000 154.049
53.45000 152.032
53.46000 151.221
53.47000 150.480
53.48000 151.457
53.49000 155.674
53.50000 159.967
53.51000 162.374
53.52000 149.431
53.53000 140.440
53.54000 140.257
53.55000 147.360
53.56000 154.272
53.57000 151.808
53.58000 144.142
53.59000 136.760
53.60000 138.852
53.61000 144.190
53.62000 149.168
53.63000 150.545
53.64000 150.995
53.65000 151.215
53.66000 150.038
53.67000 148.624
53.68000 147.470
53.69000 146.561
53.70000 145.839
53.71000 144.985
53.72000 143.776
53.73000 142.546
53.74000 143.781
53.75000 149.601
53.76000 155.525
53.77000 158.822
53.78000 150.563
53.79000 144.832
53.80000 140.741
53.81000 137.985
53.82000 135.320
53.83000 136.878
53.84000 140.745
53.85000 144.465
53.86000 143.413
53.87000 140.756
53.88000 138.510
53.89000 140.297
53.90000 143.108
53.91000 145.413
53.92000 144.674
53.93000 143.427
53.94000 142.413
53.95000 140.797
53.96000 139.427
53.97000 138.545
53.98000 138.970
53.99000 139.467
54.00000 139.150
54.01000 137.341
54.02000 135.500
54.03000 134.483
54.04000 141.162
54.05000 145.767
54.06000 145.087
54.07000 140.173
54.08000 135.420
54.09000 137.861
54.10000 144.179
54.11000 150.249
54.12000 151.402
54.13000 150.786
54.14000 149.788
54.15000 145.115
54.16000 139.523
54.17000 134.953
54.18000 136.422
54.19000 138.882
54.20000 140.875
54.21000 143.140
54.22000 145.008
54.23000 146.623
54.24000 147.569
54.25000 148.481
54.26000 147.274
54.27000 142.241
54.28000 137.129
54.29000 134.326
54.30000 141.725
54.31000 146.804
54.32000 143.908
54.33000 134.721
54.34000 125.762
54.35000 126.503
54.36000 132.395
54.37000 138.049
54.38000 137.100
54.39000 133.974
54.40000 131.304
54.41000 132.928
54.42000 135.609
54.43000 137.939
54.44000 138.222
54.45000 138.175
54.46000 138.137
54.47000 139.463
54.48000 140.650
54.49000 141.403
54.50000 141.023
54.51000 140.586
54.52000 140.121
54.53000 139.608
54.54000 139.094
54.55000 138.815
54.56000 145.230
54.57000 149.612
54.58000 146.442
54.59000 137.408
54.60000 128.616
54.61000 129.763
54.62000 136.111
54.63000 142.194
54.64000 142.578
54.65000 141.034
54.66000 139.557
54.67000 138.697
54.68000 137.986
54.69000 137.581
54.70000 138.922
54.71000 140.539
54.72000 141.842
54.73000 135.470
54.74000 129.700
54.75000 126.760
54.76000 131.086
54.77000 135.778
54.78000 139.285
54.79000 140.713
54.80000 142.102
54.81000 142.853
54.82000 143.720
54.83000 144.308
54.84000 143.862
54.85000 142.625
54.86000 141.356
54.87000 138.848
54.88000 135.702
54.89000 132.691
54.90000 133.335
54.91000 135.135
54.92000 136.889
54.93000 138.214
54.94000 139.438
54.95000 140.047
54.96000 137.202
54.97000 133.820
54.98000 131.105
54.99000 129.307
55.00000 127.920
55.01000 127.874
55.02000 131.219
55.03000 134.730
55.04000 137.013
55.05000 137.175
55.06000 137.300
55.07000 137.367
55.08000 142.859
55.09000 146.609
55.10000 149.352
55.11000 151.338
55.12000 153.327
55.13000 155.402
55.14000 157.520
55.15000 159.545
55.16000 154.856
55.17000 148.323
55.18000 142.248
55.19000 140.219
55.20000 139.143
55.21000 138.757
55.22000 142.187
55.23000 146.201
55.24000 149.413
55.25000 154.712
55.26000 159.151
55.27000 162.299
55.28000 162.224
55.29000 161.997
55.30000 159.499
55.31000 153.136
55.32000 146.708
55.33000 143.287
55.34000 154.592
55.35000 162.263
55.36000 163.372
55.37000 159.620
55.38000 155.923
55.39000 154.223
55.40000 153.522
55.41000 152.854
55.42000 155.623
55.43000 159.289
55.44000 162.974
55.45000 166.817
55.46000 170.698
55.47000 173.555
55.48000 170.846
55.49000 167.301
55.50000 164.474
55.51000 170.781
55.52000 176.536
55.53000 180.104
55.54000 178.301
55.55000 176.251
55.56000 178.042
55.57000 186.278
55.58000 194.617
55.59000 199.021
55.60000 210.864
55.61000 218.870
55.62000 220.316
55.63000 216.976
55.64000 213.900
55.65000 219.960
55.66000 230.532
55.67000 240.608
55.68000 248.154
55.69000 254.360
55.70000 260.595
55.71000 267.089
55.72000 273.641
55.73000 281.672
55.74000 297.603
55.75000 314.702
55.76000 328.288
55.77000 338.637
55.78000 346.740
55.79000 358.976
55.80000 381.222
55.81000 403.915
55.82000 419.231
55.83000 422.354
55.84000 425.294
55.85000 426.835
55.86000 457.342
55.87000 477.979
55.88000 493.436
55.89000 505.172
55.90000 516.848
55.91000 526.526
55.92000 535.233
55.93000 543.519
55.94000 546.875
55.95000 548.463
55.96000 550.649
55.97000 557.839
55.98000 566.152
55.99000 573.139
56.00000 573.147
56.01000 572.142
56.02000 571.347
56.03000 559.349
56.04000 548.927
56.05000 540.524
56.06000 536.939
56.07000 533.562
56.08000 525.757
56.09000 510.740
56.10000 495.621
56.11000 487.763
56.12000 473.674
56.13000 464.127
56.14000 450.383
56.15000 433.670
56.16000 417.064
56.17000 403.875
56.18000 392.324
56.19000 381.346
56.20000 366.724
56.21000 352.105
56.22000 338.274
56.23000 330.897
56.24000 324.946
56.25000 318.187
56.26000 307.247
56.27000 295.710
56.28000 286.607
56.29000 277.559
56.30000 270.304
56.31000 262.489
56.32000 253.359
56.33000 244.175
56.34000 238.371
56.35000 237.994
56.36000 237.689
56.37000 237.532
56.38000 219.452
56.39000 207.341
56.40000 204.092
56.41000 207.018
56.42000 209.863
56.43000 210.232
56.44000 209.431
56.45000 208.671
56.46000 201.911
56.47000 193.883
56.48000 186.943
56.49000 188.743
56.50000 192.443
56.51000 194.830
56.52000 190.530
56.53000 185.293
56.54000 181.175
56.55000 174.129
56.56000 168.293
56.57000 163.660
56.58000 161.813
56.59000 160.080
56.60000 160.098
56.61000 162.883
56.62000 165.702
56.63000 167.144
56.64000 161.433
56.65000 157.613
56.66000 155.653
56.67000 154.969
56.68000 154.252
56.69000 152.521
56.70000 150.318
56.71000 148.230
56.72000 148.045
56.73000 148.432
56.74000 149.055
56.75000 151.535
56.76000 154.413
56.77000 157.030
56.78000 158.340
56.79000 159.471
56.80000 160.357
56.81000 159.749
56.82000 159.167
56.83000 156.062
56.84000 147.189
56.85000 138.090
56.86000 132.967
56.87000 134.037
56.88000 135.179
56.89000 135.759
56.90000 141.367
56.91000 145.106
56.92000 146.938
56.93000 147.481
56.94000 148.109
56.95000 151.183
56.96000 155.380
56.97000 159.351
56.98000 156.913
56.99000 152.821
57.00000 148.661
57.01000 143.982
57.02000 139.194
57.03000 135.402
57.04000 136.521
57.05000 138.304
57.06000 139.695
57.07000 141.045
57.08000 142.118
57.09000 140.910
57.10000 134.559
57.11000 128.013
57.12000 124.985
57.13000 127.355
57.14000 129.783
57.15000 131.005
57.16000 127.905
57.17000 125.906
57.18000 131.026
57.19000 140.885
57.20000 150.418
57.21000 150.894
57.22000 147.272
57.23000 143.849
57.24000 140.996
57.25000 138.538
57.26000 135.930
57.27000 132.191
57.28000 128.217
57.29000 125.352
57.30000 127.870
57.31000 131.102
57.32000 133.616
57.33000 126.041
57.34000 119.393
57.35000 115.914
57.36000 119.476
57.37000 123.294
57.38000 126.775
57.39000 129.743
57.40000 132.707
57.41000 131.760
57.42000 126.923
57.43000 122.124
57.44000 120.831
57.45000 121.837
57.46000 122.924
57.47000 126.192
57.48000 130.433
57.49000 134.435
57.50000 132.708
57.51000 129.524
57.52000 127.080
57.53000 130.156
57.54000 134.358
57.55000 137.558
57.56000 135.974
57.57000 133.768
57.58000 132.058
57.59000 129.399
57.60000 127.231
57.61000 124.743
57.62000 121.556
57.63000 118.344
57.64000 119.166
57.65000 125.991
57.66000 132.873
57.67000 135.160
57.68000 132.954
57.69000 130.731
57.70000 127.087
57.71000 122.525
57.72000 118.137
57.73000 118.253
57.74000 120.350
57.75000 122.325
57.76000 125.775
57.77000 129.337
57.78000 132.559
57.79000 133.296
57.80000 133.534
57.81000 133.473
57.82000 132.011
57.83000 130.371
57.84000 129.104
57.85000 128.516
57.86000 128.090
57.87000 127.687
57.88000 127.337
57.89000 126.988
57.90000 127.067
57.91000 127.772
57.92000 128.483
57.93000 129.700
57.94000 131.405
57.95000 133.089
57.96000 133.149
57.97000 132.174
57.98000 131.125
57.99000 128.232
58.00000 124.539
58.01000 121.065
58.02000 121.608
58.03000 123.190
58.04000 124.266
58.05000 121.712
58.06000 118.439
58.07000 115.896
58.08000 116.724
58.09000 117.975
58.10000 118.937
58.11000 122.088
58.12000 124.705
58.13000 127.050
58.14000 128.818
58.15000 130.566
58.16000 131.348
58.17000 130.735
58.18000 130.111
58.19000 128.367
58.20000 125.566
58.21000 122.789
58.22000 121.902
58.23000 122.200
58.24000 122.490
58.25000 122.577
58.26000 122.578
58.27000 122.579
58.28000 124.419
58.29000 126.587
58.30000 128.354
58.31000 127.294
58.32000 125.683
58.33000 124.131
58.34000 122.839
58.35000 121.580
58.36000 120.616
58.37000 121.003
58.38000 121.384
58.39000 122.226
58.40000 124.034
58.41000 125.873
58.42000 126.411
58.43000 125.098
58.44000 123.772
58.45000 123.488
58.46000 124.171
58.47000 124.866
58.48000 126.330
58.49000 128.269
58.50000 130.096
58.51000 129.299
58.52000 127.397
58.53000 125.614
58.54000 124.747
58.55000 124.197
58.56000 123.397
58.57000 120.859
58.58000 117.989
58.59000 116.144
58.60000 118.893
58.61000 122.196
58.62000 124.718
58.63000 120.563
58.64000 116.929
58.65000 115.748
58.66000 119.639
58.67000 123.684
58.68000 125.213
58.69000 123.217
58.70000 121.197
58.71000 121.465
58.72000 123.825
58.73000 126.122
58.74000 124.120
58.75000 119.503
58.76000 115.045
58.77000 114.214
58.78000 114.887
58.79000 115.517
58.80000 114.825
58.81000 113.857
58.82000 113.371
58.83000 116.171
58.84000 119.589
58.85000 122.746
58.86000 124.749
58.87000 126.616
58.88000 128.035
58.89000 126.911
58.90000 125.894
58.91000 124.161
58.92000 120.969
58.93000 117.735
58.94000 116.655
58.95000 118.547
58.96000 120.457
58.97000 119.560
58.98000 116.142
58.99000 112.791
59.00000 113.763
59.01000 117.326
59.02000 120.733
59.03000 120.710
59.04000 119.285
59.05000 117.952
59.06000 117.214
59.07000 116.694
59.08000 116.159
59.09000 115.518
59.10000 114.859
59.11000 114.767
59.12000 117.141
59.13000 119.802
59.14000 121.817
59.15000 124.760
59.16000 127.118
59.17000 127.775
59.18000 125.021
59.19000 122.170
59.20000 120.141
59.21000 119.227
59.22000 118.320
59.23000 115.937
59.24000 112.252
59.25000 108.675
59.26000 111.670
59.27000 118.546
59.28000 125.169
59.29000 126.385
59.30000 125.422
59.31000 124.523
59.32000 124.418
59.33000 124.522
59.34000 124.235
59.35000 121.384
59.36000 118.067
59.37000 116.080
59.38000 119.782
59.39000 124.131
59.40000 127.413
59.41000 124.787
59.42000 122.437
59.43000 119.763
59.44000 116.446
59.45000 113.112
59.46000 111.600
59.47000 112.525
59.48000 113.461
59.49000 114.586
59.50000 115.873
59.51000 117.151
59.52000 117.872
59.53000 118.268
59.54000 118.706
59.55000 120.024
59.56000 121.691
59.57000 123.243
59.58000 120.793
59.59000 117.597
59.60000 114.747
59.61000 114.128
59.62000 113.909
59.63000 114.463
59.64000 118.274
59.65000 122.449
59.66000 125.586
59.67000 124.918
59.68000 124.212
59.69000 122.451
59.70000 118.629
59.71000 114.754
59.72000 113.184
59.73000 114.646
59.74000 116.120
59.75000 117.509
59.76000 118.820
59.77000 120.122
59.78000 120.880
59.79000 121.326
59.80000 121.683
59.81000 120.243
59.82000 118.100
59.83000 116.107
59.84000 114.085
59.85000 112.253
59.86000 110.538
59.87000 109.561
59.88000 108.715
59.89000 108.922
59.90000 113.495
59.91000 118.545
59.92000 122.325
59.93000 121.867
59.94000 121.311
59.95000 120.719
59.96000 120.059
59.97000 119.398
59.98000 117.214
59.99000 113.058
60.00000 108.898
60.01000 108.259
60.02000 110.583
60.03000 112.907
60.04000 115.226
60.05000 117.540
60.06000 119.647
60.07000 117.699
60.08000 114.186
60.09000 110.924
60.10000 110.835
60.11000 111.505
60.12000 112.647
60.13000 116.735
60.14000 121.332
60.15000 124.720
60.16000 123.167
60.17000 121.085
60.18000 119.532
60.19000 118.724
60.20000 118.129
60.21000 117.425
60.22000 116.514
60.23000 115.598
60.24000 115.899
60.25000 117.752
60.26000 119.609
60.27000 120.925
60.28000 121.791
60.29000 122.638
60.30000 122.540
60.31000 121.917
60.32000 121.223
60.33000 119.199
60.34000 116.669
60.35000 114.324
60.36000 118.158
60.37000 123.046
60.38000 126.836
60.39000 123.887
60.40000 119.790
60.41000 116.596
60.42000 117.033
60.43000 117.852
60.44000 118.461
60.45000 119.196
60.46000 119.774
60.47000 119.660
60.48000 118.256
60.49000 116.823
60.50000 115.949
60.51000 115.776
60.52000 115.605
60.53000 117.374
60.54000 120.715
60.55000 123.994
60.56000 124.332
60.57000 123.056
60.58000 121.787
60.59000 120.650
60.60000 119.562
60.61000 118.556
60.62000 116.369
60.63000 114.134
60.64000 112.192
60.65000 112.023
60.66000 112.150
60.67000 112.566
60.68000 114.129
60.69000 115.811
60.70000 117.054
60.71000 118.918
60.72000 120.390
60.73000 121.102
60.74000 120.414
60.75000 119.695
60.76000 119.375
60.77000 119.545
60.78000 119.717
60.79000 120.950
60.80000 123.027
60.81000 125.059
60.82000 125.033
60.83000 123.895
60.84000 122.753
60.85000 121.538
60.86000 120.296
60.87000 119.149
60.88000 117.049
60.89000 114.951
60.90000 112.805
60.91000 110.371
60.92000 107.891
60.93000 106.938
60.94000 111.946
60.95000 117.554
60.96000 121.685
60.97000 121.473
60.98000 121.128
60.99000 120.816
61.00000 120.564
61.01000 120.313
61.02000 120.541
61.03000 121.353
61.04000 122.164
61.05000 121.636
61.06000 120.056
61.07000 118.554
61.08000 120.397
61.09000 124.022
61.10000 127.248
61.11000 123.515
61.12000 117.247
61.13000 111.469
61.14000 114.544
61.15000 119.254
61.16000 123.241
61.17000 123.006
61.18000 122.087
61.19000 121.838
61.20000 124.159
61.21000 126.734
61.22000 128.622
61.23000 124.363
61.24000 120.824
61.25000 118.280
61.26000 117.512
61.27000 116.779
61.28000 116.263
61.29000 116.007
61.30000 115.753
61.31000 118.536
61.32000 123.657
61.33000 128.656
61.34000 128.580
61.35000 125.839
61.36000 123.115
61.37000 120.674
61.38000 118.336
61.39000 116.184
61.40000 118.946
61.41000 122.483
61.42000 125.778
61.43000 127.686
61.44000 129.373
61.45000 131.767
61.46000 136.838
61.47000 142.167
61.48000 146.059
61.49000 144.090
61.50000 142.343
61.51000 150.196
61.52000 174.942
61.53000 200.005
61.54000 218.010
61.55000 227.700
61.56000 237.353
61.57000 250.638
61.58000 266.612
61.59000 282.462
61.60000 293.447
61.61000 301.914
61.62000 310.565
61.63000 322.262
61.64000 335.036
61.65000 346.766
61.66000 352.250
61.67000 355.808
61.68000 358.920
61.69000 359.522
61.70000 359.731
61.71000 359.631
61.72000 358.377
61.73000 357.013
61.74000 356.022
61.75000 344.240
61.76000 334.767
61.77000 320.438
61.78000 297.686
61.79000 274.784
61.80000 253.033
61.81000 232.616
61.82000 212.255
61.83000 198.646
61.84000 190.191
61.85000 181.723
61.86000 172.746
61.87000 163.510
61.88000 154.443
61.89000 148.087
61.90000 142.677
61.91000 137.718
61.92000 140.173
61.93000 143.918
61.94000 146.811
61.95000 144.975
61.96000 142.413
61.97000 139.381
61.98000 134.622
61.99000 129.703
62.00000 126.143
62.01000 129.791
62.02000 132.856
62.03000 132.797
62.04000 127.398
62.05000 121.910
62.06000 121.043
62.07000 125.447
62.08000 129.843
62.09000 133.991
62.10000 137.924
62.11000 141.706
62.12000 139.984
62.13000 135.496
62.14000 131.130
62.15000 128.679
62.16000 126.887
62.17000 125.247
62.18000 128.011
62.19000 131.378
62.20000 134.627
62.21000 137.237
62.22000 139.750
62.23000 140.365
62.24000 134.110
62.25000 127.232
62.26000 122.275
62.27000 128.250
62.28000 133.215
62.29000 135.794
62.30000 134.355
62.31000 132.852
62.32000 133.428
62.33000 136.337
62.34000 139.239
62.35000 139.457
62.36000 137.725
62.37000 136.005
62.38000 134.723
62.39000 133.658
62.40000 132.754
62.41000 134.306
62.42000 136.690
62.43000 138.867
62.44000 139.201
62.45000 139.124
62.46000 138.795
62.47000 137.121
62.48000 135.246
62.49000 134.966
62.50000 140.370
62.51000 146.277
62.52000 150.515
62.53000 147.987
62.54000 145.822
62.55000 143.062
62.56000 139.316
62.57000 135.555
62.58000 134.498
62.59000 136.425
62.60000 138.347
62.61000 138.390
62.62000 137.091
62.63000 135.778
62.64000 134.009
62.65000 132.019
62.66000 130.208
62.67000 131.086
62.68000 132.862
62.69000 134.480
62.70000 138.982
62.71000 143.547
62.72000 146.800
62.73000 143.131
62.74000 138.452
62.75000 134.967
62.76000 135.677
62.77000 136.750
62.78000 137.517
62.79000 135.796
62.80000 134.400
62.81000 135.576
62.82000 140.954
62.83000 146.392
62.84000 147.176
62.85000 142.905
62.86000 138.651
62.87000 136.675
62.88000 136.320
62.89000 135.906
62.90000 133.572
62.91000 130.315
62.92000 127.384
62.93000 129.201
62.94000 132.579
62.95000 135.652
62.96000 135.941
62.97000 135.651
62.98000 136.342
62.99000 142.120
63.00000 148.626
63.01000 152.856
63.02000 149.209
63.03000 144.893
63.04000 141.825
63.05000 139.587
63.06000 137.909
63.07000 137.740
63.08000 140.000
63.09000 142.292
63.10000 145.358
63.11000 149.251
63.12000 153.126
63.13000 151.754
63.14000 146.768
63.15000 141.872
63.16000 139.778
63.17000 139.013
63.18000 138.218
63.19000 137.013
63.20000 135.675
63.21000 134.461
63.22000 134.248
63.23000 134.253
63.24000 134.429
63.25000 135.475
63.26000 136.643
63.27000 137.152
63.28000 135.409
63.29000 133.480
63.30000 132.114
63.31000 132.375
63.32000 132.625
63.33000 134.314
63.34000 138.287
63.35000 142.289
63.36000 143.436
63.37000 141.583
63.38000 139.739
63.39000 138.407
63.40000 137.438
63.41000 136.520
63.42000 137.142
63.43000 138.483
63.44000 139.809
63.45000 140.917
63.46000 141.954
63.47000 142.894
63.48000 144.001
63.49000 145.008
63.50000 146.290
63.51000 148.951
63.52000 151.802
63.53000 152.871
63.54000 147.952
63.55000 142.549
63.56000 138.742
63.57000 137.141
63.58000 135.992
63.59000 135.879
63.60000 137.384
63.61000 138.908
63.62000 140.156
63.63000 141.119
63.64000 142.077
63.65000 142.962
63.66000 143.789
63.67000 144.553
63.68000 143.496
63.69000 141.599
63.70000 139.787
63.71000 139.118
63.72000 138.809
63.73000 138.529
63.74000 140.929
63.75000 143.539
63.76000 145.489
63.77000 144.170
63.78000 142.409
63.79000 140.912
63.80000 140.286
63.81000 139.730
63.82000 139.340
63.83000 139.631
63.84000 139.870
63.85000 140.456
63.86000 141.577
63.87000 142.704
63.88000 144.695
63.89000 147.562
63.90000 150.413
63.91000 149.882
63.92000 147.129
63.93000 144.481
63.94000 144.739
63.95000 146.315
63.96000 147.878
63.97000 149.257
63.98000 150.579
63.99000 151.771
64.00000 149.487
64.01000 146.844
64.02000 145.913
64.03000 153.310
64.04000 161.816
64.05000 167.390
64.06000 163.402
64.07000 158.675
64.08000 155.375
64.09000 153.899
64.10000 152.835
64.11000 150.864
64.12000 147.519
64.13000 144.160
64.14000 143.196
64.15000 144.625
64.16000 146.044
64.17000 145.096
64.18000 142.628
64.19000 140.421
64.20000 145.269
64.21000 153.274
64.22000 160.431
64.23000 156.676
64.24000 149.585
64.25000 143.201
64.26000 146.488
64.27000 151.107
64.28000 155.305
64.29000 157.489
64.30000 159.411
64.31000 160.232
64.32000 157.515
64.33000 154.530
64.34000 152.457
64.35000 159.164
64.36000 164.453
64.37000 166.855
64.38000 164.945
64.39000 162.993
64.40000 161.997
64.41000 161.940
64.42000 161.883
64.43000 162.815
64.44000 164.364
64.45000 165.820
64.46000 164.858
64.47000 162.829
64.48000 161.120
64.49000 163.426
64.50000 166.941
64.51000 170.099
64.52000 170.682
64.53000 170.738
64.54000 170.918
64.55000 171.684
64.56000 172.525
64.57000 171.762
64.58000 165.914
64.59000 159.691
64.60000 155.389
64.61000 171.478
64.62000 184.102
64.63000 190.464
64.64000 187.614
64.65000 184.682
64.66000 180.808
64.67000 176.024
64.68000 171.274
64.69000 174.106
64.70000 181.652
64.71000 188.887
64.72000 188.300
64.73000 184.314
64.74000 180.527
64.75000 179.208
64.76000 178.620
64.77000 178.094
64.78000 179.472
64.79000 181.006
64.80000 182.442
64.81000 183.419
64.82000 184.338
64.83000 185.832
64.84000 189.121
64.85000 192.540
64.86000 194.891
64.87000 195.707
64.88000 196.282
64.89000 196.099
64.90000 194.819
64.91000 193.531
64.92000 193.836
64.93000 195.653
64.94000 197.457
64.95000 197.557
64.96000 196.603
64.97000 195.777
64.98000 198.094
64.99000 201.757
65.00000 205.179
65.01000 205.703
65.02000 205.380
65.03000 205.090
65.04000 205.048
65.05000 205.054
65.06000 205.471
65.07000 207.764
65.08000 210.289
65.09000 212.698
65.10000 214.752
65.11000 216.781
65.12000 218.170
65.13000 221.501
65.14000 224.041
65.15000 227.532
65.16000 232.379
65.17000 237.236
65.18000 239.408
65.19000 239.071
65.20000 238.738
65.21000 243.045
65.22000 250.095
65.23000 257.090
65.24000 262.765
65.25000 267.883
65.26000 272.950
65.27000 277.416
65.28000 281.710
65.29000 285.541
65.30000 294.470
65.31000 303.094
65.32000 309.759
65.33000 307.616
65.34000 304.405
65.35000 304.060
65.36000 312.398
65.37000 321.331
65.38000 327.416
65.39000 346.923
65.40000 361.806
65.41000 370.403
65.42000 370.167
65.43000 369.873
65.44000 375.782
65.45000 387.387
65.46000 398.889
65.47000 405.029
65.48000 407.840
65.49000 411.192
65.50000 426.901
65.51000 447.753
65.52000 467.442
65.53000 473.761
65.54000 476.283
65.55000 478.529
65.56000 499.233
65.57000 520.253
65.58000 539.567
65.59000 551.327
65.60000 562.189
65.61000 575.592
65.62000 596.583
65.63000 618.082
65.64000 632.654
65.65000 692.459
65.66000 738.044
65.67000 798.946
65.68000 881.038
65.69000 963.279
65.70000 1068.178
65.71000 1193.543
65.72000 1317.723
65.73000 1477.239
65.74000 1654.314
65.75000 1829.959
65.76000 1973.941
65.77000 2104.930
65.78000 2234.312
65.79000 2345.648
65.80000 2451.935
65.81000 2546.370
65.82000 2613.269
65.83000 2666.853
65.84000 2709.948
65.85000 2707.322
65.86000 2699.366
65.87000 2685.393
65.88000 2653.705
65.89000 2620.863
65.90000 2598.716
65.91000 2542.866
65.92000 2500.603
65.93000 2422.777
65.94000 2296.502
65.95000 2169.920
65.96000 2010.573
65.97000 1822.112
65.98000 1635.544
65.99000 1456.425
66.00000 1285.471
66.01000 1116.792
66.02000 996.957
66.03000 896.879
66.04000 799.613
66.05000 733.251
66.06000 675.404
66.07000 624.126
66.08000 581.827
66.09000 546.628
66.10000 515.163
66.11000 499.724
66.12000 486.116
66.13000 473.431
66.14000 463.420
66.15000 453.580
66.16000 446.977
66.17000 448.760
66.18000 450.254
66.19000 452.280
66.20000 455.021
66.21000 457.773
66.22000 466.742
66.23000 481.145
66.24000 495.395
66.25000 511.378
66.26000 527.989
66.27000 545.158
66.28000 573.958
66.29000 607.396
66.30000 639.620
66.31000 658.801
66.32000 674.440
66.33000 688.272
66.34000 707.926
66.35000 725.814
66.36000 743.689
66.37000 761.502
66.38000 779.309
66.39000 792.249
66.40000 791.274
66.41000 789.438
66.42000 788.213
66.43000 801.835
66.44000 812.214
66.45000 809.147
66.46000 788.324
66.47000 767.413
66.48000 743.137
66.49000 715.969
66.50000 689.107
66.51000 667.730
66.52000 649.939
66.53000 631.663
66.54000 603.579
66.55000 571.641
66.56000 540.604
66.57000 519.046
66.58000 500.022
66.59000 483.237
66.60000 460.574
66.61000 440.128
66.62000 422.912
66.63000 419.136
66.64000 416.837
66.65000 415.666
66.66000 417.673
66.67000 419.871
66.68000 421.330
66.69000 415.238
66.70000 410.596
66.71000 405.624
66.72000 400.225
66.73000 394.829
66.74000 392.091
66.75000 391.604
66.76000 391.122
66.77000 395.485
66.78000 402.417
66.79000 409.070
66.80000 410.252
66.81000 409.314
66.82000 408.713
66.83000 411.576
66.84000 415.352
66.85000 418.676
66.86000 416.611
66.87000 414.026
66.88000 411.574
66.89000 409.670
66.90000 407.826
66.91000 408.823
66.92000 417.717
66.93000 427.074
66.94000 433.254
66.95000 429.388
66.96000 426.359
66.97000 427.138
66.98000 432.793
66.99000 438.456
67.00000 439.571
67.01000 436.897
67.02000 434.256
67.03000 433.731
67.04000 434.370
67.05000 434.824
67.06000 431.751
67.07000 427.332
67.08000 424.162
67.09000 433.611
67.10000 446.333
67.11000 457.505
67.12000 456.038
67.13000 452.918
67.14000 448.829
67.15000 440.829
67.16000 432.417
67.17000 428.383
67.18000 436.334
67.19000 444.969
67.20000 450.643
67.21000 449.714
67.22000 448.918
67.23000 448.695
67.24000 449.192
67.25000 449.693
67.26000 450.931
67.27000 452.773
67.28000 454.591
67.29000 450.608
67.30000 443.627
67.31000 437.296
67.32000 442.999
67.33000 453.231
67.34000 463.393
67.35000 472.860
67.36000 482.151
67.37000 490.290
67.38000 487.307
67.39000 483.143
67.40000 480.043
67.41000 481.172
67.42000 482.738
67.43000 484.599
67.44000 487.256
67.45000 489.957
67.46000 491.722
67.47000 480.249
67.48000 471.611
67.49000 473.785
67.50000 489.367
67.51000 504.958
67.52000 510.132
67.53000 506.903
67.54000 503.720
67.55000 499.513
67.56000 494.887
67.57000 490.923
67.58000 498.877
67.59000 511.250
67.60000 522.452
67.61000 522.305
67.62000 519.302
67.63000 516.677
67.64000 514.339
67.65000 512.378
67.66000 510.887
67.67000 511.241
67.68000 511.781
67.69000 512.602
67.70000 514.169
67.71000 515.776
67.72000 516.821
67.73000 530.718
67.74000 541.097
67.75000 543.670
67.76000 536.715
67.77000 529.749
67.78000 526.717
67.79000 526.808
67.80000 526.898
67.81000 533.007
67.82000 542.057
67.83000 550.602
67.84000 550.298
67.85000 546.759
67.86000 543.582
67.87000 543.834
67.88000 544.936
67.89000 545.897
67.90000 544.495
67.91000 542.967
67.92000 542.431
67.93000 545.714
67.94000 549.376
67.95000 554.559
67.96000 563.727
67.97000 573.105
67.98000 579.165
67.99000 588.514
68.00000 595.397
68.01000 597.929
68.02000 595.235
68.03000 592.516
68.04000 586.079
68.05000 576.735
68.06000 567.535
68.07000 570.281
68.08000 579.040
68.09000 588.030
68.10000 600.963
68.11000 615.318
68.12000 628.083
68.13000 626.081
68.14000 620.475
68.15000 615.599
68.16000 627.777
68.17000 640.492
68.18000 648.291
68.19000 637.416
68.20000 624.727
68.21000 617.955
68.22000 626.467
68.23000 635.758
68.24000 641.729
68.25000 656.186
68.26000 666.849
68.27000 676.389
68.28000 684.600
68.29000 692.817
68.30000 702.941
68.31000 714.533
68.32000 725.936
68.33000 720.153
68.34000 705.920
68.35000 692.807
68.36000 698.300
68.37000 710.399
68.38000 721.645
68.39000 725.122
68.40000 726.731
68.41000 728.127
68.42000 732.498
68.43000 736.619
68.44000 742.977
68.45000 757.701
68.46000 773.221
68.47000 788.601
68.48000 803.624
68.49000 818.629
68.50000 828.219
68.51000 849.030
68.52000 864.325
68.53000 879.156
68.54000 893.446
68.55000 907.786
68.56000 932.656
68.57000 965.504
68.58000 997.794
68.59000 1032.867
68.60000 1068.152
68.61000 1103.095
68.62000 1132.513
68.63000 1159.998
68.64000 1190.657
68.65000 1249.667
68.66000 1315.388
68.67000 1372.255
68.68000 1445.595
68.69000 1510.103
68.70000 1576.322
68.71000 1648.841
68.72000 1721.947
68.73000 1786.459
68.74000 1829.402
68.75000 1871.309
68.76000 1897.941
68.77000 2007.198
68.78000 2087.570
68.79000 2164.358
68.80000 2237.044
68.81000 2309.790
68.82000 2394.697
68.83000 2488.677
68.84000 2580.986
68.85000 2705.808
68.86000 2842.151
68.87000 2990.265
68.88000 3323.904
68.89000 3721.524
68.90000 4167.057
68.91000 5032.089
68.92000 5994.910
68.93000 6825.883
68.94000 9437.152
68.95000 11881.989
68.96000 14695.515
68.97000 18847.615
68.98000 23121.613
68.99000 27604.834
69.00000 32605.592
69.01000 37630.477
69.02000 40805.406
69.03000 46090.617
69.04000 49945.012
69.05000 53081.371
69.06000 55409.164
69.07000 57731.664
69.08000 59255.836
69.09000 60193.688
69.10000 61114.105
69.11000 61940.188
69.12000 62691.555
69.13000 63460.723
69.14000 64503.320
69.15000 65638.852
69.16000 66687.648
69.17000 66991.695
69.18000 67124.805
69.19000 67239.391
69.20000 64813.438
69.21000 62438.176
69.22000 59689.547
69.23000 55605.500
69.24000 51402.469
69.25000 47433.680
69.26000 44035.988
69.27000 40664.117
69.28000 38545.969
69.29000 36061.551
69.30000 34261.363
69.31000 32883.977
69.32000 31974.969
69.33000 31067.908
69.34000 30421.156
69.35000 29962.656
69.36000 29513.063
69.37000 28545.680
69.38000 27369.949
69.39000 26140.705
69.40000 24110.109
69.41000 21811.092
69.42000 19480.072
69.43000 16879.568
69.44000 14218.166
69.45000 11933.170
69.46000 9698.438
69.47000 7815.326
69.48000 6121.252
69.49000 5093.302
69.50000 4123.406
69.51000 3305.148
69.52000 2851.305
69.53000 2413.428
69.54000 2139.973
69.55000 1872.711
69.56000 1679.996
69.57000 1545.842
69.58000 1475.504
69.59000 1405.267
69.60000 1345.566
69.61000 1293.366
69.62000 1242.224
69.63000 1188.783
69.64000 1136.321
69.65000 1084.851
69.66000 1047.857
69.67000 1015.642
69.68000 984.601
69.69000 963.258
69.70000 944.072
69.71000 927.644
69.72000 897.220
69.73000 869.848
69.74000 842.734
69.75000 816.517
69.76000 790.376
69.77000 764.810
69.78000 740.605
69.79000 716.458
69.80000 701.468
69.81000 707.919
69.82000 712.772
69.83000 706.640
69.84000 688.734
69.85000 670.860
69.86000 657.738
69.87000 647.949
69.88000 638.366
69.89000 635.131
69.90000 634.923
69.91000 633.864
69.92000 620.677
69.93000 603.544
69.94000 587.795
69.95000 583.255
69.96000 581.170
69.97000 579.389
69.98000 575.286
69.99000 571.555
70.00000 568.162
