20.00000 501.854
20.01000 505.646
20.02000 509.979
20.03000 511.544
20.04000 502.194
20.05000 491.726
20.06000 483.996
20.07000 487.350
20.08000 490.420
20.09000 491.532
20.10000 489.060
20.11000 486.511
20.12000 482.339
20.13000 476.170
20.14000 470.007
20.15000 469.731
20.16000 474.145
20.17000 478.468
20.18000 478.754
20.19000 476.866
20.20000 475.242
20.21000 478.297
20.22000 483.075
20.23000 487.484
20.24000 486.702
20.25000 484.838
20.26000 482.917
20.27000 480.661
20.28000 478.349
20.29000 476.689
20.30000 477.554
20.31000 478.673
20.32000 479.496
20.33000 480.654
20.34000 481.564
20.35000 481.438
20.36000 479.443
20.37000 477.410
20.38000 477.015
20.39000 478.602
20.40000 480.190
20.41000 480.703
20.42000 480.372
20.43000 480.051
20.44000 480.195
20.45000 480.585
20.46000 481.176
20.47000 485.251
20.48000 490.589
20.49000 495.507
20.50000 490.609
20.51000 484.066
20.52000 477.649
20.53000 471.966
20.54000 466.400
20.55000 463.809
20.56000 472.598
20.57000 482.504
20.58000 489.758
20.59000 483.407
20.60000 477.961
20.61000 475.658
20.62000 478.944
20.63000 482.339
20.64000 483.154
20.65000 480.897
20.66000 478.639
20.67000 484.385
20.68000 496.270
20.69000 507.855
20.70000 507.209
20.71000 500.170
20.72000 493.338
20.73000 490.007
20.74000 487.928
20.75000 486.016
20.76000 484.400
20.77000 483.020
20.78000 481.398
20.79000 478.393
20.80000 475.169
20.81000 473.555
20.82000 478.010
20.83000 483.049
20.84000 486.722
20.85000 479.580
20.86000 473.659
20.87000 471.130
20.88000 474.542
20.89000 478.064
20.90000 476.376
20.91000 468.580
20.92000 460.794
20.93000 461.212
20.94000 467.850
20.95000 474.389
20.96000 477.046
20.97000 477.702
20.98000 478.339
20.99000 478.677
21.00000 478.908
21.01000 479.120
21.02000 480.443
21.03000 481.859
21.04000 483.137
21.05000 483.646
21.06000 484.035
21.07000 484.611
21.08000 485.883
21.09000 487.220
21.10000 488.192
21.11000 484.375
21.12000 481.262
21.13000 477.531
21.14000 472.735
21.15000 467.921
21.16000 464.207
21.17000 461.763
21.18000 459.327
21.19000 461.332
21.20000 466.637
21.21000 471.803
21.22000 471.751
21.23000 469.051
21.24000 466.733
21.25000 470.520
21.26000 476.426
21.27000 481.837
21.28000 477.170
21.29000 470.909
21.30000 465.818
21.31000 467.183
21.32000 469.534
21.33000 470.498
21.34000 466.383
21.35000 461.801
21.36000 458.489
21.37000 465.136
21.38000 470.597
21.39000 474.830
21.40000 476.972
21.41000 479.080
21.42000 477.158
21.43000 470.664
21.44000 464.185
21.45000 462.948
21.46000 465.569
21.47000 468.318
21.48000 475.688
21.49000 485.371
21.50000 494.592
21.51000 496.627
21.52000 496.203
21.53000 495.815
21.54000 493.358
21.55000 490.750
21.56000 488.234
21.57000 486.227
21.58000 484.296
21.59000 484.290
21.60000 491.217
21.61000 498.768
21.62000 504.203
21.63000 495.476
21.64000 488.296
21.65000 482.719
21.66000 479.827
21.67000 476.978
21.68000 478.296
21.69000 484.266
21.70000 490.218
21.71000 492.295
21.72000 491.553
21.73000 490.932
21.74000 494.487
21.75000 500.100
21.76000 505.511
21.77000 507.856
21.78000 509.166
21.79000 510.363
21.80000 510.941
21.81000 511.329
21.82000 513.084
21.83000 522.136
21.84000 532.265
21.85000 538.727
21.86000 532.175
21.87000 524.477
21.88000 518.961
21.89000 530.422
21.90000 539.756
21.91000 548.358
21.92000 555.750
21.93000 563.125
21.94000 569.506
21.95000 574.796
21.96000 580.066
21.97000 591.807
21.98000 608.039
21.99000 623.756
22.00000 622.327
22.01000 612.566
22.02000 603.680
22.03000 607.732
22.04000 616.086
22.05000 623.694
22.06000 627.118
22.07000 629.319
22.08000 630.479
22.09000 626.169
22.10000 621.068
22.11000 618.899
22.12000 626.986
22.13000 635.957
22.14000 642.356
22.15000 639.245
22.16000 636.560
22.17000 632.117
22.18000 624.814
22.19000 617.471
22.20000 613.282
22.21000 612.499
22.22000 611.721
22.23000 605.538
22.24000 595.637
22.25000 585.953
22.26000 583.216
22.27000 583.807
22.28000 584.109
22.29000 580.261
22.30000 575.054
22.31000 570.321
22.32000 557.722
22.33000 545.051
22.34000 533.598
22.35000 528.441
22.36000 524.181
22.37000 521.630
22.38000 524.967
22.39000 528.799
22.40000 531.520
22.41000 525.483
22.42000 520.610
22.43000 515.900
22.44000 511.452
22.45000 507.008
22.46000 499.365
22.47000 488.324
22.48000 477.334
22.49000 478.280
22.50000 487.429
22.51000 496.281
22.52000 495.967
22.53000 491.325
22.54000 486.569
22.55000 480.195
22.56000 473.300
22.57000 467.046
22.58000 468.365
22.59000 470.980
22.60000 472.533
22.61000 468.683
22.62000 464.077
22.63000 460.387
22.64000 459.808
22.65000 459.484
22.66000 459.256
22.67000 462.521
22.68000 465.107
22.69000 463.210
22.70000 454.233
22.71000 445.168
22.72000 443.488
22.73000 449.525
22.74000 455.533
22.75000 454.324
22.76000 448.244
22.77000 442.242
22.78000 438.568
22.79000 435.978
22.80000 433.936
22.81000 439.421
22.82000 447.302
22.83000 454.437
22.84000 458.402
22.85000 461.299
22.86000 462.483
22.87000 455.102
22.88000 446.545
22.89000 439.740
22.90000 438.799
22.91000 438.329
22.92000 437.999
22.93000 441.665
22.94000 444.562
22.95000 445.104
22.96000 441.984
22.97000 438.821
22.98000 441.036
22.99000 448.775
23.00000 456.473
23.01000 454.154
23.02000 445.191
23.03000 436.555
23.04000 437.300
23.05000 442.346
23.06000 446.998
23.07000 446.357
23.08000 444.058
23.09000 441.981
23.10000 441.761
23.11000 441.912
23.12000 441.636
23.13000 439.260
23.14000 436.601
23.15000 433.280
23.16000 427.779
23.17000 422.107
23.18000 418.134
23.19000 429.020
23.20000 437.675
23.21000 441.708
23.22000 438.657
23.23000 435.530
23.24000 434.363
23.25000 435.177
23.26000 435.986
23.27000 437.118
23.28000 438.448
23.29000 439.710
23.30000 439.079
23.31000 437.594
23.32000 436.217
23.33000 436.248
23.34000 436.715
23.35000 437.136
23.36000 442.827
23.37000 448.781
23.38000 452.857
23.39000 447.838
23.40000 441.615
23.41000 436.043
23.42000 432.582
23.43000 429.284
23.44000 426.985
23.45000 428.343
23.46000 429.468
23.47000 430.064
23.48000 429.862
23.49000 429.651
23.50000 430.580
23.51000 432.641
23.52000 434.688
23.53000 432.954
23.54000 428.806
23.55000 424.791
23.56000 424.338
23.57000 425.473
23.58000 426.581
23.59000 427.348
23.60000 428.012
23.61000 428.609
23.62000 426.567
23.63000 424.307
23.64000 422.030
23.65000 419.671
23.66000 417.301
23.67000 416.434
23.68000 420.379
23.69000 424.683
23.70000 427.670
23.71000 432.451
23.72000 436.099
23.73000 437.182
23.74000 434.453
23.75000 431.689
23.76000 430.536
23.77000 430.957
23.78000 431.375
23.79000 434.874
23.80000 440.273
23.81000 445.246
23.82000 439.228
23.83000 428.382
23.84000 418.551
23.85000 421.403
23.86000 428.060
23.87000 434.036
23.88000 431.747
23.89000 428.295
23.90000 424.690
23.91000 420.371
23.92000 415.961
23.93000 414.153
23.94000 420.549
23.95000 427.546
23.96000 432.375
23.97000 433.420
23.98000 434.108
23.99000 431.452
24.00000 423.899
24.01000 416.305
24.02000 415.120
24.03000 420.090
24.04000 425.023
24.05000 432.024
24.06000 440.202
24.07000 447.788
24.08000 440.598
24.09000 427.012
24.10000 414.246
24.11000 411.475
24.12000 411.659
24.13000 411.823
24.14000 408.731
24.15000 405.470
24.16000 403.092
24.17000 404.789
24.18000 406.997
24.19000 410.539
24.20000 418.225
24.21000 426.208
24.22000 431.692
24.23000 429.219
24.24000 427.170
24.25000 425.377
24.26000 423.955
24.27000 422.535
24.28000 420.961
24.29000 419.241
24.30000 417.534
24.31000 414.901
24.32000 411.744
24.33000 408.857
24.34000 412.492
24.35000 418.910
24.36000 425.044
24.37000 427.800
24.38000 429.573
24.39000 431.157
24.40000 435.407
24.41000 439.563
24.42000 441.015
24.43000 430.174
24.44000 417.824
24.45000 408.098
24.46000 406.407
24.47000 405.275
24.48000 404.502
24.49000 413.952
24.50000 421.264
24.51000 426.645
24.52000 429.285
24.53000 431.904
24.54000 431.985
24.55000 429.709
24.56000 427.452
24.57000 423.061
24.58000 417.461
24.59000 411.985
24.60000 409.416
24.61000 408.069
24.62000 406.902
24.63000 407.837
24.64000 409.375
24.65000 410.746
24.66000 413.179
24.67000 415.471
24.68000 416.612
24.69000 412.599
24.70000 407.964
24.71000 404.022
24.72000 402.168
24.73000 400.457
24.74000 399.293
24.75000 410.117
24.76000 418.470
24.77000 420.700
24.78000 414.364
24.79000 407.972
24.80000 405.206
24.81000 405.751
24.82000 406.292
24.83000 402.005
24.84000 394.926
24.85000 388.319
24.86000 392.386
24.87000 400.877
24.88000 409.060
24.89000 413.718
24.90000 417.380
24.91000 420.639
24.92000 420.243
24.93000 419.302
24.94000 417.844
24.95000 414.106
24.96000 410.099
24.97000 406.812
24.98000 405.668
24.99000 404.666
25.00000 403.988
25.01000 404.356
25.02000 404.653
25.03000 405.267
25.04000 406.318
25.05000 407.374
25.06000 412.522
25.07000 421.347
25.08000 430.088
25.09000 429.286
25.10000 422.908
25.11000 416.700
25.12000 414.243
25.13000 413.317
25.14000 412.551
25.15000 413.569
25.16000 415.084
25.17000 416.428
25.18000 425.085
25.19000 433.761
25.20000 439.816
25.21000 434.497
25.22000 427.861
25.23000 422.971
25.24000 423.201
25.25000 423.762
25.26000 424.139
25.27000 415.953
25.28000 409.688
25.29000 409.039
25.30000 416.004
25.31000 423.004
25.32000 420.440
25.33000 409.422
25.34000 398.517
25.35000 396.233
25.36000 398.974
25.37000 401.599
25.38000 401.784
25.39000 400.986
25.40000 400.803
25.41000 407.336
25.42000 415.712
25.43000 423.131
25.44000 420.163
25.45000 415.959
25.46000 410.494
25.47000 399.638
25.48000 388.170
25.49000 382.343
25.50000 392.811
25.51000 404.305
25.52000 412.005
25.53000 416.032
25.54000 418.945
25.55000 417.239
25.56000 409.364
25.57000 401.463
25.58000 397.505
25.59000 396.979
25.60000 396.458
25.61000 396.500
25.62000 396.861
25.63000 397.113
25.64000 395.143
25.65000 392.290
25.66000 389.792
25.67000 391.090
25.68000 393.415
25.69000 395.469
25.70000 394.733
25.71000 393.666
25.72000 394.663
25.73000 404.345
25.74000 414.994
25.75000 421.953
25.76000 418.408
25.77000 414.218
25.78000 411.425
25.79000 407.029
25.80000 403.743
25.81000 398.792
25.82000 391.652
25.83000 384.511
25.84000 383.385
25.85000 387.407
25.86000 391.383
25.87000 396.061
25.88000 401.019
25.89000 405.793
25.90000 406.873
25.91000 406.508
25.92000 405.963
25.93000 403.529
25.94000 400.591
25.95000 398.001
25.96000 391.570
25.97000 385.443
25.98000 381.960
25.99000 389.430
26.00000 398.096
26.01000 403.143
26.02000 398.038
26.03000 392.326
26.04000 388.539
26.05000 398.063
26.06000 405.342
26.07000 406.988
26.08000 401.345
26.09000 395.678
26.10000 393.355
26.11000 393.849
26.12000 394.336
26.13000 395.972
26.14000 398.198
26.15000 400.104
26.16000 395.771
26.17000 389.031
26.18000 383.217
26.19000 386.881
26.20000 393.032
26.21000 398.442
26.22000 401.820
26.23000 404.425
26.24000 404.985
26.25000 397.203
26.26000 388.528
26.27000 381.102
26.28000 377.128
26.29000 373.354
26.30000 370.865
26.31000 390.612
26.32000 405.556
26.33000 414.668
26.34000 416.353
26.35000 418.002
26.36000 415.939
26.37000 410.798
26.38000 405.724
26.39000 397.208
26.40000 387.054
26.41000 377.356
26.42000 376.291
26.43000 378.507
26.44000 381.042
26.45000 386.779
26.46000 393.343
26.47000 399.103
26.48000 392.616
26.49000 385.252
26.50000 381.051
26.51000 389.555
26.52000 399.390
26.53000 404.774
26.54000 398.024
26.55000 390.586
26.56000 385.708
26.57000 388.906
26.58000 391.393
26.59000 393.422
26.60000 394.877
26.61000 396.313
26.62000 390.637
26.63000 379.159
26.64000 367.836
26.65000 367.324
26.66000 372.585
26.67000 377.566
26.68000 377.396
26.69000 375.296
26.70000 373.202
26.71000 371.159
26.72000 369.130
26.73000 367.353
26.74000 369.493
26.75000 371.889
26.76000 375.185
26.77000 382.038
26.78000 389.257
26.79000 395.991
26.80000 401.423
26.81000 406.784
26.82000 410.281
26.83000 398.575
26.84000 389.742
26.85000 386.271
26.86000 389.418
26.87000 392.564
26.88000 389.411
26.89000 381.201
26.90000 373.108
26.91000 373.378
26.92000 378.027
26.93000 382.343
26.94000 380.717
26.95000 376.896
26.96000 373.814
26.97000 377.840
26.98000 383.647
26.99000 388.719
27.00000 387.639
27.01000 385.849
27.02000 384.142
27.03000 382.758
27.04000 381.407
27.05000 380.247
27.06000 379.593
27.07000 378.967
27.08000 378.560
27.09000 375.021
27.10000 372.382
27.11000 374.287
27.12000 381.713
27.13000 389.128
27.14000 389.934
27.15000 385.514
27.16000 381.160
27.17000 377.275
27.18000 373.748
27.19000 370.465
27.20000 371.420
27.21000 373.917
27.22000 376.426
27.23000 379.038
27.24000 381.677
27.25000 383.975
27.26000 387.113
27.27000 389.909
27.28000 391.773
27.29000 390.060
27.30000 387.994
27.31000 388.045
27.32000 393.621
27.33000 399.483
27.34000 403.266
27.35000 387.267
27.36000 375.294
27.37000 371.241
27.38000 376.655
27.39000 382.080
27.40000 385.661
27.41000 387.808
27.42000 389.921
27.43000 392.694
27.44000 395.716
27.45000 398.068
27.46000 389.102
27.47000 376.076
27.48000 364.581
27.49000 367.226
27.50000 373.308
27.51000 378.593
27.52000 372.999
27.53000 366.754
27.54000 362.118
27.55000 363.559
27.56000 365.587
27.57000 366.503
27.58000 364.557
27.59000 362.466
27.60000 361.125
27.61000 371.675
27.62000 379.528
27.63000 383.931
27.64000 384.274
27.65000 384.617
27.66000 386.438
27.67000 389.390
27.68000 392.294
27.69000 390.415
27.70000 386.205
27.71000 381.843
27.72000 374.984
27.73000 367.242
27.74000 360.470
27.75000 362.470
27.76000 366.569
27.77000 370.123
27.78000 367.406
27.79000 364.260
27.80000 362.916
27.81000 368.286
27.82000 374.290
27.83000 378.768
27.84000 379.378
27.85000 379.797
27.86000 380.065
27.87000 378.514
27.88000 377.362
27.89000 376.396
27.90000 375.644
27.91000 374.888
27.92000 372.956
27.93000 370.138
27.94000 367.368
27.95000 371.291
27.96000 378.375
27.97000 384.579
27.98000 376.644
27.99000 363.784
28.00000 352.552
28.01000 355.767
28.02000 362.387
28.03000 368.111
28.04000 363.184
28.05000 357.610
28.06000 354.881
28.07000 362.592
28.08000 371.267
28.09000 375.929
28.10000 370.560
28.11000 364.714
28.12000 361.005
28.13000 363.632
28.14000 365.616
28.15000 369.237
28.16000 374.723
28.17000 380.174
28.18000 378.750
28.19000 372.221
28.20000 365.810
28.21000 370.307
28.22000 379.933
28.23000 388.985
28.24000 389.076
28.25000 386.090
28.26000 383.603
28.27000 385.459
28.28000 388.322
28.29000 390.792
28.30000 391.362
28.31000 391.603
28.32000 391.678
28.33000 391.158
28.34000 390.583
28.35000 390.095
28.36000 389.823
28.37000 389.560
28.38000 389.395
28.39000 387.664
28.40000 386.393
28.41000 380.234
28.42000 368.597
28.43000 357.011
28.44000 354.965
28.45000 359.891
28.46000 364.724
28.47000 363.799
28.48000 360.162
28.49000 356.728
28.50000 356.384
28.51000 357.085
28.52000 358.613
28.53000 367.193
28.54000 377.384
28.55000 386.150
28.56000 385.058
28.57000 382.898
28.58000 380.910
28.59000 379.536
28.60000 378.217
28.61000 376.778
28.62000 375.047
28.63000 373.302
28.64000 372.209
28.65000 379.516
28.66000 384.886
28.67000 380.602
28.68000 365.674
28.69000 350.856
28.70000 353.785
28.71000 369.490
28.72000 384.887
28.73000 391.299
28.74000 393.254
28.75000 394.776
28.76000 389.840
28.77000 382.752
28.78000 375.471
28.79000 366.587
28.80000 357.341
28.81000 349.409
28.82000 356.203
28.83000 363.754
28.84000 368.778
28.85000 364.939
28.86000 360.332
28.87000 359.092
28.88000 365.908
28.89000 373.074
28.90000 377.541
28.91000 374.052
28.92000 371.456
28.93000 367.577
28.94000 362.307
28.95000 357.101
28.96000 360.880
28.97000 371.029
28.98000 380.970
28.99000 381.773
29.00000 378.323
29.01000 374.776
29.02000 369.814
29.03000 364.386
29.04000 359.404
29.05000 358.076
29.06000 357.557
29.07000 357.113
29.08000 356.725
29.09000 356.404
29.10000 356.169
29.11000 356.227
29.12000 356.310
29.13000 356.590
29.14000 357.333
29.15000 358.096
29.16000 358.568
29.17000 361.801
29.18000 364.152
29.19000 366.788
29.20000 369.727
29.21000 372.663
29.22000 375.054
29.23000 377.065
29.24000 379.034
29.25000 374.066
29.26000 366.144
29.27000 358.551
29.28000 355.618
29.29000 354.194
29.30000 353.235
29.31000 356.021
29.32000 359.622
29.33000 362.696
29.34000 368.835
29.35000 374.367
29.36000 378.730
29.37000 379.118
29.38000 379.177
29.39000 377.414
29.40000 371.413
29.41000 365.241
29.42000 361.439
29.43000 362.780
29.44000 363.789
29.45000 364.907
29.46000 366.142
29.47000 367.358
29.48000 366.442
29.49000 364.060
29.50000 361.731
29.51000 358.664
29.52000 355.395
29.53000 352.746
29.54000 358.666
29.55000 367.322
29.56000 375.039
29.57000 375.333
29.58000 374.034
29.59000 372.929
29.60000 371.111
29.61000 369.501
29.62000 368.131
29.63000 367.569
29.64000 367.071
29.65000 366.306
29.66000 364.928
29.67000 363.526
29.68000 362.668
29.69000 360.265
29.70000 358.532
29.71000 360.005
29.72000 364.786
29.73000 369.534
29.74000 370.669
29.75000 369.357
29.76000 368.075
29.77000 371.230
29.78000 376.205
29.79000 381.093
29.80000 384.822
29.81000 388.187
29.82000 391.729
29.83000 396.649
29.84000 401.860
29.85000 406.283
29.86000 408.066
29.87000 409.262
29.88000 410.862
29.89000 413.795
29.90000 416.834
29.91000 420.483
29.92000 425.509
29.93000 430.588
29.94000 433.678
29.95000 434.881
29.96000 435.726
29.97000 441.353
29.98000 451.831
29.99000 462.177
30.00000 459.076
30.01000 447.005
30.02000 435.225
30.03000 440.250
30.04000 452.338
30.05000 463.669
30.06000 465.043
30.07000 463.329
30.08000 462.316
30.09000 466.638
30.10000 472.069
30.11000 476.665
30.12000 470.481
30.13000 464.104
30.14000 457.227
30.15000 448.722
30.16000 440.091
30.17000 433.025
30.18000 429.443
30.19000 425.989
30.20000 423.901
30.21000 435.243
30.22000 443.423
30.23000 438.594
30.24000 420.793
30.25000 403.179
30.26000 403.210
30.27000 414.835
30.28000 426.168
30.29000 426.919
30.30000 423.121
30.31000 418.930
30.32000 409.700
30.33000 398.930
30.34000 390.354
30.35000 398.178
30.36000 409.357
30.37000 418.791
30.38000 418.137
30.39000 416.490
30.40000 413.988
30.41000 408.737
30.42000 403.278
30.43000 400.808
30.44000 404.894
30.45000 409.212
30.46000 411.807
30.47000 403.982
30.48000 398.348
30.49000 395.768
30.50000 396.181
30.51000 396.593
30.52000 396.891
30.53000 397.116
30.54000 397.335
30.55000 397.847
30.56000 398.457
30.57000 399.202
30.58000 401.628
30.59000 404.559
30.60000 406.345
30.61000 399.718
30.62000 391.398
30.63000 384.396
30.64000 384.845
30.65000 386.015
30.66000 390.200
30.67000 403.922
30.68000 418.345
30.69000 427.834
30.70000 426.649
30.71000 425.099
30.72000 424.173
30.73000 421.734
30.74000 419.995
30.75000 415.805
30.76000 409.255
30.77000 402.874
30.78000 410.649
30.79000 427.448
30.80000 443.792
30.81000 444.371
30.82000 438.404
30.83000 433.388
30.84000 440.039
30.85000 450.149
30.86000 459.086
30.87000 459.572
30.88000 458.383
30.89000 457.386
30.90000 459.369
30.91000 461.331
30.92000 465.303
30.93000 475.541
30.94000 486.229
30.95000 495.282
30.96000 500.850
30.97000 506.302
30.98000 509.537
30.99000 520.621
31.00000 528.509
31.01000 537.562
31.02000 547.718
31.03000 557.982
31.04000 576.566
31.05000 600.377
31.06000 623.520
31.07000 643.713
31.08000 661.708
31.09000 681.548
31.10000 723.494
31.11000 771.898
31.12000 820.798
31.13000 873.207
31.14000 926.300
31.15000 970.724
31.16000 1048.428
31.17000 1116.401
31.18000 1186.787
31.19000 1264.585
31.20000 1342.904
31.21000 1431.301
31.22000 1540.871
31.23000 1651.115
31.24000 1716.094
31.25000 1877.439
31.26000 1991.834
31.27000 2108.990
31.28000 2228.722
31.29000 2348.328
31.30000 2458.780
31.31000 2563.568
31.32000 2665.314
31.33000 2779.698
31.34000 2893.332
31.35000 3001.517
31.36000 3045.843
31.37000 3071.787
31.38000 3097.568
31.39000 3122.210
31.40000 3146.633
31.41000 3167.009
31.42000 3154.508
31.43000 3140.842
31.44000 3122.648
31.45000 3090.747
31.46000 3057.908
31.47000 3003.197
31.48000 2903.199
31.49000 2801.814
31.50000 2742.448
31.51000 2566.330
31.52000 2441.753
31.53000 2321.402
31.54000 2204.925
31.55000 2088.491
31.56000 1975.009
31.57000 1863.326
31.58000 1755.000
31.59000 1658.132
31.60000 1570.836
31.61000 1482.511
31.62000 1382.406
31.63000 1278.961
31.64000 1180.741
31.65000 1118.201
31.66000 1062.394
31.67000 1015.972
31.68000 958.166
31.69000 909.199
31.70000 861.562
31.71000 817.896
31.72000 774.494
31.73000 733.420
31.74000 697.096
31.75000 660.912
31.76000 639.865
31.77000 618.634
31.78000 603.720
31.79000 588.480
31.80000 572.946
31.81000 557.406
31.82000 541.435
31.83000 525.206
31.84000 509.482
31.85000 491.059
31.86000 472.575
31.87000 454.695
31.88000 443.581
31.89000 434.357
31.90000 425.962
31.91000 423.132
31.92000 421.335
31.93000 419.844
31.94000 419.759
31.95000 419.824
31.96000 418.452
31.97000 412.859
31.98000 406.991
31.99000 402.754
32.00000 401.799
32.01000 400.937
32.02000 400.439
32.03000 390.099
32.04000 382.820
32.05000 383.631
32.06000 391.619
32.07000 399.456
32.08000 397.975
32.09000 390.981
32.10000 384.212
32.11000 381.664
32.12000 380.867
32.13000 380.210
32.14000 381.079
32.15000 382.369
32.16000 382.500
32.17000 374.999
32.18000 366.105
32.19000 358.750
32.20000 359.884
32.21000 361.618
32.22000 362.401
32.23000 360.426
32.24000 358.277
32.25000 357.546
32.26000 359.627
32.27000 361.784
32.28000 363.022
32.29000 369.023
32.30000 373.223
32.31000 366.961
32.32000 351.564
32.33000 336.416
32.34000 335.772
32.35000 343.582
32.36000 351.132
32.37000 352.005
32.38000 350.319
32.39000 348.704
32.40000 347.852
32.41000 347.206
32.42000 346.980
32.43000 349.473
32.44000 352.453
32.45000 354.910
32.46000 349.259
32.47000 343.861
32.48000 339.838
32.49000 339.742
32.50000 339.888
32.51000 341.390
32.52000 345.541
32.53000 349.761
32.54000 352.166
32.55000 341.619
32.56000 334.230
32.57000 331.989
32.58000 334.169
32.59000 336.386
32.60000 340.607
32.61000 345.979
32.62000 351.167
32.63000 344.597
32.64000 334.060
32.65000 323.942
32.66000 318.238
32.67000 313.713
32.68000 310.107
32.69000 312.355
32.70000 315.636
32.71000 318.333
32.72000 326.764
32.73000 334.207
32.74000 339.596
32.75000 339.208
32.76000 338.472
32.77000 339.455
32.78000 343.747
32.79000 348.121
32.80000 350.597
32.81000 342.238
32.82000 336.399
32.83000 334.860
32.84000 336.954
32.85000 338.962
32.86000 336.416
32.87000 331.293
32.88000 326.352
32.89000 325.108
32.90000 325.282
32.91000 325.640
32.92000 327.885
32.93000 330.628
32.94000 332.145
32.95000 325.995
32.96000 318.515
32.97000 312.386
32.98000 315.971
32.99000 319.767
33.00000 321.537
33.01000 317.687
33.02000 313.509
33.03000 312.434
33.04000 317.250
33.05000 322.207
33.06000 324.992
33.07000 312.702
33.08000 304.145
33.09000 300.214
33.10000 300.129
33.11000 300.145
33.12000 305.177
33.13000 313.009
33.14000 320.554
33.15000 319.998
33.16000 316.576
33.17000 313.837
33.18000 317.984
33.19000 323.915
33.20000 328.858
33.21000 327.728
33.22000 325.561
33.23000 323.791
33.24000 317.862
33.25000 312.652
33.26000 309.483
33.27000 311.896
33.28000 314.626
33.29000 316.041
33.30000 314.994
33.31000 313.891
33.32000 313.276
33.33000 309.620
33.34000 307.086
33.35000 305.738
33.36000 305.359
33.37000 304.994
33.38000 305.270
33.39000 305.898
33.40000 306.502
33.41000 310.648
33.42000 315.784
33.43000 320.028
33.44000 315.458
33.45000 308.640
33.46000 302.564
33.47000 300.973
33.48000 300.137
33.49000 299.455
33.50000 301.107
33.51000 302.652
33.52000 303.450
33.53000 302.233
33.54000 300.904
33.55000 300.023
33.56000 299.968
33.57000 299.931
33.58000 299.910
33.59000 294.472
33.60000 290.718
33.61000 290.989
33.62000 294.502
33.63000 297.892
33.64000 295.641
33.65000 290.335
33.66000 285.235
33.67000 291.117
33.68000 300.434
33.69000 308.900
33.70000 309.143
33.71000 307.320
33.72000 305.579
33.73000 304.336
33.74000 303.174
33.75000 302.232
33.76000 297.317
33.77000 292.982
33.78000 290.582
33.79000 293.319
33.80000 296.332
33.81000 297.220
33.82000 294.247
33.83000 291.194
33.84000 289.515
33.85000 295.171
33.86000 299.074
33.87000 301.923
33.88000 303.935
33.89000 305.856
33.90000 303.763
33.91000 299.528
33.92000 295.463
33.93000 290.799
33.94000 286.234
33.95000 282.485
33.96000 286.467
33.97000 292.362
33.98000 296.565
33.99000 290.882
34.00000 283.595
34.01000 277.700
34.02000 289.627
34.03000 300.768
34.04000 307.006
34.05000 300.410
34.06000 293.143
34.07000 289.868
34.08000 293.734
34.09000 297.741
34.10000 299.929
34.11000 294.456
34.12000 290.694
34.13000 289.009
34.14000 288.945
34.15000 288.877
34.16000 288.687
34.17000 288.432
34.18000 288.188
34.19000 286.785
34.20000 285.085
34.21000 284.393
34.22000 293.041
34.23000 303.966
34.24000 312.608
34.25000 308.129
34.26000 301.558
34.27000 296.260
34.28000 297.459
34.29000 298.944
34.30000 299.563
34.31000 297.949
34.32000 296.221
34.33000 295.484
34.34000 296.496
34.35000 297.541
34.36000 298.108
34.37000 291.942
34.38000 287.724
34.39000 286.729
34.40000 288.210
34.41000 289.623
34.42000 288.328
34.43000 285.629
34.44000 283.045
34.45000 284.217
34.46000 286.551
34.47000 288.407
34.48000 285.917
34.49000 282.384
34.50000 279.808
34.51000 282.638
34.52000 286.316
34.53000 289.272
34.54000 289.582
34.55000 289.629
34.56000 289.545
34.57000 289.127
34.58000 288.692
34.59000 289.248
34.60000 291.527
34.61000 293.836
34.62000 295.078
34.63000 287.788
34.64000 282.832
34.65000 284.961
34.66000 292.450
34.67000 299.706
34.68000 298.059
34.69000 291.864
34.70000 285.942
34.71000 287.090
34.72000 290.458
34.73000 293.614
34.74000 294.883
34.75000 295.706
34.76000 295.958
34.77000 293.044
34.78000 289.642
34.79000 286.917
34.80000 283.048
34.81000 279.832
34.82000 278.280
34.83000 280.899
34.84000 283.718
34.85000 286.847
34.86000 290.506
34.87000 294.175
34.88000 296.133
34.89000 287.685
34.90000 281.931
34.91000 278.193
34.92000 275.958
34.93000 273.881
34.94000 277.587
34.95000 284.205
34.96000 290.525
34.97000 287.692
34.98000 282.130
34.99000 276.790
35.00000 273.382
35.01000 270.423
35.02000 268.058
35.03000 268.935
35.04000 270.303
35.05000 271.395
35.06000 280.540
35.07000 288.515
35.08000 293.168
35.09000 289.613
35.10000 285.676
35.11000 282.583
35.12000 280.912
35.13000 279.263
35.14000 278.391
35.15000 276.900
35.16000 275.888
35.17000 275.189
35.18000 274.718
35.19000 274.269
35.20000 274.571
35.21000 275.245
35.22000 275.887
35.23000 277.295
35.24000 278.842
35.25000 279.937
35.26000 277.163
35.27000 273.501
35.28000 270.892
35.29000 273.940
35.30000 277.829
35.31000 280.923
35.32000 273.149
35.33000 266.106
35.34000 261.327
35.35000 262.061
35.36000 263.043
35.37000 262.689
35.38000 260.113
35.39000 257.503
35.40000 256.132
35.41000 264.609
35.42000 270.346
35.43000 274.077
35.44000 276.358
35.45000 278.550
35.46000 277.718
35.47000 275.408
35.48000 273.208
35.49000 266.921
35.50000 259.832
35.51000 254.180
35.52000 260.616
35.53000 269.779
35.54000 277.436
35.55000 277.122
35.56000 275.645
35.57000 274.473
35.58000 278.180
35.59000 281.502
35.60000 283.347
35.61000 281.648
35.62000 279.794
35.63000 274.743
35.64000 264.456
35.65000 254.095
35.66000 248.694
35.67000 249.310
35.68000 249.768
35.69000 255.868
35.70000 265.981
35.71000 275.892
35.72000 279.225
35.73000 279.389
35.74000 279.545
35.75000 280.222
35.76000 281.007
35.77000 281.421
35.78000 278.778
35.79000 275.454
35.80000 272.027
35.81000 268.055
35.82000 264.004
35.83000 260.805
35.84000 265.317
35.85000 269.466
35.86000 270.332
35.87000 263.433
35.88000 256.205
35.89000 254.975
35.90000 263.421
35.91000 271.998
35.92000 276.432
35.93000 262.681
35.94000 253.479
35.95000 253.954
35.96000 261.206
35.97000 268.275
35.98000 269.602
35.99000 268.201
36.00000 266.870
36.01000 263.366
36.02000 259.478
36.03000 256.385
36.04000 259.717
36.05000 264.455
36.06000 269.320
36.07000 274.840
36.08000 280.452
36.09000 284.871
36.10000 286.051
36.11000 286.781
36.12000 287.296
36.13000 287.311
36.14000 287.305
36.15000 284.643
36.16000 277.762
36.17000 270.828
36.18000 267.271
36.19000 265.829
36.20000 264.867
36.21000 264.871
36.22000 265.542
36.23000 266.316
36.24000 270.242
36.25000 275.642
36.26000 280.763
36.27000 281.296
36.28000 280.435
36.29000 278.583
36.30000 268.870
36.31000 257.464
36.32000 248.851
36.33000 254.301
36.34000 261.697
36.35000 267.499
36.36000 265.601
36.37000 263.583
36.38000 261.581
36.39000 259.617
36.40000 257.654
36.41000 255.047
36.42000 251.430
36.43000 247.801
36.44000 245.955
36.45000 251.074
36.46000 254.525
36.47000 260.035
36.48000 266.943
36.49000 273.566
36.50000 271.923
36.51000 266.464
36.52000 261.295
36.53000 264.458
36.54000 269.788
36.55000 274.222
36.56000 271.683
36.57000 267.666
36.58000 263.952
36.59000 261.738
36.60000 259.729
36.61000 258.158
36.62000 255.350
36.63000 253.031
36.64000 252.091
36.65000 254.277
36.66000 256.582
36.67000 258.407
36.68000 259.492
36.69000 260.568
36.70000 261.110
36.71000 258.727
36.72000 257.162
36.73000 258.632
36.74000 262.132
36.75000 265.498
36.76000 265.080
36.77000 262.940
36.78000 260.917
36.79000 260.245
36.80000 260.013
36.81000 260.104
36.82000 262.671
36.83000 265.753
36.84000 269.179
36.85000 274.278
36.86000 279.600
36.87000 283.745
36.88000 276.332
36.89000 269.712
36.90000 266.256
36.91000 269.864
36.92000 273.733
36.93000 280.979
36.94000 293.355
36.95000 305.785
36.96000 312.002
36.97000 304.149
36.98000 298.926
36.99000 294.961
37.00000 291.826
37.01000 288.739
37.02000 286.953
37.03000 285.750
37.04000 284.614
37.05000 283.198
37.06000 281.820
37.07000 280.760
37.08000 282.086
37.09000 283.902
37.10000 286.278
37.11000 291.338
37.12000 296.750
37.13000 300.950
37.14000 293.128
37.15000 286.186
37.16000 279.897
37.17000 275.045
37.18000 270.244
37.19000 267.468
37.20000 267.719
37.21000 268.001
37.22000 265.928
37.23000 261.538
37.24000 257.187
37.25000 256.284
37.26000 257.619
37.27000 258.974
37.28000 260.868
37.29000 263.000
37.30000 265.009
37.31000 266.112
37.32000 266.873
37.33000 268.114
37.34000 272.899
37.35000 278.400
37.36000 281.728
37.37000 274.789
37.38000 266.531
37.39000 260.146
37.40000 262.930
37.41000 265.677
37.42000 267.533
37.43000 267.454
37.44000 267.308
37.45000 265.723
37.46000 262.017
37.47000 258.292
37.48000 257.619
37.49000 259.898
37.50000 262.139
37.51000 261.138
37.52000 258.064
37.53000 255.126
37.54000 255.641
37.55000 257.660
37.56000 259.560
37.57000 260.939
37.58000 262.058
37.59000 262.828
37.60000 261.071
37.61000 258.812
37.62000 257.578
37.63000 261.108
37.64000 265.240
37.65000 268.422
37.66000 267.521
37.67000 266.573
37.68000 263.614
37.69000 256.352
37.70000 248.948
37.71000 246.370
37.72000 250.797
37.73000 255.283
37.74000 258.791
37.75000 261.368
37.76000 263.903
37.77000 263.054
37.78000 260.074
37.79000 257.194
37.80000 256.787
37.81000 257.442
37.82000 258.056
37.83000 257.497
37.84000 256.673
37.85000 256.165
37.86000 257.910
37.87000 260.095
37.88000 262.105
37.89000 263.314
37.90000 264.423
37.91000 265.275
37.92000 268.524
37.93000 271.225
37.94000 271.189
37.95000 265.385
37.96000 259.395
37.97000 257.099
37.98000 260.084
37.99000 263.109
38.00000 264.369
38.01000 263.980
38.02000 263.630
38.03000 266.190
38.04000 270.557
38.05000 274.792
38.06000 275.896
38.07000 275.676
38.08000 275.469
38.09000 274.979
38.10000 274.458
38.11000 273.901
38.12000 273.091
38.13000 272.233
38.14000 271.522
38.15000 271.472
38.16000 271.503
38.17000 271.527
38.18000 268.654
38.19000 266.231
38.20000 266.712
38.21000 273.225
38.22000 279.925
38.23000 285.682
38.24000 290.113
38.25000 294.534
38.26000 294.562
38.27000 290.550
38.28000 286.612
38.29000 287.837
38.30000 292.219
38.31000 296.555
38.32000 299.837
38.33000 302.680
38.34000 305.342
38.35000 315.340
38.36000 326.333
38.37000 335.848
38.38000 335.232
38.39000 332.697
38.40000 332.084
38.41000 339.995
38.42000 348.922
38.43000 355.720
38.44000 379.998
38.45000 400.031
38.46000 418.071
38.47000 432.033
38.48000 445.874
38.49000 461.334
38.50000 479.038
38.51000 496.751
38.52000 523.085
38.53000 557.192
38.54000 591.135
38.55000 614.275
38.56000 630.905
38.57000 648.394
38.58000 684.990
38.59000 729.443
38.60000 771.012
38.61000 818.362
38.62000 862.831
38.63000 904.433
38.64000 926.731
38.65000 945.432
38.66000 965.937
38.67000 994.324
38.68000 1023.632
38.69000 1045.864
38.70000 1058.384
38.71000 1067.720
38.72000 1075.273
38.73000 1079.229
38.74000 1083.082
38.75000 1086.245
38.76000 1088.465
38.77000 1090.679
38.78000 1076.129
38.79000 1046.688
38.80000 1017.285
38.81000 990.265
38.82000 964.659
38.83000 938.599
38.84000 902.748
38.85000 862.930
38.86000 825.754
38.87000 786.991
38.88000 751.451
38.89000 716.423
38.90000 684.774
38.91000 653.745
38.92000 622.845
38.93000 592.498
38.94000 562.214
38.95000 539.331
38.96000 504.967
38.97000 477.452
38.98000 453.309
38.99000 435.872
39.00000 418.618
39.01000 399.553
39.02000 378.052
39.03000 356.550
39.04000 345.272
39.05000 342.955
39.06000 340.556
39.07000 333.317
39.08000 323.248
39.09000 313.566
39.10000 311.987
39.11000 313.644
39.12000 315.188
39.13000 305.809
39.14000 294.631
39.15000 284.539
39.16000 281.505
39.17000 279.744
39.18000 278.256
39.19000 277.925
39.20000 277.724
39.21000 277.573
39.22000 272.076
39.23000 267.516
39.24000 261.815
39.25000 253.878
39.26000 245.882
39.27000 242.384
39.28000 244.841
39.29000 247.324
39.30000 247.245
39.31000 244.963
39.32000 242.746
39.33000 244.176
39.34000 247.708
39.35000 251.099
39.36000 251.622
39.37000 251.016
39.38000 250.452
39.39000 242.955
39.40000 234.503
39.41000 228.054
39.42000 234.405
39.43000 243.025
39.44000 248.758
39.45000 242.458
39.46000 234.833
39.47000 229.116
39.48000 238.996
39.49000 247.447
39.50000 251.548
39.51000 247.245
39.52000 242.731
39.53000 242.557
39.54000 248.037
39.55000 253.537
39.56000 253.709
39.57000 249.372
39.58000 245.106
39.59000 244.577
39.60000 246.171
39.61000 247.466
39.62000 242.858
39.63000 235.959
39.64000 229.551
39.65000 236.906
39.66000 246.817
39.67000 255.292
39.68000 254.744
39.69000 252.624
39.70000 250.324
39.71000 247.288
39.72000 244.173
39.73000 241.847
39.74000 241.871
39.75000 241.998
39.76000 241.208
39.77000 238.677
39.78000 236.103
39.79000 234.773
39.80000 235.038
39.81000 235.309
39.82000 232.535
39.83000 227.233
39.84000 222.063
39.85000 223.517
39.86000 228.676
39.87000 233.650
39.88000 235.054
39.89000 235.092
39.90000 235.128
39.91000 230.286
39.92000 224.783
39.93000 220.618
39.94000 224.706
39.95000 230.208
39.96000 235.226
39.97000 238.288
39.98000 241.143
39.99000 243.266
40.00000 232.396
40.01000 223.364
40.02000 218.071
40.03000 219.794
40.04000 221.678
40.05000 223.368
40.06000 224.810
40.07000 226.250
40.08000 227.442
40.09000 228.425
40.10000 229.368
40.11000 228.361
40.12000 226.278
40.13000 224.326
40.14000 224.804
40.15000 226.198
40.16000 227.488
40.17000 225.820
40.18000 223.639
40.19000 222.536
40.20000 227.972
40.21000 234.511
40.22000 238.786
40.23000 234.042
40.24000 228.364
40.25000 224.159
40.26000 226.321
40.27000 228.275
40.28000 229.611
40.29000 229.808
40.30000 229.979
40.31000 230.372
40.32000 231.041
40.33000 231.710
40.34000 231.022
40.35000 229.245
40.36000 227.493
40.37000 226.913
40.38000 226.970
40.39000 226.905
40.40000 224.622
40.41000 221.515
40.42000 218.645
40.43000 218.905
40.44000 219.847
40.45000 221.320
40.46000 225.964
40.47000 231.133
40.48000 234.346
40.49000 229.891
40.50000 224.657
40.51000 220.798
40.52000 222.766
40.53000 224.535
40.54000 226.084
40.55000 227.230
40.56000 228.368
40.57000 230.855
40.58000 234.992
40.59000 239.127
40.60000 238.104
40.61000 233.001
40.62000 227.846
40.63000 220.390
40.64000 211.702
40.65000 203.531
40.66000 204.453
40.67000 208.707
40.68000 212.630
40.69000 212.467
40.70000 211.412
40.71000 210.672
40.72000 211.781
40.73000 213.192
40.74000 214.489
40.75000 215.343
40.76000 216.154
40.77000 216.749
40.78000 216.697
40.79000 216.630
40.80000 217.290
40.81000 219.253
40.82000 221.242
40.83000 222.086
40.84000 221.553
40.85000 221.017
40.86000 220.306
40.87000 219.462
40.88000 218.664
40.89000 219.803
40.90000 221.965
40.91000 223.961
40.92000 223.105
40.93000 221.221
40.94000 219.486
40.95000 220.306
40.96000 221.599
40.97000 222.087
40.98000 217.937
40.99000 213.044
41.00000 209.190
41.01000 209.290
41.02000 209.776
41.03000 210.131
41.04000 214.197
41.05000 217.480
41.06000 219.017
41.07000 217.464
41.08000 215.852
41.09000 212.887
41.10000 208.321
41.11000 203.763
41.12000 204.087
41.13000 208.154
41.14000 212.119
41.15000 211.993
41.16000 209.740
41.17000 207.811
41.18000 211.265
41.19000 216.636
41.20000 221.570
41.21000 222.972
41.22000 223.464
41.23000 223.134
41.24000 218.147
41.25000 212.426
41.26000 207.323
41.27000 204.532
41.28000 201.962
41.29000 200.090
41.30000 199.419
41.31000 198.948
41.32000 198.895
41.33000 199.571
41.34000 200.260
41.35000 203.117
41.36000 208.501
41.37000 213.874
41.38000 218.072
41.39000 221.358
41.40000 224.550
41.41000 224.174
41.42000 221.968
41.43000 219.571
41.44000 214.067
41.45000 207.473
41.46000 201.426
41.47000 199.231
41.48000 198.089
41.49000 198.053
41.50000 204.185
41.51000 211.270
41.52000 215.991
41.53000 211.980
41.54000 207.154
41.55000 203.655
41.56000 209.333
41.57000 214.036
41.58000 217.157
41.59000 217.562
41.60000 217.921
41.61000 217.169
41.62000 215.141
41.63000 213.118
41.64000 211.874
41.65000 211.217
41.66000 210.573
41.67000 210.431
41.68000 210.542
41.69000 210.535
41.70000 208.667
41.71000 206.156
41.72000 203.858
41.73000 204.417
41.74000 205.508
41.75000 206.459
41.76000 206.641
41.77000 206.706
41.78000 207.417
41.79000 210.479
41.80000 213.755
41.81000 216.120
41.82000 214.825
41.83000 213.701
41.84000 212.789
41.85000 212.238
41.86000 211.693
41.87000 209.523
41.88000 205.520
41.89000 201.529
41.90000 205.362
41.91000 214.876
41.92000 224.059
41.93000 221.485
41.94000 213.059
41.95000 204.884
41.96000 200.571
41.97000 197.573
41.98000 194.833
41.99000 197.779
42.00000 201.557
42.01000 204.473
42.02000 202.741
42.03000 200.315
42.04000 199.048
42.05000 201.937
42.06000 205.198
42.07000 207.541
42.08000 204.696
42.09000 202.339
42.10000 202.121
42.11000 205.470
42.12000 208.874
42.13000 210.489
42.14000 210.116
42.15000 209.744
42.16000 206.614
42.17000 201.531
42.18000 196.688
42.19000 200.034
42.20000 207.397
42.21000 214.158
42.22000 211.877
42.23000 206.561
42.24000 201.714
42.25000 200.835
42.26000 200.852
42.27000 201.408
42.28000 204.819
42.29000 208.649
42.30000 211.318
42.31000 209.887
42.32000 208.098
42.33000 206.818
42.34000 205.313
42.35000 204.156
42.36000 204.088
42.37000 205.808
42.38000 207.554
42.39000 206.587
42.40000 202.656
42.41000 198.740
42.42000 196.770
42.43000 196.194
42.44000 195.711
42.45000 198.274
42.46000 202.310
42.47000 206.043
42.48000 205.325
42.49000 203.135
42.50000 201.143
42.51000 202.196
42.52000 203.728
42.53000 204.748
42.54000 203.089
42.55000 201.044
42.56000 199.254
42.57000 198.352
42.58000 197.526
42.59000 196.938
42.60000 200.036
42.61000 202.517
42.62000 202.231
42.63000 197.471
42.64000 192.648
42.65000 192.222
42.66000 196.517
42.67000 200.795
42.68000 204.487
42.69000 207.733
42.70000 210.899
42.71000 211.564
42.72000 211.036
42.73000 210.538
42.74000 210.477
42.75000 210.559
42.76000 210.632
42.77000 207.978
42.78000 205.104
42.79000 202.921
42.80000 204.288
42.81000 206.158
42.82000 207.042
42.83000 204.546
42.84000 201.767
42.85000 199.797
42.86000 205.309
42.87000 209.735
42.88000 209.694
42.89000 202.531
42.90000 195.277
42.91000 195.064
42.92000 202.289
42.93000 209.482
42.94000 209.105
42.95000 203.552
42.96000 198.189
42.97000 198.591
42.98000 201.702
42.99000 204.257
43.00000 199.060
43.01000 191.372
43.02000 184.403
43.03000 190.781
43.04000 198.949
43.05000 206.085
43.06000 208.007
43.07000 209.205
43.08000 209.390
43.09000 206.155
43.10000 202.641
43.11000 200.161
43.12000 202.797
43.13000 204.953
43.14000 206.757
43.15000 208.007
43.16000 209.250
43.17000 208.295
43.18000 205.055
43.19000 201.831
43.20000 201.696
43.21000 203.641
43.22000 205.439
43.23000 202.906
43.24000 198.367
43.25000 194.341
43.26000 197.284
43.27000 202.432
43.28000 207.089
43.29000 203.328
43.30000 198.441
43.31000 194.527
43.32000 195.457
43.33000 197.048
43.34000 199.235
43.35000 203.406
43.36000 207.736
43.37000 210.777
43.38000 204.925
43.39000 200.233
43.40000 196.874
43.41000 195.575
43.42000 194.300
43.43000 193.997
43.44000 194.689
43.45000 195.377
43.46000 194.163
43.47000 191.704
43.48000 189.497
43.49000 194.387
43.50000 202.517
43.51000 209.998
43.52000 208.854
43.53000 205.021
43.54000 201.560
43.55000 200.430
43.56000 199.865
43.57000 199.584
43.58000 200.689
43.59000 201.979
43.60000 203.153
43.61000 203.946
43.62000 204.709
43.63000 205.242
43.64000 199.435
43.65000 194.867
43.66000 191.036
43.67000 188.326
43.68000 185.628
43.69000 186.640
43.70000 191.379
43.71000 196.089
43.72000 199.219
43.73000 201.273
43.74000 203.285
43.75000 204.153
43.76000 204.506
43.77000 204.815
43.78000 204.554
43.79000 204.116
43.80000 203.722
43.81000 200.488
43.82000 197.138
43.83000 194.365
43.84000 194.369
43.85000 194.738
43.86000 195.642
43.87000 198.273
43.88000 201.035
43.89000 202.957
43.90000 203.978
43.91000 204.724
43.92000 202.874
43.93000 197.125
43.94000 191.339
43.95000 187.673
43.96000 186.102
43.97000 184.542
43.98000 184.806
43.99000 186.236
44.00000 187.789
44.01000 192.537
44.02000 198.703
44.03000 204.385
44.04000 203.943
44.05000 201.646
44.06000 199.581
44.07000 195.956
44.08000 192.504
44.09000 189.800
44.10000 190.635
44.11000 191.928
44.12000 192.756
44.13000 192.102
44.14000 191.338
44.15000 190.809
44.16000 188.285
44.17000 186.333
44.18000 185.292
44.19000 185.597
44.20000 185.914
44.21000 189.394
44.22000 195.944
44.23000 202.448
44.24000 203.903
44.25000 202.147
44.26000 200.393
44.27000 198.702
44.28000 197.039
44.29000 195.547
44.30000 196.172
44.31000 197.428
44.32000 198.555
44.33000 196.361
44.34000 193.864
44.35000 192.382
44.36000 195.639
44.37000 199.497
44.38000 203.097
44.39000 205.889
44.40000 208.623
44.41000 210.507
44.42000 203.760
44.43000 198.476
44.44000 194.747
44.45000 193.281
44.46000 191.836
44.47000 194.028
44.48000 199.695
44.49000 205.319
44.50000 205.007
44.51000 201.012
44.52000 197.212
44.53000 198.215
44.54000 201.288
44.55000 204.364
44.56000 207.471
44.57000 210.588
44.58000 213.378
44.59000 208.961
44.60000 203.873
44.61000 199.980
44.62000 201.581
44.63000 203.864
44.64000 205.976
44.65000 207.557
44.66000 209.102
44.67000 210.161
44.68000 213.549
44.69000 216.145
44.70000 219.576
44.71000 224.205
44.72000 228.842
44.73000 229.694
44.74000 226.994
44.75000 224.315
44.76000 225.062
44.77000 227.890
44.78000 230.702
44.79000 233.140
44.80000 235.418
44.81000 237.420
44.82000 236.167
44.83000 233.971
44.84000 232.009
44.85000 239.777
44.86000 248.179
44.87000 255.607
44.88000 258.629
44.89000 261.114
44.90000 263.566
44.91000 265.916
44.92000 268.260
44.93000 269.859
44.94000 271.757
44.95000 273.183
44.96000 275.833
44.97000 280.210
44.98000 284.599
44.99000 287.196
45.00000 288.138
45.01000 289.073
45.02000 293.363
45.03000 299.591
45.04000 305.756
45.05000 310.452
45.06000 314.532
45.07000 318.318
45.08000 318.705
45.09000 318.121
45.10000 317.600
45.11000 319.154
45.12000 320.848
45.13000 322.458
45.14000 323.694
45.15000 324.885
45.16000 325.361
45.17000 323.691
45.18000 321.875
45.19000 320.642
45.20000 329.775
45.21000 336.821
45.22000 339.879
45.23000 337.389
45.24000 334.861
45.25000 327.735
45.26000 316.435
45.27000 305.239
45.28000 299.530
45.29000 297.187
45.30000 294.990
45.31000 296.065
45.32000 298.490
45.33000 300.626
45.34000 299.486
45.35000 297.424
45.36000 295.591
45.37000 293.632
45.38000 291.910
45.39000 289.914
45.40000 286.711
45.41000 283.367
45.42000 280.663
45.43000 279.854
45.44000 279.170
45.45000 278.708
45.46000 272.031
45.47000 266.926
45.48000 263.720
45.49000 263.116
45.50000 262.528
45.51000 263.202
45.52000 265.004
45.53000 266.787
45.54000 259.715
45.55000 247.628
45.56000 236.065
45.57000 235.839
45.58000 240.223
45.59000 244.449
45.60000 246.920
45.61000 248.905
45.62000 250.666
45.63000 242.206
45.64000 233.249
45.65000 225.951
45.66000 225.815
45.67000 226.503
45.68000 227.727
45.69000 230.517
45.70000 233.406
45.71000 235.349
45.72000 222.535
45.73000 212.712
45.74000 206.419
45.75000 204.889
45.76000 203.388
45.77000 205.230
45.78000 210.011
45.79000 214.742
45.80000 210.573
45.81000 201.390
45.82000 192.765
45.83000 195.879
45.84000 203.696
45.85000 210.805
45.86000 210.237
45.87000 207.572
45.88000 205.214
45.89000 201.352
45.90000 197.776
45.91000 194.390
45.92000 191.811
45.93000 189.322
45.94000 187.443
45.95000 187.315
45.96000 187.296
45.97000 187.283
45.98000 193.525
45.99000 198.275
46.00000 198.802
46.01000 193.720
46.02000 188.615
46.03000 185.982
46.04000 185.489
46.05000 185.002
46.06000 184.685
46.07000 184.472
46.08000 184.233
46.09000 183.451
46.10000 182.455
46.11000 181.741
46.12000 184.018
46.13000 187.100
46.14000 189.822
46.15000 192.106
46.16000 194.011
46.17000 194.888
46.18000 191.460
46.19000 187.556
46.20000 184.189
46.21000 182.344
46.22000 180.592
46.23000 179.426
46.24000 177.548
46.25000 176.145
46.26000 174.887
46.27000 173.819
46.28000 172.755
46.29000 173.651
46.30000 176.215
46.31000 178.749
46.32000 182.475
46.33000 186.773
46.34000 190.737
46.35000 188.092
46.36000 182.874
46.37000 178.176
46.38000 178.885
46.39000 181.024
46.40000 182.909
46.41000 182.499
46.42000 181.799
46.43000 181.861
46.44000 185.064
46.45000 188.608
46.46000 188.579
46.47000 178.578
46.48000 167.987
46.49000 160.978
46.50000 164.682
46.51000 167.608
46.52000 169.888
46.53000 171.337
46.54000 172.779
46.55000 172.595
46.56000 171.051
46.57000 169.526
46.58000 172.268
46.59000 177.272
46.60000 181.983
46.61000 181.038
46.62000 177.922
46.63000 175.217
46.64000 176.680
46.65000 179.230
46.66000 181.472
46.67000 180.032
46.68000 178.248
46.69000 177.613
46.70000 181.645
46.71000 186.171
46.72000 187.486
46.73000 179.961
46.74000 171.928
46.75000 166.640
46.76000 175.641
46.77000 182.515
46.78000 184.072
46.79000 178.894
46.80000 173.697
46.81000 170.313
46.82000 168.424
46.83000 166.559
46.84000 165.603
46.85000 165.160
46.86000 164.845
46.87000 166.906
46.88000 169.867
46.89000 172.424
46.90000 170.965
46.91000 168.474
46.92000 166.290
46.93000 167.618
46.94000 169.268
46.95000 171.000
46.96000 173.058
46.97000 175.151
46.98000 176.081
46.99000 173.863
47.00000 171.468
47.01000 169.900
47.02000 169.046
47.03000 168.430
47.04000 168.433
47.05000 169.210
47.06000 169.992
47.07000 171.846
47.08000 174.569
47.09000 177.255
47.10000 176.290
47.11000 173.417
47.12000 170.767
47.13000 172.160
47.14000 175.061
47.15000 177.826
47.16000 179.263
47.17000 180.363
47.18000 181.326
47.19000 177.769
47.20000 174.076
47.21000 171.367
47.22000 172.529
47.23000 174.086
47.24000 175.383
47.25000 175.986
47.26000 176.551
47.27000 176.919
47.28000 176.883
47.29000 176.851
47.30000 176.401
47.31000 175.437
47.32000 174.470
47.33000 172.992
47.34000 171.105
47.35000 169.246
47.36000 167.228
47.37000 165.187
47.38000 163.323
47.39000 164.600
47.40000 167.030
47.41000 169.232
47.42000 169.251
47.43000 168.725
47.44000 168.266
47.45000 163.580
47.46000 158.981
47.47000 156.045
47.48000 159.557
47.49000 163.713
47.50000 166.524
47.51000 165.792
47.52000 164.872
47.53000 164.276
47.54000 160.405
47.55000 157.524
47.56000 159.792
47.57000 168.279
47.58000 176.750
47.59000 176.838
47.60000 170.338
47.61000 163.936
47.62000 162.164
47.63000 162.822
47.64000 163.443
47.65000 163.406
47.66000 163.131
47.67000 162.764
47.68000 161.532
47.69000 160.087
47.70000 158.829
47.71000 159.520
47.72000 160.377
47.73000 161.712
47.74000 164.866
47.75000 168.198
47.76000 170.017
47.77000 167.906
47.78000 165.593
47.79000 164.104
47.80000 161.476
47.81000 159.542
47.82000 160.155
47.83000 163.796
47.84000 167.420
47.85000 165.420
47.86000 159.069
47.87000 152.819
47.88000 155.909
47.89000 163.621
47.90000 171.019
47.91000 173.161
47.92000 173.427
47.93000 173.551
47.94000 172.370
47.95000 170.873
47.96000 169.573
47.97000 166.857
47.98000 164.351
47.99000 162.783
48.00000 164.740
48.01000 167.035
48.02000 167.283
48.03000 162.292
48.04000 157.039
48.05000 153.675
48.06000 159.921
48.07000 164.598
48.08000 166.731
48.09000 165.888
48.10000 165.040
48.11000 164.336
48.12000 163.742
48.13000 163.158
48.14000 161.065
48.15000 158.291
48.16000 155.741
48.17000 156.840
48.18000 159.222
48.19000 161.304
48.20000 160.681
48.21000 159.414
48.22000 158.316
48.23000 161.887
48.24000 165.540
48.25000 168.585
48.26000 169.372
48.27000 169.947
48.28000 169.994
48.29000 168.709
48.30000 167.360
48.31000 166.501
48.32000 174.204
48.33000 179.912
48.34000 179.286
48.35000 171.370
48.36000 163.479
48.37000 162.213
48.38000 165.916
48.39000 169.555
48.40000 166.556
48.41000 160.410
48.42000 154.727
48.43000 156.417
48.44000 160.661
48.45000 164.317
48.46000 162.776
48.47000 160.018
48.48000 157.635
48.49000 157.247
48.50000 157.176
48.51000 157.982
48.52000 161.991
48.53000 166.293
48.54000 169.289
48.55000 169.037
48.56000 168.632
48.57000 168.376
48.58000 168.942
48.59000 169.362
48.60000 168.461
48.61000 166.064
48.62000 163.664
48.63000 161.133
48.64000 158.505
48.65000 155.926
48.66000 155.927
48.67000 157.170
48.68000 158.247
48.69000 156.728
48.70000 154.324
48.71000 152.152
48.72000 151.993
48.73000 152.298
48.74000 152.561
48.75000 159.584
48.76000 166.394
48.77000 170.864
48.78000 166.922
48.79000 162.224
48.80000 160.505
48.81000 166.085
48.82000 171.999
48.83000 175.722
48.84000 166.061
48.85000 158.919
48.86000 156.693
48.87000 159.943
48.88000 163.161
48.89000 160.573
48.90000 153.763
48.91000 147.084
48.92000 147.723
48.93000 151.810
48.94000 155.871
48.95000 159.555
48.96000 163.111
48.97000 165.957
48.98000 162.772
48.99000 158.217
49.00000 154.303
49.01000 156.548
49.02000 159.214
49.03000 160.740
49.04000 158.226
49.05000 155.358
49.06000 154.239
49.07000 157.346
49.08000 160.640
49.09000 162.701
49.10000 155.221
49.11000 149.720
49.12000 149.295
49.13000 154.433
49.14000 159.551
49.15000 161.368
49.16000 160.821
49.17000 160.284
49.18000 157.617
49.19000 154.056
49.20000 150.873
49.21000 153.259
49.22000 157.492
49.23000 160.823
49.24000 156.648
49.25000 150.794
49.26000 145.777
49.27000 147.944
49.28000 150.651
49.29000 153.520
49.30000 156.954
49.31000 160.437
49.32000 161.894
49.33000 158.530
49.34000 154.960
49.35000 152.738
49.36000 149.243
49.37000 146.712
49.38000 146.275
49.39000 148.093
49.40000 149.901
49.41000 150.265
49.42000 149.611
49.43000 148.971
49.44000 152.237
49.45000 157.169
49.46000 161.801
49.47000 162.123
49.48000 161.036
49.49000 159.524
49.50000 154.545
49.51000 148.803
49.52000 143.895
49.53000 147.718
49.54000 151.985
49.55000 154.606
49.56000 151.571
49.57000 148.060
49.58000 147.322
49.59000 153.088
49.60000 159.124
49.61000 162.857
49.62000 157.753
49.63000 154.002
49.64000 151.301
49.65000 149.713
49.66000 148.154
49.67000 150.214
49.68000 154.786
49.69000 159.259
49.70000 158.775
49.71000 156.069
49.72000 153.537
49.73000 153.437
49.74000 154.121
49.75000 154.527
49.76000 152.713
49.77000 150.417
49.78000 148.460
49.79000 146.405
49.80000 144.665
49.81000 144.312
49.82000 148.662
49.83000 153.397
49.84000 155.344
49.85000 150.839
49.86000 146.076
49.87000 143.148
49.88000 158.608
49.89000 169.854
49.90000 172.910
49.91000 167.428
49.92000 161.969
49.93000 159.288
49.94000 158.507
49.95000 157.744
49.96000 156.327
49.97000 154.677
49.98000 153.005
49.99000 151.038
50.00000 148.977
50.01000 147.228
50.02000 147.939
50.03000 149.173
50.04000 150.223
50.05000 150.369
50.06000 150.387
50.07000 151.588
50.08000 156.738
50.09000 162.205
50.10000 163.580
50.11000 155.627
50.12000 147.312
50.13000 142.232
50.14000 148.686
50.15000 153.397
50.16000 153.966
50.17000 150.288
50.18000 146.652
50.19000 147.559
50.20000 151.527
50.21000 155.401
50.22000 157.559
50.23000 158.872
50.24000 160.368
50.25000 164.298
50.26000 168.991
50.27000 173.365
50.28000 175.279
50.29000 176.677
50.30000 177.862
50.31000 171.190
50.32000 164.712
50.33000 159.903
50.34000 160.586
50.35000 161.699
50.36000 164.731
50.37000 172.076
50.38000 179.583
50.39000 184.141
50.40000 176.061
50.41000 170.199
50.42000 169.002
50.43000 172.509
50.44000 175.974
50.45000 175.242
50.46000 171.725
50.47000 168.295
50.48000 164.716
50.49000 161.232
50.50000 158.522
50.51000 165.896
50.52000 176.379
50.53000 186.010
50.54000 189.190
50.55000 191.037
50.56000 192.599
50.57000 190.839
50.58000 189.001
50.59000 190.071
50.60000 200.568
50.61000 211.788
50.62000 219.361
50.63000 218.861
50.64000 218.067
50.65000 217.588
50.66000 222.934
50.67000 226.781
50.68000 229.066
50.69000 229.801
50.70000 230.549
50.71000 232.500
50.72000 235.235
50.73000 237.902
50.74000 233.645
50.75000 226.646
50.76000 220.332
50.77000 222.746
50.78000 227.813
50.79000 232.384
50.80000 233.282
50.81000 233.433
50.82000 233.559
50.83000 231.271
50.84000 229.099
50.85000 226.397
50.86000 222.007
50.87000 217.490
50.88000 214.194
50.89000 213.566
50.90000 213.030
50.91000 212.709
50.92000 210.493
50.93000 208.907
50.94000 206.858
50.95000 204.358
50.96000 201.860
50.97000 199.495
50.98000 197.215
50.99000 194.996
51.00000 194.782
51.01000 195.417
51.02000 195.739
51.03000 192.179
51.04000 187.457
51.05000 182.941
51.06000 179.931
51.07000 177.222
51.08000 174.945
51.09000 175.442
51.10000 176.152
51.11000 176.951
51.12000 178.031
51.13000 179.132
51.14000 178.665
51.15000 174.820
51.16000 170.862
51.17000 168.504
51.18000 167.158
51.19000 166.211
51.20000 164.922
51.21000 163.308
51.22000 161.701
51.23000 160.724
51.24000 160.145
51.25000 159.582
51.26000 162.063
51.27000 165.673
51.28000 168.695
51.29000 164.542
51.30000 158.274
51.31000 152.970
51.32000 154.573
51.33000 157.536
51.34000 160.020
51.35000 156.990
51.36000 153.896
51.37000 151.705
51.38000 152.313
51.39000 153.121
51.40000 153.489
51.41000 152.926
51.42000 152.333
51.43000 151.981
51.44000 153.558
51.45000 154.682
51.46000 154.730
51.47000 153.763
51.48000 152.807
51.49000 152.734
51.50000 153.212
51.51000 153.677
51.52000 154.703
51.53000 155.904
51.54000 156.944
51.55000 156.080
51.56000 154.662
51.57000 153.150
51.58000 150.978
51.59000 148.678
51.60000 146.755
51.61000 149.357
51.62000 151.977
51.63000 152.922
51.64000 148.745
51.65000 144.213
51.66000 141.399
51.67000 142.174
51.68000 143.063
51.69000 143.585
51.70000 141.026
51.71000 139.206
51.72000 138.725
51.73000 139.486
51.74000 140.277
51.75000 143.320
51.76000 147.747
51.77000 152.045
51.78000 151.204
51.79000 148.359
51.80000 145.708
51.81000 145.305
51.82000 145.545
51.83000 145.521
51.84000 143.673
51.85000 141.478
51.86000 139.648
51.87000 141.343
51.88000 143.098
51.89000 144.704
51.90000 145.860
51.91000 146.985
51.92000 146.348
51.93000 142.080
51.94000 137.703
51.95000 135.146
51.96000 136.967
51.97000 138.269
51.98000 138.624
51.99000 138.117
52.00000 137.647
52.01000 139.749
52.02000 143.409
52.03000 146.959
52.04000 146.236
52.05000 143.875
52.06000 141.930
52.07000 144.706
52.08000 148.812
52.09000 151.957
52.10000 148.568
52.11000 143.953
52.12000 140.119
52.13000 138.008
52.14000 136.431
52.15000 136.553
52.16000 141.718
52.17000 147.216
52.18000 150.762
52.19000 150.345
52.20000 149.812
52.21000 149.503
52.22000 148.489
52.23000 147.775
52.24000 147.495
52.25000 147.604
52.26000 147.701
52.27000 147.020
52.28000 145.875
52.29000 144.767
52.30000 143.040
52.31000 141.168
52.32000 139.388
52.33000 138.630
52.34000 138.156
52.35000 138.051
52.36000 140.403
52.37000 143.209
52.38000 145.533
52.39000 142.704
52.40000 139.877
52.41000 138.172
52.42000 139.747
52.43000 141.535
52.44000 143.216
52.45000 144.685
52.46000 146.149
52.47000 146.992
52.48000 148.382
52.49000 149.354
52.50000 147.171
52.51000 142.205
52.52000 137.297
52.53000 135.900
52.54000 136.570
52.55000 137.218
52.56000 139.019
52.57000 141.158
52.58000 143.125
52.59000 143.217
52.60000 142.795
52.61000 141.982
52.62000 138.607
52.63000 134.767
52.64000 131.596
52.65000 126.646
52.66000 122.401
52.67000 121.142
52.68000 128.491
52.69000 136.380
52.70000 141.832
52.71000 142.477
52.72000 142.994
52.73000 143.289
52.74000 142.535
52.75000 142.006
52.76000 141.985
52.77000 142.405
52.78000 142.823
52.79000 143.132
52.80000 143.376
52.81000 143.613
52.82000 144.499
52.83000 145.578
52.84000 145.995
52.85000 139.357
52.86000 130.818
52.87000 124.296
52.88000 130.766
52.89000 139.555
52.90000 146.792
52.91000 145.045
52.92000 142.787
52.93000 140.381
52.94000 137.556
52.95000 134.705
52.96000 134.819
52.97000 140.695
52.98000 146.718
52.99000 150.143
53.00000 144.086
53.01000 139.842
53.02000 139.391
53.03000 142.179
53.04000 144.942
53.05000 146.354
53.06000 146.994
53.07000 147.611
53.08000 145.558
53.09000 142.643
53.10000 140.054
53.11000 140.868
53.12000 142.585
53.13000 144.254
53.14000 145.615
53.15000 146.921
53.16000 147.994
53.17000 146.563
53.18000 145.164
53.19000 145.333
53.20000 149.891
53.21000 154.711
53.22000 157.027
53.23000 154.548
53.24000 151.950
53.25000 150.484
53.26000 143.947
53.27000 139.397
53.28000 138.514
53.29000 140.711
53.30000 142.961
53.31000 147.899
53.32000 154.351
53.33000 160.572
53.34000 161.378
53.35000 160.177
53.36000 158.838
53.37000 156.100
53.38000 152.996
53.39000 150.190
53.40000 149.239
53.41000 148.608
53.42000 148.093
53.43000 149.755
53.44000 151.308
53.45000 152.819
53.46000 154.212
53.47000 155.598
53.48000 155.919
53.49000 154.229
53.50000 152.492
53.51000 151.518
53.52000 146.177
53.53000 142.467
53.54000 140.084
53.55000 138.799
53.56000 137.519
53.57000 136.444
53.58000 135.483
53.59000 134.557
53.60000 136.702
53.61000 139.810
53.62000 142.837
53.63000 145.055
53.64000 147.066
53.65000 148.309
53.66000 144.865
53.67000 140.625
53.68000 137.166
53.69000 143.753
53.70000 149.999
53.71000 155.084
53.72000 157.010
53.73000 158.757
53.74000 158.167
53.75000 153.230
53.76000 148.195
53.77000 145.393
53.78000 144.519
53.79000 143.920
53.80000 143.708
53.81000 143.813
53.82000 143.933
53.83000 144.813
53.84000 146.107
53.85000 147.351
53.86000 145.212
53.87000 142.021
53.88000 139.108
53.89000 138.922
53.90000 139.428
53.91000 139.801
53.92000 139.370
53.93000 138.805
53.94000 138.346
53.95000 137.829
53.96000 137.402
53.97000 137.307
53.98000 138.104
53.99000 138.950
54.00000 139.746
54.01000 140.452
54.02000 141.156
54.03000 141.545
54.04000 149.019
54.05000 154.173
54.06000 154.579
54.07000 151.181
54.08000 147.787
54.09000 144.557
54.10000 141.415
54.11000 138.398
54.12000 139.704
54.13000 142.418
54.14000 144.907
54.15000 145.234
54.16000 145.020
54.17000 144.586
54.18000 142.846
54.19000 140.892
54.20000 139.309
54.21000 140.019
54.22000 140.786
54.23000 140.893
54.24000 139.258
54.25000 137.530
54.26000 136.101
54.27000 135.211
54.28000 134.333
54.29000 133.852
54.30000 138.458
54.31000 141.626
54.32000 142.419
54.33000 141.337
54.34000 140.297
54.35000 141.021
54.36000 142.680
54.37000 144.273
54.38000 143.329
54.39000 141.587
54.40000 140.156
54.41000 141.663
54.42000 143.892
54.43000 145.690
54.44000 144.980
54.45000 143.866
54.46000 142.966
54.47000 140.798
54.48000 138.934
54.49000 137.666
54.50000 137.950
54.51000 138.314
54.52000 139.712
54.53000 142.950
54.54000 146.225
54.55000 148.007
54.56000 141.353
54.57000 136.788
54.58000 135.535
54.59000 136.853
54.60000 138.193
54.61000 140.399
54.62000 143.058
54.63000 145.606
54.64000 140.447
54.65000 133.059
54.66000 126.660
54.67000 129.374
54.68000 134.297
54.69000 138.113
54.70000 135.600
54.71000 132.085
54.72000 129.254
54.73000 138.083
54.74000 146.158
54.75000 150.694
54.76000 146.143
54.77000 141.133
54.78000 137.619
54.79000 136.728
54.80000 135.886
54.81000 135.431
54.82000 138.716
54.83000 140.967
54.84000 142.668
54.85000 143.950
54.86000 145.178
54.87000 144.334
54.88000 142.420
54.89000 140.588
54.90000 142.617
54.91000 145.776
54.92000 148.583
54.93000 148.215
54.94000 147.089
54.95000 146.138
54.96000 146.175
54.97000 146.366
54.98000 146.519
54.99000 145.021
55.00000 143.683
55.01000 143.421
55.02000 145.883
55.03000 148.479
55.04000 150.904
55.05000 153.034
55.06000 155.159
55.07000 156.298
55.08000 149.820
55.09000 145.410
55.10000 144.619
55.11000 146.554
55.12000 148.425
55.13000 147.921
55.14000 146.209
55.15000 144.574
55.16000 148.753
55.17000 154.521
55.18000 159.474
55.19000 157.209
55.20000 153.247
55.21000 149.817
55.22000 149.324
55.23000 149.280
55.24000 149.246
55.25000 151.074
55.26000 152.690
55.27000 152.943
55.28000 149.795
55.29000 146.486
55.30000 146.045
55.31000 150.491
55.32000 155.018
55.33000 157.427
55.34000 150.120
55.35000 145.184
55.36000 148.811
55.37000 158.781
55.38000 168.454
55.39000 167.405
55.40000 160.986
55.41000 154.859
55.42000 156.406
55.43000 160.285
55.44000 164.184
55.45000 168.259
55.46000 172.376
55.47000 175.346
55.48000 172.091
55.49000 167.900
55.50000 164.558
55.51000 166.497
55.52000 168.445
55.53000 170.720
55.54000 173.795
55.55000 176.906
55.56000 181.113
55.57000 187.159
55.58000 193.233
55.59000 196.441
55.60000 192.960
55.61000 190.628
55.62000 194.209
55.63000 202.103
55.64000 210.069
55.65000 220.541
55.66000 232.249
55.67000 243.408
55.68000 244.709
55.69000 242.828
55.70000 242.336
55.71000 253.661
55.72000 267.681
55.73000 281.738
55.74000 295.993
55.75000 310.277
55.76000 321.627
55.77000 338.497
55.78000 352.475
55.79000 365.989
55.80000 378.380
55.81000 390.721
55.82000 404.971
55.83000 422.378
55.84000 439.831
55.85000 448.976
55.86000 463.057
55.87000 472.573
55.88000 478.911
55.89000 482.966
55.90000 487.132
55.91000 495.049
55.92000 504.791
55.93000 514.064
55.94000 532.056
55.95000 551.398
55.96000 568.652
55.97000 568.471
55.98000 564.375
55.99000 561.824
56.00000 567.393
56.01000 574.140
56.02000 579.483
56.03000 559.014
56.04000 540.771
56.05000 527.682
56.06000 526.901
56.07000 526.653
56.08000 520.326
56.09000 504.097
56.10000 487.728
56.11000 479.220
56.12000 474.702
56.13000 471.570
56.14000 457.108
56.15000 434.629
56.16000 412.259
56.17000 393.355
56.18000 376.112
56.19000 359.724
56.20000 355.410
56.21000 355.082
56.22000 353.354
56.23000 340.142
56.24000 324.392
56.25000 309.511
56.26000 299.121
56.27000 289.371
56.28000 281.678
56.29000 276.789
56.30000 273.056
56.31000 268.657
56.32000 262.689
56.33000 256.655
56.34000 252.706
56.35000 252.102
56.36000 251.543
56.37000 251.255
56.38000 239.620
56.39000 231.770
56.40000 222.386
56.41000 211.933
56.42000 201.716
56.43000 198.750
56.44000 199.213
56.45000 199.652
56.46000 195.294
56.47000 189.843
56.48000 184.629
56.49000 181.323
56.50000 178.432
56.51000 176.022
56.52000 176.063
56.53000 176.447
56.54000 176.749
56.55000 173.573
56.56000 170.801
56.57000 168.283
56.58000 166.356
56.59000 164.454
56.60000 162.636
56.61000 160.953
56.62000 159.271
56.63000 158.411
56.64000 161.324
56.65000 163.231
56.66000 159.321
56.67000 151.417
56.68000 143.690
56.69000 141.200
56.70000 141.149
56.71000 141.102
56.72000 143.509
56.73000 146.448
56.74000 148.822
56.75000 146.748
56.76000 143.722
56.77000 141.559
56.78000 143.722
56.79000 146.479
56.80000 148.639
56.81000 142.961
56.82000 137.919
56.83000 134.600
56.84000 135.223
56.85000 136.000
56.86000 134.494
56.87000 129.431
56.88000 124.326
56.89000 121.737
56.90000 137.762
56.91000 148.390
56.92000 147.438
56.93000 138.660
56.94000 130.198
56.95000 130.792
56.96000 135.544
56.97000 140.042
56.98000 139.245
56.99000 136.983
57.00000 135.258
57.01000 137.693
57.02000 141.004
57.03000 142.939
57.04000 138.089
57.05000 132.323
57.06000 127.822
57.07000 136.710
57.08000 144.640
57.09000 148.796
57.10000 144.445
57.11000 139.772
57.12000 136.960
57.13000 137.004
57.14000 137.080
57.15000 137.118
57.16000 133.788
57.17000 131.585
57.18000 131.465
57.19000 132.733
57.20000 133.984
57.21000 134.768
57.22000 135.341
57.23000 135.882
57.24000 132.590
57.25000 128.477
57.26000 124.992
57.27000 126.275
57.28000 128.547
57.29000 130.696
57.30000 132.250
57.31000 133.724
57.32000 134.871
57.33000 128.809
57.34000 123.542
57.35000 120.747
57.36000 123.445
57.37000 126.344
57.38000 128.166
57.39000 128.358
57.40000 128.534
57.41000 127.855
57.42000 126.324
57.43000 124.825
57.44000 126.240
57.45000 129.565
57.46000 132.646
57.47000 129.203
57.48000 122.850
57.49000 116.856
57.50000 117.574
57.51000 120.108
57.52000 122.544
57.53000 124.253
57.54000 125.813
57.55000 127.406
57.56000 129.155
57.57000 130.926
57.58000 132.298
57.59000 123.852
57.60000 116.556
57.61000 113.426
57.62000 119.417
57.63000 125.730
57.64000 126.872
57.65000 120.319
57.66000 113.694
57.67000 111.524
57.68000 113.712
57.69000 115.873
57.70000 115.692
57.71000 113.998
57.72000 112.588
57.73000 118.532
57.74000 127.709
57.75000 136.355
57.76000 130.810
57.77000 121.835
57.78000 114.236
57.79000 116.722
57.80000 121.233
57.81000 125.723
57.82000 130.112
57.83000 134.488
57.84000 137.867
57.85000 132.878
57.86000 128.436
57.87000 125.300
57.88000 124.983
57.89000 124.762
57.90000 124.242
57.91000 123.284
57.92000 122.322
57.93000 121.600
57.94000 121.107
57.95000 120.649
57.96000 122.947
57.97000 126.999
57.98000 130.894
57.99000 130.867
58.00000 129.140
58.01000 127.515
58.02000 125.168
58.03000 122.829
58.04000 120.982
58.05000 122.679
58.06000 125.077
58.07000 126.398
58.08000 122.738
58.09000 118.454
58.10000 115.159
58.11000 120.886
58.12000 125.929
58.13000 129.818
58.14000 131.253
58.15000 132.607
58.16000 133.329
58.17000 133.139
58.18000 132.941
58.19000 133.157
58.20000 133.764
58.21000 134.329
58.22000 131.641
58.23000 126.913
58.24000 122.276
58.25000 119.824
58.26000 118.306
58.27000 116.880
58.28000 120.657
58.29000 125.486
58.30000 129.985
58.31000 132.159
58.32000 133.881
58.33000 134.494
58.34000 130.062
58.35000 125.010
58.36000 121.138
58.37000 119.016
58.38000 117.437
58.39000 117.091
58.40000 119.332
58.41000 121.655
58.42000 123.306
58.43000 124.001
58.44000 124.689
58.45000 124.301
58.46000 122.912
58.47000 121.529
58.48000 120.574
58.49000 119.884
58.50000 119.165
58.51000 117.779
58.52000 116.112
58.53000 114.549
58.54000 114.903
58.55000 115.726
58.56000 116.712
58.57000 118.834
58.58000 121.174
58.59000 123.455
58.60000 125.473
58.61000 127.460
58.62000 128.976
58.63000 127.436
58.64000 126.058
58.65000 124.793
58.66000 123.762
58.67000 122.738
58.68000 122.241
58.69000 122.481
58.70000 122.727
58.71000 124.727
58.72000 128.330
58.73000 131.875
58.74000 131.472
58.75000 128.668
58.76000 125.966
58.77000 125.557
58.78000 126.100
58.79000 126.609
58.80000 125.745
58.81000 124.607
58.82000 123.827
58.83000 125.495
58.84000 127.624
58.85000 128.801
58.86000 125.776
58.87000 122.253
58.88000 119.575
58.89000 117.596
58.90000 116.076
58.91000 116.037
58.92000 119.017
58.93000 122.085
58.94000 122.517
58.95000 119.313
58.96000 116.088
58.97000 115.173
58.98000 116.335
58.99000 117.475
59.00000 117.190
59.01000 116.050
59.02000 115.014
59.03000 116.264
59.04000 118.448
59.05000 120.489
59.06000 121.550
59.07000 122.265
59.08000 122.356
59.09000 118.266
59.10000 113.401
59.11000 110.669
59.12000 117.198
59.13000 124.801
59.14000 130.561
59.15000 130.223
59.16000 129.647
59.17000 127.748
59.18000 123.193
59.19000 118.563
59.20000 115.722
59.21000 115.309
59.22000 114.910
59.23000 117.046
59.24000 121.421
59.25000 125.721
59.26000 125.495
59.27000 122.595
59.28000 119.877
59.29000 121.017
59.30000 123.714
59.31000 126.230
59.32000 125.770
59.33000 124.613
59.34000 123.134
59.35000 119.537
59.36000 115.554
59.37000 112.029
59.38000 110.460
59.39000 109.113
59.40000 108.097
59.41000 107.820
59.42000 107.639
59.43000 109.227
59.44000 114.313
59.45000 119.494
59.46000 122.360
59.47000 122.133
59.48000 121.890
59.49000 121.844
59.50000 121.970
59.51000 122.096
59.52000 122.279
59.53000 122.495
59.54000 122.641
59.55000 121.325
59.56000 119.429
59.57000 117.663
59.58000 117.311
59.59000 117.339
59.60000 117.560
59.61000 119.025
59.62000 120.714
59.63000 121.930
59.64000 121.159
59.65000 120.167
59.66000 119.421
59.67000 122.186
59.68000 124.518
59.69000 126.516
59.70000 127.866
59.71000 129.198
59.72000 128.382
59.73000 124.736
59.74000 121.080
59.75000 117.946
59.76000 115.264
59.77000 112.643
59.78000 113.352
59.79000 115.969
59.80000 118.525
59.81000 119.851
59.82000 120.695
59.83000 121.480
59.84000 117.581
59.85000 112.932
59.86000 109.216
59.87000 111.419
59.88000 114.665
59.89000 116.616
59.90000 113.198
59.91000 109.192
59.92000 106.193
59.93000 107.794
59.94000 109.258
59.95000 109.842
59.96000 108.737
59.97000 107.590
59.98000 108.484
59.99000 112.023
60.00000 115.570
60.01000 114.798
60.02000 110.396
60.03000 106.102
60.04000 107.510
60.05000 112.138
60.06000 116.613
60.07000 118.086
60.08000 118.400
60.09000 118.692
60.10000 120.032
60.11000 121.487
60.12000 122.625
60.13000 121.780
60.14000 120.593
60.15000 119.845
60.16000 120.897
60.17000 122.141
60.18000 123.069
60.19000 118.550
60.20000 114.784
60.21000 112.989
60.22000 114.929
60.23000 116.958
60.24000 118.150
60.25000 118.275
60.26000 118.396
60.27000 116.720
60.28000 113.561
60.29000 110.475
60.30000 110.960
60.31000 113.433
60.32000 115.970
60.33000 119.721
60.34000 123.932
60.35000 127.835
60.36000 124.797
60.37000 120.448
60.38000 116.768
60.39000 117.199
60.40000 118.331
60.41000 119.726
60.42000 122.179
60.43000 124.743
60.44000 126.647
60.45000 127.155
60.46000 127.488
60.47000 126.305
60.48000 122.293
60.49000 118.216
60.50000 118.497
60.51000 124.249
60.52000 130.010
60.53000 128.593
60.54000 121.339
60.55000 114.195
60.56000 112.243
60.57000 113.139
60.58000 113.931
60.59000 112.810
60.60000 110.970
60.61000 109.269
60.62000 109.508
60.63000 110.168
60.64000 110.905
60.65000 112.110
60.66000 113.393
60.67000 114.796
60.68000 116.672
60.69000 118.596
60.70000 120.018
60.71000 118.786
60.72000 117.717
60.73000 117.956
60.74000 120.602
60.75000 123.300
60.76000 125.049
60.77000 125.627
60.78000 126.200
60.79000 125.628
60.80000 124.140
60.81000 122.713
60.82000 123.997
60.83000 126.747
60.84000 129.347
60.85000 129.253
60.86000 128.164
60.87000 127.158
60.88000 125.808
60.89000 124.519
60.90000 123.057
60.91000 120.569
60.92000 117.911
60.93000 116.363
60.94000 119.144
60.95000 122.362
60.96000 124.731
60.97000 121.411
60.98000 118.604
60.99000 115.179
61.00000 110.633
61.01000 106.063
61.02000 106.878
61.03000 114.242
61.04000 121.608
61.05000 124.148
61.06000 122.875
61.07000 121.679
61.08000 123.818
61.09000 127.734
61.10000 131.379
61.11000 130.308
61.12000 127.520
61.13000 124.949
61.14000 121.829
61.15000 118.914
61.16000 116.400
61.17000 116.220
61.18000 116.419
61.19000 116.988
61.20000 118.981
61.21000 121.114
61.22000 122.679
61.23000 121.287
61.24000 120.093
61.25000 120.897
61.26000 125.271
61.27000 129.716
61.28000 129.276
61.29000 122.987
61.30000 116.701
61.31000 116.595
61.32000 121.278
61.33000 125.885
61.34000 127.352
61.35000 127.171
61.36000 126.946
61.37000 125.971
61.38000 124.728
61.39000 123.585
61.40000 125.261
61.41000 127.372
61.42000 129.446
61.43000 131.301
61.44000 133.122
61.45000 135.121
61.46000 137.796
61.47000 140.536
61.48000 142.537
61.49000 148.627
61.50000 153.481
61.51000 159.309
61.52000 166.852
61.53000 174.426
61.54000 189.277
61.55000 212.700
61.56000 236.081
61.57000 256.687
61.58000 275.052
61.59000 293.267
61.60000 305.574
61.61000 314.824
61.62000 323.892
61.63000 329.968
61.64000 334.983
61.65000 339.590
61.66000 341.441
61.67000 342.504
61.68000 344.410
61.69000 351.065
61.70000 358.462
61.71000 363.009
61.72000 356.926
61.73000 349.837
61.74000 344.684
61.75000 335.407
61.76000 328.114
61.77000 316.138
61.78000 296.042
61.79000 275.801
61.80000 255.268
61.81000 234.394
61.82000 213.577
61.83000 197.841
61.84000 186.021
61.85000 174.285
61.86000 165.755
61.87000 158.859
61.88000 152.213
61.89000 149.568
61.90000 148.319
61.91000 147.174
61.92000 145.696
61.93000 144.310
61.94000 142.741
61.95000 140.158
61.96000 137.419
61.97000 135.727
61.98000 137.882
61.99000 140.394
62.00000 142.211
62.01000 141.352
62.02000 140.594
62.03000 138.131
62.04000 132.754
62.05000 127.328
62.06000 126.974
62.07000 132.407
62.08000 137.830
62.09000 137.576
62.10000 133.135
62.11000 128.763
62.12000 126.893
62.13000 126.280
62.14000 125.915
62.15000 129.417
62.16000 134.250
62.17000 138.671
62.18000 134.226
62.19000 128.442
62.20000 123.832
62.21000 125.628
62.22000 128.391
62.23000 129.837
62.24000 126.514
62.25000 122.759
62.26000 120.053
62.27000 127.174
62.28000 132.978
62.29000 138.602
62.30000 143.925
62.31000 149.243
62.32000 149.126
62.33000 142.909
62.34000 136.709
62.35000 131.447
62.36000 126.908
62.37000 122.631
62.38000 127.460
62.39000 136.800
62.40000 145.449
62.41000 143.533
62.42000 138.039
62.43000 133.022
62.44000 134.699
62.45000 137.546
62.46000 139.420
62.47000 136.074
62.48000 131.954
62.49000 129.297
62.50000 131.858
62.51000 134.882
62.52000 137.051
62.53000 135.707
62.54000 134.558
62.55000 134.027
62.56000 134.520
62.57000 135.028
62.58000 135.667
62.59000 136.450
62.60000 137.229
62.61000 136.319
62.62000 134.210
62.63000 132.210
62.64000 133.890
62.65000 137.367
62.66000 140.582
62.67000 139.894
62.68000 137.902
62.69000 136.088
62.70000 135.602
62.71000 135.436
62.72000 135.176
62.73000 134.416
62.74000 133.582
62.75000 133.101
62.76000 133.859
62.77000 134.724
62.78000 135.342
62.79000 129.283
62.80000 124.438
62.81000 123.178
62.82000 127.776
62.83000 132.458
62.84000 135.026
62.85000 135.297
62.86000 135.567
62.87000 136.624
62.88000 138.224
62.89000 139.771
62.90000 139.590
62.91000 138.577
62.92000 137.528
62.93000 135.941
62.94000 134.177
62.95000 132.573
62.96000 133.109
62.97000 134.003
62.98000 134.846
62.99000 135.424
63.00000 135.964
63.01000 137.408
63.02000 141.982
63.03000 146.821
63.04000 150.262
63.05000 145.378
63.06000 141.392
63.07000 138.569
63.08000 137.618
63.09000 136.692
63.10000 136.259
63.11000 136.352
63.12000 136.445
63.13000 136.789
63.14000 137.303
63.15000 137.862
63.16000 139.821
63.17000 142.443
63.18000 144.841
63.19000 144.071
63.20000 142.272
63.21000 140.639
63.22000 140.166
63.23000 139.971
63.24000 139.649
63.25000 138.676
63.26000 137.611
63.27000 136.786
63.28000 136.782
63.29000 136.847
63.30000 136.892
63.31000 138.798
63.32000 140.305
63.33000 139.879
63.34000 136.388
63.35000 132.858
63.36000 132.789
63.37000 136.353
63.38000 139.900
63.39000 141.645
63.40000 142.145
63.41000 142.552
63.42000 140.186
63.43000 136.524
63.44000 133.120
63.45000 133.276
63.46000 134.570
63.47000 135.742
63.48000 136.839
63.49000 137.793
63.50000 138.841
63.51000 140.368
63.52000 141.961
63.53000 144.261
63.54000 148.939
63.55000 153.810
63.56000 157.241
63.57000 146.072
63.58000 137.166
63.59000 132.860
63.60000 135.740
63.61000 138.706
63.62000 141.086
63.63000 142.860
63.64000 144.625
63.65000 145.021
63.66000 144.495
63.67000 143.981
63.68000 143.825
63.69000 143.833
63.70000 143.700
63.71000 141.668
63.72000 139.036
63.73000 136.658
63.74000 136.809
63.75000 137.412
63.76000 138.377
63.77000 141.131
63.78000 144.128
63.79000 146.403
63.80000 146.288
63.81000 145.985
63.82000 145.772
63.83000 143.843
63.84000 142.333
63.85000 141.162
63.86000 140.511
63.87000 139.866
63.88000 141.708
63.89000 146.074
63.90000 150.415
63.91000 151.317
63.92000 149.941
63.93000 148.518
63.94000 145.768
63.95000 142.415
63.96000 139.227
63.97000 138.217
63.98000 137.882
63.99000 137.581
64.00000 143.741
64.01000 150.333
64.02000 155.765
64.03000 155.550
64.04000 154.583
64.05000 153.404
64.06000 151.536
64.07000 149.614
64.08000 148.273
64.09000 148.414
64.10000 148.563
64.11000 149.615
64.12000 152.036
64.13000 154.472
64.14000 155.836
64.15000 156.128
64.16000 156.419
64.17000 154.087
64.18000 150.087
64.19000 146.247
64.20000 146.696
64.21000 149.065
64.22000 151.229
64.23000 150.745
64.24000 149.451
64.25000 148.286
64.26000 154.177
64.27000 160.610
64.28000 165.275
64.29000 161.476
64.30000 156.570
64.31000 153.246
64.32000 155.006
64.33000 157.149
64.34000 158.638
64.35000 157.812
64.36000 157.127
64.37000 157.914
64.38000 160.901
64.39000 163.908
64.40000 165.079
64.41000 164.447
64.42000 163.820
64.43000 161.993
64.44000 159.428
64.45000 157.102
64.46000 160.989
64.47000 167.615
64.48000 173.758
64.49000 173.823
64.50000 172.057
64.51000 170.471
64.52000 172.562
64.53000 175.040
64.54000 176.238
64.55000 171.398
64.56000 165.785
64.57000 160.485
64.58000 156.179
64.59000 151.946
64.60000 149.020
64.61000 163.180
64.62000 174.268
64.63000 180.708
64.64000 180.311
64.65000 179.852
64.66000 180.312
64.67000 181.658
64.68000 182.995
64.69000 184.011
64.70000 184.810
64.71000 185.562
64.72000 185.127
64.73000 184.176
64.74000 183.430
64.75000 185.215
64.76000 187.751
64.77000 190.023
64.78000 186.071
64.79000 181.538
64.80000 178.168
64.81000 180.189
64.82000 182.888
64.83000 185.103
64.84000 185.810
64.85000 186.408
64.86000 186.819
64.87000 189.825
64.88000 192.144
64.89000 195.229
64.90000 199.424
64.91000 203.626
64.92000 202.117
64.93000 195.187
64.94000 188.310
64.95000 185.899
64.96000 186.290
64.97000 186.848
64.98000 191.523
64.99000 197.960
65.00000 204.019
65.01000 205.531
65.02000 205.713
65.03000 205.875
65.04000 203.679
65.05000 201.363
65.06000 199.893
65.07000 202.293
65.08000 205.170
65.09000 207.669
65.10000 209.003
65.11000 210.257
65.12000 211.114
65.13000 217.407
65.14000 222.248
65.15000 225.750
65.16000 227.341
65.17000 228.917
65.18000 230.941
65.19000 233.383
65.20000 235.804
65.21000 240.427
65.22000 246.305
65.23000 252.180
65.24000 257.987
65.25000 263.765
65.26000 269.021
65.27000 268.141
65.28000 265.492
65.29000 263.129
65.30000 278.745
65.31000 295.343
65.32000 308.616
65.33000 306.929
65.34000 303.430
65.35000 302.124
65.36000 307.467
65.37000 313.265
65.38000 317.214
65.39000 331.547
65.40000 342.494
65.41000 351.897
65.42000 359.129
65.43000 366.348
65.44000 376.326
65.45000 388.837
65.46000 401.237
65.47000 412.101
65.48000 421.835
65.49000 431.566
65.50000 441.223
65.51000 450.849
65.52000 460.142
65.53000 465.613
65.54000 470.000
65.55000 473.906
65.56000 493.937
65.57000 513.989
65.58000 533.281
65.59000 549.208
65.60000 564.735
65.61000 581.473
65.62000 601.831
65.63000 622.430
65.64000 636.392
65.65000 710.724
65.66000 767.474
65.67000 828.786
65.68000 896.407
65.69000 964.090
65.70000 1066.259
65.71000 1199.576
65.72000 1331.632
65.73000 1483.376
65.74000 1643.622
65.75000 1803.058
65.76000 1944.547
65.77000 2078.672
65.78000 2210.360
65.79000 2314.665
65.80000 2411.311
65.81000 2497.179
65.82000 2536.374
65.83000 2562.844
65.84000 2585.546
65.85000 2591.815
65.86000 2596.169
65.87000 2594.786
65.88000 2576.514
65.89000 2557.141
65.90000 2544.076
65.91000 2472.009
65.92000 2417.145
65.93000 2331.383
65.94000 2203.528
65.95000 2075.410
65.96000 1925.287
65.97000 1755.612
65.98000 1587.642
65.99000 1413.821
66.00000 1240.343
66.01000 1069.442
66.02000 953.896
66.03000 860.740
66.04000 770.347
66.05000 710.319
66.06000 658.659
66.07000 612.864
66.08000 571.678
66.09000 536.750
66.10000 505.245
66.11000 488.430
66.12000 473.295
66.13000 461.041
66.14000 457.148
66.15000 453.785
66.16000 451.529
66.17000 448.683
66.18000 446.558
66.19000 444.386
66.20000 442.152
66.21000 439.926
66.22000 445.364
66.23000 457.501
66.24000 469.509
66.25000 492.313
66.26000 520.763
66.27000 549.043
66.28000 573.797
66.29000 597.144
66.30000 620.670
66.31000 646.110
66.32000 672.069
66.33000 695.029
66.34000 714.698
66.35000 731.185
66.36000 747.337
66.37000 762.076
66.38000 776.656
66.39000 788.002
66.40000 790.101
66.41000 791.628
66.42000 792.647
66.43000 801.113
66.44000 807.528
66.45000 799.976
66.46000 773.977
66.47000 747.900
66.48000 727.356
66.49000 711.570
66.50000 695.963
66.51000 668.562
66.52000 635.188
66.53000 601.931
66.54000 571.038
66.55000 541.074
66.56000 512.102
66.57000 493.576
66.58000 477.844
66.59000 463.963
66.60000 459.010
66.61000 456.100
66.62000 449.686
66.63000 428.690
66.64000 406.091
66.65000 391.634
66.66000 400.119
66.67000 409.985
66.68000 416.537
66.69000 407.815
66.70000 401.084
66.71000 396.591
66.72000 395.006
66.73000 393.440
66.74000 395.773
66.75000 401.406
66.76000 406.972
66.77000 404.773
66.78000 398.338
66.79000 392.227
66.80000 392.480
66.81000 395.197
66.82000 398.033
66.83000 402.095
66.84000 406.481
66.85000 410.341
66.86000 407.450
66.87000 403.949
66.88000 402.893
66.89000 411.857
66.90000 421.900
66.91000 429.426
66.92000 429.962
66.93000 430.089
66.94000 430.173
66.95000 433.430
66.96000 435.888
66.97000 436.475
66.98000 434.667
66.99000 432.852
67.00000 432.412
67.01000 433.115
67.02000 433.810
67.03000 433.230
67.04000 431.971
67.05000 430.923
67.06000 433.896
67.07000 438.404
67.08000 442.666
67.09000 444.445
67.10000 445.581
67.11000 446.578
67.12000 445.218
67.13000 443.703
67.14000 442.701
67.15000 443.767
67.16000 445.051
67.17000 446.585
67.18000 448.804
67.19000 451.061
67.20000 452.544
67.21000 444.714
67.22000 438.794
67.23000 439.820
67.24000 449.596
67.25000 459.372
67.26000 457.301
67.27000 445.521
67.28000 433.897
67.29000 435.401
67.30000 443.893
67.31000 451.995
67.32000 452.871
67.33000 451.028
67.34000 449.377
67.35000 449.627
67.36000 450.363
67.37000 451.008
67.38000 448.812
67.39000 446.518
67.40000 447.644
67.41000 462.362
67.42000 478.486
67.43000 488.918
67.44000 483.996
67.45000 478.222
67.46000 474.449
67.47000 481.086
67.48000 486.128
67.49000 489.090
67.50000 489.474
67.51000 489.848
67.52000 489.213
67.53000 487.765
67.54000 486.336
67.55000 489.086
67.56000 493.958
67.57000 498.565
67.58000 498.371
67.59000 496.398
67.60000 494.920
67.61000 498.246
67.62000 502.781
67.63000 506.745
67.64000 497.803
67.65000 488.320
67.66000 480.815
67.67000 481.058
67.68000 482.085
67.69000 485.376
67.70000 494.687
67.71000 504.323
67.72000 510.584
67.73000 508.784
67.74000 507.342
67.75000 509.384
67.76000 515.681
67.77000 521.994
67.78000 529.853
67.79000 538.940
67.80000 547.894
67.81000 547.688
67.82000 542.737
67.83000 537.822
67.84000 533.546
67.85000 529.502
67.86000 525.973
67.87000 527.323
67.88000 529.883
67.89000 532.115
67.90000 539.288
67.91000 546.107
67.92000 553.217
67.93000 561.448
67.94000 569.790
67.95000 574.158
67.96000 568.110
67.97000 561.516
67.98000 557.254
67.99000 574.549
68.00000 587.507
68.01000 591.994
68.02000 586.304
68.03000 580.615
68.04000 581.016
68.05000 586.176
68.06000 591.256
68.07000 593.603
68.08000 594.482
68.09000 595.094
68.10000 591.129
68.11000 585.515
68.12000 581.245
68.13000 589.456
68.14000 600.714
68.15000 610.505
68.16000 614.308
68.17000 616.736
68.18000 619.232
68.19000 621.984
68.20000 624.760
68.21000 626.407
68.22000 625.136
68.23000 623.715
68.24000 622.802
68.25000 641.447
68.26000 655.318
68.27000 665.100
68.28000 670.048
68.29000 674.962
68.30000 673.849
68.31000 668.097
68.32000 662.439
68.33000 664.314
68.34000 669.914
68.35000 675.700
68.36000 684.576
68.37000 694.549
68.38000 703.974
68.39000 708.409
68.40000 711.644
68.41000 714.451
68.42000 733.825
68.43000 752.541
68.44000 768.170
68.45000 772.249
68.46000 775.231
68.47000 779.806
68.48000 788.440
68.49000 797.274
68.50000 802.920
68.51000 807.712
68.52000 811.188
68.53000 825.049
68.54000 850.991
68.55000 876.944
68.56000 901.396
68.57000 924.713
68.58000 947.634
68.59000 990.060
68.60000 1040.722
68.61000 1090.700
68.62000 1129.627
68.63000 1164.687
68.64000 1202.226
68.65000 1261.915
68.66000 1326.846
68.67000 1383.030
68.68000 1446.194
68.69000 1500.806
68.70000 1554.447
68.71000 1604.509
68.72000 1654.237
68.73000 1710.386
68.74000 1782.650
68.75000 1855.688
68.76000 1902.102
68.77000 1999.414
68.78000 2070.718
68.79000 2136.780
68.80000 2196.844
68.81000 2257.054
68.82000 2346.601
68.83000 2458.030
68.84000 2567.477
68.85000 2721.812
68.86000 2892.675
68.87000 3071.460
68.88000 3375.131
68.89000 3721.869
68.90000 4123.265
68.91000 5003.214
68.92000 5994.719
68.93000 6850.446
68.94000 9420.900
68.95000 11822.666
68.96000 14588.972
68.97000 18678.783
68.98000 22889.123
68.99000 27292.838
69.00000 32174.898
69.01000 37079.258
69.02000 40178.039
69.03000 45413.012
69.04000 49231.313
69.05000 52146.047
69.06000 54043.285
69.07000 55936.602
69.08000 57300.082
69.09000 58274.434
69.10000 59230.668
69.11000 60206.719
69.12000 61157.371
69.13000 62108.598
69.14000 63068.563
69.15000 64031.500
69.16000 64907.594
69.17000 65038.063
69.18000 64997.391
69.19000 64962.383
69.20000 62494.176
69.21000 60096.660
69.22000 57345.480
69.23000 53329.336
69.24000 49200.488
69.25000 45347.781
69.26000 42168.340
69.27000 39019.336
69.28000 37041.191
69.29000 34591.914
69.30000 32815.977
69.31000 31574.779
69.32000 30925.963
69.33000 30277.920
69.34000 29691.578
69.35000 29149.859
69.36000 28618.660
69.37000 27579.785
69.38000 26339.979
69.39000 25049.441
69.40000 22999.260
69.41000 20694.625
69.42000 18369.926
69.43000 15876.270
69.44000 13344.432
69.45000 11170.675
69.46000 9099.694
69.47000 7361.518
69.48000 5792.200
69.49000 4817.899
69.50000 3895.455
69.51000 3121.779
69.52000 2705.619
69.53000 2305.123
69.54000 2055.012
69.55000 1830.162
69.56000 1668.237
69.57000 1548.596
69.58000 1475.032
69.59000 1401.511
69.60000 1331.185
69.61000 1263.134
69.62000 1196.463
69.63000 1149.785
69.64000 1114.174
69.65000 1078.416
69.66000 1040.506
69.67000 1001.886
69.68000 963.546
69.69000 927.515
69.70000 891.998
69.71000 861.585
69.72000 850.592
69.73000 843.671
69.74000 832.322
69.75000 805.599
69.76000 777.565
69.77000 756.299
69.78000 751.064
69.79000 746.508
69.80000 743.680
69.81000 718.384
69.82000 699.959
69.83000 686.188
69.84000 677.405
69.85000 668.610
69.86000 658.017
69.87000 646.163
69.88000 634.560
69.89000 628.237
69.90000 624.577
69.91000 620.559
69.92000 611.442
69.93000 600.666
69.94000 590.514
69.95000 585.416
69.96000 581.426
69.97000 578.018
69.98000 566.400
69.99000 555.638
70.00000 546.221
