20.00000 577.244
20.01000 582.020
20.02000 587.478
20.03000 589.139
20.04000 575.627
20.05000 560.534
20.06000 549.306
20.07000 563.098
20.08000 574.946
20.09000 581.981
20.10000 579.857
20.11000 577.511
20.12000 573.010
20.13000 565.708
20.14000 558.399
20.15000 556.092
20.16000 558.077
20.17000 560.015
20.18000 559.247
20.19000 556.904
20.20000 554.903
20.21000 560.161
20.22000 568.342
20.23000 575.984
20.24000 582.431
20.25000 587.979
20.26000 591.517
20.27000 581.447
20.28000 568.829
20.29000 560.039
20.30000 568.284
20.31000 578.566
20.32000 586.429
20.33000 588.791
20.34000 590.356
20.35000 585.644
20.36000 567.711
20.37000 549.356
20.38000 540.656
20.39000 545.936
20.40000 551.330
20.41000 558.241
20.42000 566.609
20.43000 574.904
20.44000 576.790
20.45000 574.539
20.46000 572.202
20.47000 567.546
20.48000 561.857
20.49000 556.484
20.50000 551.069
20.51000 546.087
20.52000 542.898
20.53000 553.487
20.54000 566.961
20.55000 576.313
20.56000 565.185
20.57000 551.265
20.58000 540.345
20.59000 548.466
20.60000 556.199
20.61000 561.277
20.62000 560.168
20.63000 558.807
20.64000 562.907
20.65000 575.788
20.66000 588.787
20.67000 595.545
20.68000 589.258
20.69000 584.989
20.70000 577.974
20.71000 568.989
20.72000 560.270
20.73000 560.699
20.74000 565.631
20.75000 570.335
20.76000 568.138
20.77000 563.913
20.78000 560.046
20.79000 559.317
20.80000 559.322
20.81000 560.899
20.82000 571.224
20.83000 582.898
20.84000 592.278
20.85000 579.777
20.86000 567.961
20.87000 559.641
20.88000 560.321
20.89000 561.457
20.90000 563.778
20.91000 568.213
20.92000 572.689
20.93000 575.144
20.94000 578.417
20.95000 580.670
20.96000 583.200
20.97000 585.951
20.98000 588.650
20.99000 588.922
21.00000 587.873
21.01000 586.863
21.02000 584.854
21.03000 582.615
21.04000 580.597
21.05000 580.820
21.06000 581.625
21.07000 580.403
21.08000 566.491
21.09000 550.373
21.10000 537.130
21.11000 548.786
21.12000 560.600
21.13000 571.248
21.14000 578.575
21.15000 585.697
21.16000 582.997
21.17000 560.909
21.18000 538.300
21.19000 525.275
21.20000 551.014
21.21000 569.170
21.22000 573.022
21.23000 564.085
21.24000 555.212
21.25000 550.702
21.26000 548.825
21.27000 547.004
21.28000 550.216
21.29000 555.252
21.30000 559.841
21.31000 559.171
21.32000 556.984
21.33000 555.509
21.34000 559.072
21.35000 563.618
21.36000 567.431
21.37000 565.460
21.38000 563.216
21.39000 558.904
21.40000 548.077
21.41000 536.772
21.42000 532.393
21.43000 543.136
21.44000 554.408
21.45000 561.205
21.46000 565.269
21.47000 568.143
21.48000 569.425
21.49000 569.108
21.50000 568.757
21.51000 564.815
21.52000 558.466
21.53000 552.264
21.54000 552.607
21.55000 555.828
21.56000 559.402
21.57000 567.861
21.58000 577.882
21.59000 586.812
21.60000 586.962
21.61000 585.199
21.62000 583.692
21.63000 584.060
21.64000 584.596
21.65000 584.861
21.66000 584.179
21.67000 583.415
21.68000 585.972
21.69000 596.549
21.70000 607.481
21.71000 614.356
21.72000 619.015
21.73000 622.361
21.74000 628.213
21.75000 636.893
21.76000 645.580
21.77000 655.272
21.78000 665.711
21.79000 675.972
21.80000 678.751
21.81000 677.746
21.82000 677.198
21.83000 684.186
21.84000 693.840
21.85000 704.459
21.86000 723.984
21.87000 745.671
21.88000 764.555
21.89000 776.587
21.90000 785.921
21.91000 794.939
21.92000 802.732
21.93000 810.403
21.94000 819.354
21.95000 831.721
21.96000 844.275
21.97000 852.484
21.98000 866.913
21.99000 877.614
22.00000 880.328
22.01000 872.976
22.02000 865.604
22.03000 864.385
22.04000 868.284
22.05000 872.136
22.06000 872.551
22.07000 871.063
22.08000 869.746
22.09000 871.873
22.10000 875.347
22.11000 876.888
22.12000 857.832
22.13000 833.221
22.14000 811.432
22.15000 804.983
22.16000 801.809
22.17000 798.728
22.18000 796.047
22.19000 793.412
22.20000 784.842
22.21000 758.745
22.22000 731.500
22.23000 713.024
22.24000 700.353
22.25000 691.033
22.26000 684.677
22.27000 682.484
22.28000 680.319
22.29000 673.937
22.30000 663.626
22.31000 653.397
22.32000 640.542
22.33000 626.296
22.34000 612.524
22.35000 610.555
22.36000 613.691
22.37000 616.173
22.38000 610.521
22.39000 602.436
22.40000 595.167
22.41000 598.351
22.42000 602.998
22.43000 603.389
22.44000 583.300
22.45000 560.520
22.46000 546.271
22.47000 559.916
22.48000 575.729
22.49000 586.821
22.50000 572.261
22.51000 560.500
22.52000 554.972
22.53000 559.174
22.54000 563.491
22.55000 563.669
22.56000 559.513
22.57000 555.376
22.58000 552.013
22.59000 549.219
22.60000 546.431
22.61000 543.863
22.62000 541.400
22.63000 538.909
22.64000 535.997
22.65000 532.946
22.66000 530.163
22.67000 537.191
22.68000 545.391
22.69000 551.041
22.70000 542.959
22.71000 532.830
22.72000 526.100
22.73000 531.692
22.74000 538.404
22.75000 543.263
22.76000 527.750
22.77000 515.092
22.78000 510.277
22.79000 519.040
22.80000 528.044
22.81000 532.308
22.82000 531.007
22.83000 529.701
22.84000 526.949
22.85000 523.099
22.86000 519.439
22.87000 523.822
22.88000 532.460
22.89000 540.558
22.90000 539.137
22.91000 534.226
22.92000 529.689
22.93000 520.898
22.94000 512.047
22.95000 504.221
22.96000 502.597
22.97000 502.016
22.98000 502.544
22.99000 507.543
23.00000 513.012
23.01000 517.089
23.02000 517.550
23.03000 517.745
23.04000 519.145
23.05000 522.855
23.06000 526.623
23.07000 528.968
23.08000 529.449
23.09000 529.920
23.10000 527.302
23.11000 522.017
23.12000 516.821
23.13000 516.871
23.14000 519.996
23.15000 523.138
23.16000 526.627
23.17000 530.258
23.18000 533.652
23.19000 528.528
23.20000 521.709
23.21000 516.093
23.22000 518.687
23.23000 522.831
23.24000 524.781
23.25000 516.899
23.26000 507.830
23.27000 500.881
23.28000 505.441
23.29000 509.675
23.30000 513.596
23.31000 516.851
23.32000 520.085
23.33000 521.969
23.34000 521.885
23.35000 521.784
23.36000 519.202
23.37000 514.212
23.38000 509.254
23.39000 507.184
23.40000 506.991
23.41000 506.970
23.42000 511.564
23.43000 518.229
23.44000 524.528
23.45000 522.037
23.46000 517.244
23.47000 512.679
23.48000 509.878
23.49000 507.450
23.50000 505.607
23.51000 506.699
23.52000 508.195
23.53000 509.370
23.54000 499.149
23.55000 490.216
23.56000 485.506
23.57000 490.701
23.58000 496.306
23.59000 502.030
23.60000 507.944
23.61000 513.860
23.62000 516.949
23.63000 513.655
23.64000 511.405
23.65000 505.893
23.66000 498.022
23.67000 490.465
23.68000 493.874
23.69000 502.719
23.70000 511.164
23.71000 507.129
23.72000 499.399
23.73000 492.451
23.74000 492.430
23.75000 494.040
23.76000 495.595
23.77000 496.844
23.78000 498.046
23.79000 499.012
23.80000 496.018
23.81000 493.281
23.82000 494.586
23.83000 506.372
23.84000 518.697
23.85000 526.242
23.86000 525.202
23.87000 523.990
23.88000 523.322
23.89000 514.633
23.90000 508.644
23.91000 506.519
23.92000 507.508
23.93000 508.567
23.94000 512.916
23.95000 519.071
23.96000 524.999
23.97000 522.764
23.98000 517.753
23.99000 511.862
24.00000 496.989
24.01000 479.765
24.02000 466.999
24.03000 482.380
24.04000 502.695
24.05000 519.412
24.06000 513.184
24.07000 505.976
24.08000 499.986
24.09000 497.491
24.10000 495.214
24.11000 495.255
24.12000 499.906
24.13000 504.684
24.14000 507.446
24.15000 508.892
24.16000 509.902
24.17000 512.331
24.18000 516.041
24.19000 519.673
24.20000 518.041
24.21000 513.208
24.22000 508.517
24.23000 505.273
24.24000 502.771
24.25000 500.174
24.26000 496.449
24.27000 492.397
24.28000 489.595
24.29000 495.731
24.30000 503.622
24.31000 510.252
24.32000 498.057
24.33000 485.914
24.34000 478.750
24.35000 487.401
24.36000 497.225
24.37000 499.618
24.38000 485.672
24.39000 471.142
24.40000 462.354
24.41000 479.110
24.42000 491.238
24.43000 497.297
24.44000 497.209
24.45000 497.068
24.46000 491.271
24.47000 481.655
24.48000 472.256
24.49000 473.926
24.50000 480.456
24.51000 486.575
24.52000 486.959
24.53000 485.495
24.54000 484.457
24.55000 486.872
24.56000 490.046
24.57000 492.764
24.58000 494.498
24.59000 495.843
24.60000 495.679
24.61000 490.203
24.62000 484.265
24.63000 481.660
24.64000 487.162
24.65000 493.028
24.66000 496.728
24.67000 488.030
24.68000 481.590
24.69000 478.468
24.70000 479.119
24.71000 479.793
24.72000 484.107
24.73000 491.156
24.74000 498.087
24.75000 496.723
24.76000 491.280
24.77000 486.148
24.78000 486.235
24.79000 488.181
24.80000 489.723
24.81000 487.499
24.82000 484.355
24.83000 481.614
24.84000 483.180
24.85000 485.117
24.86000 486.300
24.87000 484.531
24.88000 482.464
24.89000 481.408
24.90000 483.070
24.91000 484.883
24.92000 486.071
24.93000 490.241
24.94000 493.358
24.95000 492.314
24.96000 485.986
24.97000 479.648
24.98000 478.000
24.99000 480.285
25.00000 482.543
25.01000 482.286
25.02000 480.637
25.03000 478.967
25.04000 476.856
25.05000 474.570
25.06000 472.784
25.07000 476.373
25.08000 481.423
25.09000 485.899
25.10000 486.717
25.11000 486.847
25.12000 486.205
25.13000 482.212
25.14000 477.830
25.15000 475.577
25.16000 479.656
25.17000 484.155
25.18000 487.214
25.19000 482.884
25.20000 479.485
25.21000 480.058
25.22000 486.254
25.23000 492.490
25.24000 492.035
25.25000 485.298
25.26000 478.611
25.27000 473.193
25.28000 468.653
25.29000 464.328
25.30000 465.441
25.31000 468.923
25.32000 472.445
25.33000 476.483
25.34000 480.675
25.35000 484.448
25.36000 479.172
25.37000 472.925
25.38000 467.210
25.39000 464.081
25.40000 461.294
25.41000 459.209
25.42000 459.438
25.43000 459.849
25.44000 460.138
25.45000 466.458
25.46000 471.424
25.47000 474.715
25.48000 475.372
25.49000 475.997
25.50000 474.065
25.51000 469.435
25.52000 464.825
25.53000 465.642
25.54000 470.215
25.55000 474.784
25.56000 479.189
25.57000 483.514
25.58000 486.962
25.59000 477.350
25.60000 463.379
25.61000 450.626
25.62000 458.271
25.63000 469.186
25.64000 478.355
25.65000 478.041
25.66000 476.302
25.67000 474.212
25.68000 470.845
25.69000 467.360
25.70000 464.832
25.71000 467.738
25.72000 470.175
25.73000 471.998
25.74000 472.754
25.75000 473.490
25.76000 471.321
25.77000 465.715
25.78000 460.114
25.79000 462.588
25.80000 471.322
25.81000 479.900
25.82000 481.699
25.83000 479.884
25.84000 478.082
25.85000 476.504
25.86000 475.009
25.87000 473.626
25.88000 467.840
25.89000 461.639
25.90000 456.859
25.91000 460.752
25.92000 466.116
25.93000 470.041
25.94000 468.129
25.95000 465.597
25.96000 463.705
25.97000 466.948
25.98000 469.713
25.99000 474.012
26.00000 481.276
26.01000 488.614
26.02000 488.066
26.03000 477.100
26.04000 466.092
26.05000 465.185
26.06000 473.080
26.07000 480.899
26.08000 484.000
26.09000 484.317
26.10000 484.240
26.11000 475.537
26.12000 463.311
26.13000 451.871
26.14000 449.283
26.15000 449.200
26.16000 450.294
26.17000 459.503
26.18000 470.255
26.19000 477.932
26.20000 471.708
26.21000 463.790
26.22000 457.713
26.23000 465.107
26.24000 471.703
26.25000 473.478
26.26000 464.950
26.27000 456.080
26.28000 454.000
26.29000 461.903
26.30000 469.894
26.31000 473.067
26.32000 471.521
26.33000 470.005
26.34000 471.198
26.35000 474.166
26.36000 476.876
26.37000 472.471
26.38000 464.854
26.39000 457.649
26.40000 457.346
26.41000 459.052
26.42000 460.531
26.43000 460.231
26.44000 459.553
26.45000 460.443
26.46000 469.251
26.47000 479.159
26.48000 486.959
26.49000 476.892
26.50000 467.634
26.51000 460.479
26.52000 458.290
26.53000 456.311
26.54000 456.906
26.55000 461.702
26.56000 466.558
26.57000 469.103
26.58000 474.150
26.59000 477.538
26.60000 475.762
26.61000 470.225
26.62000 464.915
26.63000 467.703
26.64000 474.536
26.65000 481.063
26.66000 475.785
26.67000 467.081
26.68000 458.531
26.69000 451.362
26.70000 444.520
26.71000 438.944
26.72000 440.534
26.73000 443.248
26.74000 445.437
26.75000 440.186
26.76000 435.336
26.77000 434.798
26.78000 445.526
26.79000 456.841
26.80000 459.822
26.81000 447.725
26.82000 435.318
26.83000 428.464
26.84000 440.277
26.85000 448.454
26.86000 454.979
26.87000 460.161
26.88000 465.265
26.89000 466.623
26.90000 465.909
26.91000 465.221
26.92000 459.016
26.93000 451.199
26.94000 444.055
26.95000 443.850
26.96000 445.476
26.97000 447.693
26.98000 453.676
26.99000 460.325
27.00000 465.805
27.01000 465.624
27.02000 464.955
27.03000 462.843
27.04000 456.563
27.05000 450.020
27.06000 443.797
27.07000 438.216
27.08000 432.652
27.09000 429.425
27.10000 428.024
27.11000 427.051
27.12000 429.560
27.13000 435.235
27.14000 440.959
27.15000 450.233
27.16000 461.680
27.17000 472.798
27.18000 468.598
27.19000 458.453
27.20000 449.231
27.21000 451.101
27.22000 456.216
27.23000 460.299
27.24000 456.931
27.25000 452.087
27.26000 448.012
27.27000 449.022
27.28000 450.406
27.29000 451.131
27.30000 449.747
27.31000 448.205
27.32000 446.845
27.33000 445.888
27.34000 444.945
27.35000 444.373
27.36000 438.911
27.37000 434.977
27.38000 433.958
27.39000 435.917
27.40000 437.880
27.41000 440.388
27.42000 443.267
27.43000 446.081
27.44000 445.724
27.45000 443.957
27.46000 442.013
27.47000 437.569
27.48000 432.314
27.49000 428.215
27.50000 433.592
27.51000 441.067
27.52000 447.476
27.53000 447.670
27.54000 447.072
27.55000 446.362
27.56000 445.251
27.57000 444.105
27.58000 443.224
27.59000 442.993
27.60000 442.791
27.61000 442.663
27.62000 440.306
27.63000 438.570
27.64000 437.792
27.65000 438.109
27.66000 438.433
27.67000 439.754
27.68000 441.832
27.69000 443.875
27.70000 442.320
27.71000 439.012
27.72000 436.079
27.73000 439.486
27.74000 445.168
27.75000 450.136
27.76000 448.397
27.77000 445.004
27.78000 442.042
27.79000 443.952
27.80000 446.269
27.81000 447.765
27.82000 446.029
27.83000 443.962
27.84000 441.755
27.85000 439.167
27.86000 436.558
27.87000 434.843
27.88000 438.674
27.89000 441.589
27.90000 441.785
27.91000 438.499
27.92000 435.198
27.93000 430.672
27.94000 425.112
27.95000 419.615
27.96000 419.316
27.97000 421.935
27.98000 424.864
27.99000 434.214
28.00000 446.111
28.01000 457.035
28.02000 457.365
28.03000 454.794
28.04000 452.512
28.05000 444.144
28.06000 435.922
28.07000 429.045
28.08000 428.060
28.09000 427.767
28.10000 427.990
28.11000 429.759
28.12000 431.633
28.13000 432.909
28.14000 437.882
28.15000 441.683
28.16000 442.750
28.17000 439.915
28.18000 437.051
28.19000 433.741
28.20000 430.009
28.21000 426.304
28.22000 429.340
28.23000 436.542
28.24000 443.460
28.25000 443.084
28.26000 439.507
28.27000 436.055
28.28000 434.186
28.29000 432.797
28.30000 431.546
28.31000 434.107
28.32000 437.043
28.33000 439.154
28.34000 437.229
28.35000 434.763
28.36000 431.818
28.37000 427.278
28.38000 422.611
28.39000 419.323
28.40000 423.410
28.41000 426.730
28.42000 429.552
28.43000 431.584
28.44000 433.605
28.45000 432.314
28.46000 427.495
28.47000 422.696
28.48000 426.275
28.49000 435.677
28.50000 444.801
28.51000 444.714
28.52000 440.156
28.53000 435.507
28.54000 429.475
28.55000 422.978
28.56000 417.041
28.57000 413.201
28.58000 410.220
28.59000 408.830
28.60000 416.147
28.61000 424.786
28.62000 431.041
28.63000 428.526
28.64000 425.197
28.65000 422.777
28.66000 425.827
28.67000 428.380
28.68000 428.090
28.69000 422.803
28.70000 417.424
28.71000 417.612
28.72000 424.443
28.73000 431.272
28.74000 434.667
28.75000 435.354
28.76000 435.989
28.77000 434.335
28.78000 431.452
28.79000 428.638
28.80000 427.094
28.81000 426.023
28.82000 425.031
28.83000 427.800
28.84000 431.154
28.85000 433.409
28.86000 428.892
28.87000 423.218
28.88000 417.671
28.89000 412.643
28.90000 407.671
28.91000 403.949
28.92000 410.939
28.93000 416.893
28.94000 419.471
28.95000 415.482
28.96000 411.324
28.97000 410.093
28.98000 412.758
28.99000 415.442
29.00000 414.594
29.01000 410.646
29.02000 406.776
29.03000 407.811
29.04000 411.765
29.05000 415.555
29.06000 415.719
29.07000 414.390
29.08000 413.146
29.09000 416.841
29.10000 421.478
29.11000 424.127
29.12000 412.948
29.13000 399.116
29.14000 389.489
29.15000 399.016
29.16000 410.900
29.17000 420.039
29.18000 420.221
29.19000 419.859
29.20000 420.151
29.21000 421.853
29.22000 423.603
29.23000 422.211
29.24000 416.167
29.25000 410.079
29.26000 410.579
29.27000 417.585
29.28000 424.539
29.29000 426.371
29.30000 424.822
29.31000 423.283
29.32000 422.023
29.33000 420.890
29.34000 419.817
29.35000 418.479
29.36000 417.172
29.37000 415.956
29.38000 415.459
29.39000 415.115
29.40000 416.199
29.41000 424.545
29.42000 433.907
29.43000 441.292
29.44000 429.239
29.45000 418.260
29.46000 411.841
29.47000 416.273
29.48000 421.170
29.49000 420.073
29.50000 409.118
29.51000 398.018
29.52000 392.179
29.53000 410.672
29.54000 423.173
29.55000 426.946
29.56000 424.311
29.57000 421.743
29.58000 421.635
29.59000 422.765
29.60000 423.846
29.61000 421.231
29.62000 417.600
29.63000 415.210
29.64000 424.045
29.65000 435.562
29.66000 444.616
29.67000 439.616
29.68000 432.390
29.69000 426.556
29.70000 422.558
29.71000 419.455
29.72000 416.002
29.73000 411.630
29.74000 407.209
29.75000 408.370
29.76000 419.706
29.77000 431.255
29.78000 437.659
29.79000 431.244
29.80000 426.797
29.81000 425.885
29.82000 427.866
29.83000 429.800
29.84000 429.358
29.85000 427.592
29.86000 425.890
29.87000 431.131
29.88000 438.577
29.89000 445.396
29.90000 445.665
29.91000 444.194
29.92000 443.280
29.93000 445.946
29.94000 449.249
29.95000 451.976
29.96000 448.813
29.97000 445.659
29.98000 444.497
29.99000 449.128
30.00000 454.130
30.01000 457.344
30.02000 456.954
30.03000 456.460
30.04000 456.172
30.05000 454.494
30.06000 453.308
30.07000 450.361
30.08000 445.801
30.09000 441.362
30.10000 445.712
30.11000 455.487
30.12000 464.987
30.13000 462.797
30.14000 455.980
30.15000 449.656
30.16000 449.321
30.17000 450.752
30.18000 451.665
30.19000 448.817
30.20000 445.217
30.21000 442.185
30.22000 438.012
30.23000 434.406
30.24000 432.705
30.25000 437.140
30.26000 442.040
30.27000 444.364
30.28000 440.942
30.29000 437.308
30.30000 435.096
30.31000 430.333
30.32000 426.912
30.33000 426.190
30.34000 428.250
30.35000 430.291
30.36000 430.142
30.37000 428.491
30.38000 426.876
30.39000 433.772
30.40000 444.239
30.41000 453.561
30.42000 446.466
30.43000 434.009
30.44000 422.993
30.45000 423.912
30.46000 427.492
30.47000 430.567
30.48000 429.858
30.49000 428.790
30.50000 428.611
30.51000 431.604
30.52000 434.880
30.53000 437.092
30.54000 436.682
30.55000 436.150
30.56000 435.813
30.57000 442.027
30.58000 446.616
30.59000 446.642
30.60000 441.397
30.61000 436.193
30.62000 441.746
30.63000 455.507
30.64000 469.048
30.65000 464.380
30.66000 450.662
30.67000 437.979
30.68000 443.076
30.69000 454.599
30.70000 464.121
30.71000 454.628
30.72000 440.413
30.73000 427.990
30.74000 436.203
30.75000 446.156
30.76000 455.725
30.77000 463.771
30.78000 471.660
30.79000 476.966
30.80000 475.230
30.81000 473.094
30.82000 471.686
30.83000 482.648
30.84000 490.942
30.85000 500.632
30.86000 512.124
30.87000 523.624
30.88000 535.472
30.89000 547.616
30.90000 559.626
30.91000 561.838
30.92000 558.470
30.93000 555.241
30.94000 554.926
30.95000 555.777
30.96000 557.674
30.97000 571.084
30.98000 587.670
30.99000 602.404
31.00000 614.000
31.01000 623.551
31.02000 636.503
31.03000 664.479
31.04000 694.234
31.05000 729.269
31.06000 780.237
31.07000 832.290
31.08000 867.854
31.09000 900.326
31.10000 924.546
31.11000 968.266
31.12000 1040.009
31.13000 1111.973
31.14000 1181.469
31.15000 1248.608
31.16000 1315.268
31.17000 1404.605
31.18000 1506.809
31.19000 1608.857
31.20000 1706.838
31.21000 1803.022
31.22000 1900.050
31.23000 2007.958
31.24000 2119.195
31.25000 2219.521
31.26000 2371.353
31.27000 2514.074
31.28000 2648.750
31.29000 2743.770
31.30000 2833.435
31.31000 2925.123
31.32000 3023.573
31.33000 3122.567
31.34000 3192.491
31.35000 3207.208
31.36000 3216.695
31.37000 3232.564
31.38000 3258.622
31.39000 3284.813
31.40000 3296.895
31.41000 3293.830
31.42000 3290.773
31.43000 3253.548
31.44000 3192.591
31.45000 3130.765
31.46000 3039.619
31.47000 2934.143
31.48000 2829.176
31.49000 2731.982
31.50000 2637.422
31.51000 2550.938
31.52000 2414.337
31.53000 2282.588
31.54000 2155.626
31.55000 2055.090
31.56000 1958.597
31.57000 1859.966
31.58000 1753.408
31.59000 1646.107
31.60000 1567.928
31.61000 1459.744
31.62000 1375.277
31.63000 1294.020
31.64000 1218.443
31.65000 1142.974
31.66000 1078.185
31.67000 1026.235
31.68000 974.407
31.69000 936.521
31.70000 909.821
31.71000 882.891
31.72000 845.526
31.73000 802.518
31.74000 760.195
31.75000 730.461
31.76000 705.445
31.77000 682.270
31.78000 662.206
31.79000 644.878
31.80000 628.156
31.81000 615.193
31.82000 602.878
31.83000 589.505
31.84000 571.771
31.85000 553.565
31.86000 539.910
31.87000 533.038
31.88000 527.992
31.89000 523.273
31.90000 519.193
31.91000 515.130
31.92000 507.593
31.93000 495.395
31.94000 483.177
31.95000 476.701
31.96000 475.319
31.97000 473.941
31.98000 472.875
31.99000 471.995
32.00000 470.863
32.01000 464.016
32.02000 454.802
32.03000 446.166
32.04000 441.858
32.05000 439.065
32.06000 435.811
32.07000 429.320
32.08000 422.203
32.09000 415.137
32.10000 408.303
32.11000 401.497
32.12000 396.253
32.13000 405.137
32.14000 412.982
32.15000 418.770
32.16000 420.100
32.17000 421.277
32.18000 419.160
32.19000 412.127
32.20000 405.047
32.21000 405.339
32.22000 412.970
32.23000 420.518
32.24000 419.583
32.25000 413.008
32.26000 406.609
32.27000 405.245
32.28000 406.186
32.29000 407.078
32.30000 408.099
32.31000 409.077
32.32000 409.306
32.33000 403.568
32.34000 396.541
32.35000 391.023
32.36000 393.249
32.37000 396.570
32.38000 399.193
32.39000 406.066
32.40000 411.873
32.41000 415.031
32.42000 411.838
32.43000 408.367
32.44000 406.478
32.45000 407.206
32.46000 407.975
32.47000 408.380
32.48000 406.374
32.49000 404.999
32.50000 401.580
32.51000 396.649
32.52000 391.904
32.53000 394.132
32.54000 399.892
32.55000 405.402
32.56000 407.974
32.57000 409.407
32.58000 410.093
32.59000 403.957
32.60000 396.177
32.61000 389.972
32.62000 392.827
32.63000 397.130
32.64000 400.611
32.65000 403.365
32.66000 405.548
32.67000 406.494
32.68000 404.162
32.69000 401.655
32.70000 400.401
32.71000 401.447
32.72000 402.543
32.73000 403.153
32.74000 395.670
32.75000 390.490
32.76000 390.050
32.77000 393.520
32.78000 397.051
32.79000 403.665
32.80000 412.009
32.81000 420.059
32.82000 422.758
32.83000 423.342
32.84000 423.844
32.85000 423.472
32.86000 422.866
32.87000 423.518
32.88000 432.321
32.89000 442.589
32.90000 451.077
32.91000 450.886
32.92000 449.913
32.93000 449.907
32.94000 452.734
32.95000 455.745
32.96000 452.766
32.97000 437.618
32.98000 422.115
32.99000 413.063
33.00000 430.770
33.01000 443.346
33.02000 443.537
33.03000 432.285
33.04000 421.089
33.05000 414.097
33.06000 409.720
33.07000 405.465
33.08000 398.495
33.09000 390.759
33.10000 383.283
33.11000 379.001
33.12000 375.669
33.13000 372.253
33.14000 368.229
33.15000 364.083
33.16000 360.584
33.17000 366.966
33.18000 373.372
33.19000 377.329
33.20000 373.333
33.21000 368.727
33.22000 363.175
33.23000 355.494
33.24000 347.733
33.25000 342.995
33.26000 351.090
33.27000 356.983
33.28000 361.230
33.29000 363.767
33.30000 366.301
33.31000 368.330
33.32000 370.011
33.33000 371.657
33.34000 367.400
33.35000 360.622
33.36000 354.207
33.37000 353.066
33.38000 353.660
33.39000 353.621
33.40000 348.287
33.41000 341.763
33.42000 336.154
33.43000 339.977
33.44000 344.391
33.45000 347.841
33.46000 347.823
33.47000 347.493
33.48000 347.754
33.49000 349.485
33.50000 351.285
33.51000 352.430
33.52000 346.729
33.53000 342.501
33.54000 336.870
33.55000 329.606
33.56000 322.385
33.57000 325.874
33.58000 337.599
33.59000 349.141
33.60000 351.373
33.61000 348.795
33.62000 346.547
33.63000 350.040
33.64000 355.622
33.65000 360.966
33.66000 364.031
33.67000 366.526
33.68000 368.709
33.69000 360.088
33.70000 351.155
33.71000 343.211
33.72000 339.219
33.73000 335.638
33.74000 334.471
33.75000 339.935
33.76000 345.781
33.77000 349.644
33.78000 355.990
33.79000 360.716
33.80000 361.779
33.81000 358.077
33.82000 354.350
33.83000 346.447
33.84000 334.959
33.85000 323.594
33.86000 323.635
33.87000 330.160
33.88000 336.646
33.89000 342.310
33.90000 347.643
33.91000 352.107
33.92000 346.910
33.93000 339.029
33.94000 332.020
33.95000 339.139
33.96000 347.615
33.97000 352.804
33.98000 343.369
33.99000 332.185
34.00000 325.574
34.01000 332.866
34.02000 341.116
34.03000 346.767
34.04000 354.921
34.05000 361.088
34.06000 360.682
34.07000 350.758
34.08000 340.756
34.09000 336.650
34.10000 338.221
34.11000 339.781
34.12000 340.101
34.13000 339.627
34.14000 339.145
34.15000 338.450
34.16000 337.661
34.17000 336.732
34.18000 333.980
34.19000 330.667
34.20000 327.675
34.21000 328.922
34.22000 330.798
34.23000 332.360
34.24000 332.364
34.25000 332.156
34.26000 332.123
34.27000 332.678
34.28000 333.282
34.29000 333.709
34.30000 340.404
34.31000 345.686
34.32000 346.191
34.33000 339.012
34.34000 331.730
34.35000 326.572
34.36000 323.711
34.37000 320.862
34.38000 325.926
34.39000 336.566
34.40000 346.853
34.41000 344.954
34.42000 337.056
34.43000 329.478
34.44000 326.844
34.45000 325.897
34.46000 325.030
34.47000 326.823
34.48000 328.971
34.49000 330.696
34.50000 330.066
34.51000 329.072
34.52000 326.917
34.53000 320.426
34.54000 313.523
34.55000 308.482
34.56000 319.515
34.57000 328.647
34.58000 333.886
34.59000 332.182
34.60000 330.342
34.61000 329.229
34.62000 328.999
34.63000 328.771
34.64000 326.739
34.65000 323.280
34.66000 319.923
34.67000 321.289
34.68000 325.229
34.69000 328.993
34.70000 329.480
34.71000 328.731
34.72000 328.036
34.73000 326.751
34.74000 325.456
34.75000 324.266
34.76000 323.724
34.77000 323.295
34.78000 323.038
34.79000 323.493
34.80000 324.027
34.81000 324.428
34.82000 321.816
34.83000 319.629
34.84000 319.557
34.85000 323.660
34.86000 327.876
34.87000 327.817
34.88000 321.977
34.89000 316.109
34.90000 313.725
34.91000 314.458
34.92000 315.173
34.93000 314.786
34.94000 313.732
34.95000 312.996
34.96000 319.581
34.97000 329.220
34.98000 338.262
34.99000 335.504
35.00000 329.893
35.01000 324.776
35.02000 323.167
35.03000 322.241
35.04000 321.593
35.05000 322.231
35.06000 323.030
35.07000 323.647
35.08000 324.095
35.09000 324.441
35.10000 325.442
35.11000 327.873
35.12000 330.355
35.13000 328.972
35.14000 321.777
35.15000 314.525
35.16000 310.891
35.17000 320.090
35.18000 326.177
35.19000 327.042
35.20000 324.409
35.21000 321.941
35.22000 324.295
35.23000 328.874
35.24000 333.215
35.25000 331.710
35.26000 328.601
35.27000 325.806
35.28000 325.542
35.29000 325.828
35.30000 325.879
35.31000 324.715
35.32000 323.378
35.33000 322.320
35.34000 320.467
35.35000 318.923
35.36000 316.993
35.37000 314.132
35.38000 311.230
35.39000 310.563
35.40000 313.626
35.41000 316.747
35.42000 318.401
35.43000 312.778
35.44000 308.968
35.45000 308.637
35.46000 310.900
35.47000 313.151
35.48000 314.954
35.49000 316.528
35.50000 318.034
35.51000 317.358
35.52000 316.008
35.53000 314.668
35.54000 313.406
35.55000 312.163
35.56000 311.282
35.57000 312.496
35.58000 314.047
35.59000 315.304
35.60000 312.735
35.61000 310.331
35.62000 309.366
35.63000 312.241
35.64000 315.325
35.65000 314.533
35.66000 306.576
35.67000 298.460
35.68000 293.928
35.69000 302.015
35.70000 307.633
35.71000 309.231
35.72000 307.485
35.73000 305.843
35.74000 309.706
35.75000 316.680
35.76000 323.412
35.77000 324.228
35.78000 322.818
35.79000 321.282
35.80000 318.396
35.81000 315.147
35.82000 312.296
35.83000 312.048
35.84000 312.272
35.85000 312.458
35.86000 316.522
35.87000 320.244
35.88000 322.846
35.89000 322.137
35.90000 321.211
35.91000 318.190
35.92000 310.878
35.93000 303.439
35.94000 299.081
35.95000 293.377
35.96000 289.356
35.97000 292.668
35.98000 302.812
35.99000 312.875
36.00000 316.706
36.01000 316.632
36.02000 316.560
36.03000 312.117
36.04000 306.090
36.05000 300.260
36.06000 296.868
36.07000 294.207
36.08000 291.909
36.09000 292.307
36.10000 293.251
36.11000 294.050
36.12000 296.766
36.13000 299.249
36.14000 301.925
36.15000 305.237
36.16000 308.599
36.17000 311.159
36.18000 311.904
36.19000 312.580
36.20000 312.994
36.21000 314.690
36.22000 315.916
36.23000 314.334
36.24000 309.814
36.25000 305.309
36.26000 302.826
36.27000 301.750
36.28000 300.696
36.29000 300.339
36.30000 300.315
36.31000 300.748
36.32000 307.884
36.33000 317.242
36.34000 325.053
36.35000 319.797
36.36000 311.580
36.37000 304.507
36.38000 305.553
36.39000 307.463
36.40000 308.469
36.41000 306.194
36.42000 303.621
36.43000 302.265
36.44000 303.954
36.45000 305.789
36.46000 306.960
36.47000 307.641
36.48000 308.129
36.49000 307.341
36.50000 305.053
36.51000 302.767
36.52000 301.469
36.53000 300.938
36.54000 300.414
36.55000 301.738
36.56000 303.969
36.57000 306.306
36.58000 310.521
36.59000 315.425
36.60000 319.338
36.61000 313.647
36.62000 305.534
36.63000 298.427
36.64000 302.004
36.65000 306.614
36.66000 310.308
36.67000 310.316
36.68000 309.936
36.69000 309.543
36.70000 309.111
36.71000 308.676
36.72000 308.389
36.73000 302.570
36.74000 298.172
36.75000 296.957
36.76000 299.913
36.77000 302.890
36.78000 307.357
36.79000 313.113
36.80000 318.809
36.81000 318.013
36.82000 313.515
36.83000 309.207
36.84000 308.999
36.85000 310.455
36.86000 311.308
36.87000 305.373
36.88000 297.538
36.89000 290.562
36.90000 292.586
36.91000 295.820
36.92000 298.373
36.93000 297.872
36.94000 297.002
36.95000 297.558
36.96000 302.483
36.97000 307.713
36.98000 311.303
36.99000 309.047
37.00000 307.212
37.01000 306.341
37.02000 306.876
37.03000 307.423
37.04000 308.447
37.05000 309.936
37.06000 311.414
37.07000 311.981
37.08000 311.955
37.09000 311.924
37.10000 311.744
37.11000 311.496
37.12000 311.027
37.13000 307.646
37.14000 303.361
37.15000 299.488
37.16000 303.366
37.17000 308.218
37.18000 312.242
37.19000 312.125
37.20000 311.437
37.21000 309.131
37.22000 301.330
37.23000 293.077
37.24000 287.221
37.25000 292.314
37.26000 296.535
37.27000 298.887
37.28000 298.210
37.29000 297.491
37.30000 298.012
37.31000 299.886
37.32000 301.754
37.33000 300.358
37.34000 296.636
37.35000 293.081
37.36000 295.370
37.37000 300.556
37.38000 305.311
37.39000 303.307
37.40000 298.981
37.41000 295.017
37.42000 301.919
37.43000 310.343
37.44000 316.865
37.45000 312.715
37.46000 306.903
37.47000 300.617
37.48000 292.547
37.49000 284.305
37.50000 278.275
37.51000 287.948
37.52000 296.035
37.53000 302.233
37.54000 305.037
37.55000 307.774
37.56000 307.966
37.57000 305.051
37.58000 302.132
37.59000 301.261
37.60000 302.037
37.61000 302.788
37.62000 302.352
37.63000 301.264
37.64000 300.242
37.65000 300.447
37.66000 301.118
37.67000 301.740
37.68000 303.699
37.69000 305.780
37.70000 307.876
37.71000 310.067
37.72000 312.275
37.73000 312.713
37.74000 305.747
37.75000 297.962
37.76000 292.100
37.77000 295.616
37.78000 298.824
37.79000 300.648
37.80000 299.719
37.81000 298.715
37.82000 296.240
37.83000 291.762
37.84000 287.273
37.85000 286.981
37.86000 290.469
37.87000 293.995
37.88000 300.043
37.89000 307.626
37.90000 314.729
37.91000 310.638
37.92000 301.842
37.93000 293.584
37.94000 298.862
37.95000 307.259
37.96000 314.345
37.97000 312.056
37.98000 307.925
37.99000 304.098
38.00000 301.686
38.01000 299.454
38.02000 297.727
38.03000 299.274
38.04000 300.694
38.05000 304.224
38.06000 312.391
38.07000 320.725
38.08000 323.167
38.09000 316.683
38.10000 310.106
38.11000 306.797
38.12000 305.696
38.13000 304.985
38.14000 306.879
38.15000 310.534
38.16000 314.046
38.17000 313.356
38.18000 310.712
38.19000 308.204
38.20000 313.027
38.21000 319.652
38.22000 326.135
38.23000 331.467
38.24000 336.546
38.25000 340.312
38.26000 337.230
38.27000 333.163
38.28000 329.938
38.29000 339.079
38.30000 347.297
38.31000 354.082
38.32000 357.385
38.33000 360.532
38.34000 366.348
38.35000 376.653
38.36000 387.030
38.37000 392.553
38.38000 413.046
38.39000 426.967
38.40000 432.122
38.41000 430.690
38.42000 429.479
38.43000 436.855
38.44000 448.647
38.45000 459.940
38.46000 480.319
38.47000 502.342
38.48000 524.021
38.49000 542.497
38.50000 560.191
38.51000 578.637
38.52000 601.486
38.53000 625.051
38.54000 644.172
38.55000 671.051
38.56000 693.602
38.57000 714.048
38.58000 728.833
38.59000 743.306
38.60000 760.829
38.61000 784.034
38.62000 807.368
38.63000 820.446
38.64000 844.852
38.65000 861.790
38.66000 875.020
38.67000 885.140
38.68000 895.040
38.69000 893.189
38.70000 884.647
38.71000 876.397
38.72000 876.748
38.73000 880.273
38.74000 882.180
38.75000 866.645
38.76000 846.370
38.77000 827.000
38.78000 813.594
38.79000 801.278
38.80000 791.066
38.81000 760.276
38.82000 732.866
38.83000 707.093
38.84000 686.190
38.85000 665.609
38.86000 646.253
38.87000 629.420
38.88000 612.664
38.89000 602.815
38.90000 572.285
38.91000 550.652
38.92000 529.749
38.93000 509.532
38.94000 489.336
38.95000 470.843
38.96000 453.426
38.97000 436.475
38.98000 419.842
38.99000 404.136
39.00000 389.343
39.01000 386.044
39.02000 386.210
39.03000 384.809
39.04000 371.691
39.05000 356.177
39.06000 343.052
39.07000 348.659
39.08000 355.430
39.09000 358.719
39.10000 350.531
39.11000 341.442
39.12000 334.878
39.13000 334.068
39.14000 333.482
39.15000 333.122
39.16000 324.147
39.17000 317.638
39.18000 312.371
39.19000 308.415
39.20000 304.474
39.21000 302.531
39.22000 301.989
39.23000 301.457
39.24000 299.111
39.25000 296.014
39.26000 293.015
39.27000 291.475
39.28000 290.422
39.29000 289.326
39.30000 287.861
39.31000 286.313
39.32000 284.978
39.33000 289.459
39.34000 294.000
39.35000 297.548
39.36000 297.468
39.37000 297.055
39.38000 296.769
39.39000 296.803
39.40000 296.853
39.41000 296.885
39.42000 294.706
39.43000 293.089
39.44000 290.335
39.45000 286.234
39.46000 282.137
39.47000 279.536
39.48000 278.105
39.49000 276.695
39.50000 277.853
39.51000 280.304
39.52000 282.306
39.53000 276.264
39.54000 267.252
39.55000 259.700
39.56000 266.464
39.57000 276.865
39.58000 285.988
39.59000 292.068
39.60000 296.847
39.61000 299.253
39.62000 292.031
39.63000 283.785
39.64000 277.475
39.65000 276.560
39.66000 275.964
39.67000 275.567
39.68000 276.527
39.69000 277.261
39.70000 277.057
39.71000 275.613
39.72000 274.162
39.73000 272.006
39.74000 269.234
39.75000 266.491
39.76000 269.368
39.77000 275.431
39.78000 281.221
39.79000 281.017
39.80000 278.366
39.81000 275.976
39.82000 276.561
39.83000 277.984
39.84000 279.253
39.85000 274.589
39.86000 269.552
39.87000 265.303
39.88000 264.620
39.89000 264.370
39.90000 266.731
39.91000 277.143
39.92000 288.124
39.93000 295.682
39.94000 290.312
39.95000 285.959
39.96000 282.960
39.97000 281.952
39.98000 280.962
39.99000 281.846
40.00000 284.566
40.01000 287.269
40.02000 284.296
40.03000 277.703
40.04000 271.190
40.05000 266.888
40.06000 263.584
40.07000 260.676
40.08000 263.055
40.09000 267.086
40.10000 270.733
40.11000 271.642
40.12000 271.930
40.13000 271.201
40.14000 265.342
40.15000 258.771
40.16000 254.281
40.17000 256.901
40.18000 260.113
40.19000 262.397
40.20000 266.632
40.21000 269.919
40.22000 272.222
40.23000 272.919
40.24000 273.594
40.25000 272.915
40.26000 270.746
40.27000 268.584
40.28000 267.785
40.29000 267.977
40.30000 267.975
40.31000 261.061
40.32000 250.694
40.33000 241.001
40.34000 241.984
40.35000 246.663
40.36000 250.955
40.37000 259.416
40.38000 267.838
40.39000 274.778
40.40000 273.331
40.41000 270.566
40.42000 267.971
40.43000 266.016
40.44000 264.123
40.45000 262.735
40.46000 263.773
40.47000 264.672
40.48000 265.564
40.49000 266.444
40.50000 267.324
40.51000 268.664
40.52000 270.571
40.53000 272.477
40.54000 270.518
40.55000 265.441
40.56000 260.453
40.57000 259.854
40.58000 261.681
40.59000 263.324
40.60000 261.440
40.61000 258.206
40.62000 255.202
40.63000 257.640
40.64000 261.134
40.65000 264.056
40.66000 263.336
40.67000 261.973
40.68000 259.857
40.69000 254.572
40.70000 248.933
40.71000 244.678
40.72000 250.090
40.73000 254.807
40.74000 257.850
40.75000 257.541
40.76000 257.137
40.77000 255.837
40.78000 253.304
40.79000 250.765
40.80000 254.891
40.81000 265.067
40.82000 275.088
40.83000 274.206
40.84000 266.643
40.85000 259.262
40.86000 256.196
40.87000 254.957
40.88000 253.793
40.89000 253.347
40.90000 253.132
40.91000 252.898
40.92000 252.528
40.93000 252.130
40.94000 251.860
40.95000 252.186
40.96000 252.588
40.97000 252.900
40.98000 251.131
40.99000 249.602
41.00000 249.523
41.01000 252.656
41.02000 255.905
41.03000 257.069
41.04000 255.051
41.05000 252.998
41.06000 251.961
41.07000 256.971
41.08000 260.283
41.09000 259.057
41.10000 254.744
41.11000 250.665
41.12000 253.623
41.13000 259.876
41.14000 265.812
41.15000 262.321
41.16000 256.277
41.17000 250.585
41.18000 247.786
41.19000 245.628
41.20000 243.480
41.21000 241.387
41.22000 239.302
41.23000 237.646
41.24000 241.745
41.25000 245.454
41.26000 249.028
41.27000 252.273
41.28000 255.503
41.29000 255.659
41.30000 250.606
41.31000 245.469
41.32000 242.723
41.33000 240.994
41.34000 239.831
41.35000 242.195
41.36000 247.229
41.37000 252.098
41.38000 250.423
41.39000 245.360
41.40000 240.508
41.41000 241.305
41.42000 243.940
41.43000 246.457
41.44000 247.860
41.45000 248.988
41.46000 249.888
41.47000 249.442
41.48000 248.776
41.49000 248.235
41.50000 250.309
41.51000 252.218
41.52000 254.470
41.53000 257.647
41.54000 260.876
41.55000 262.046
41.56000 259.352
41.57000 256.568
41.58000 255.002
41.59000 247.203
41.60000 241.785
41.61000 242.682
41.62000 248.917
41.63000 255.043
41.64000 255.121
41.65000 251.732
41.66000 248.455
41.67000 246.060
41.68000 244.131
41.69000 242.274
41.70000 241.202
41.71000 240.344
41.72000 239.671
41.73000 240.222
41.74000 240.997
41.75000 241.641
41.76000 240.981
41.77000 240.308
41.78000 238.735
41.79000 234.464
41.80000 230.012
41.81000 229.080
41.82000 235.457
41.83000 242.060
41.84000 245.954
41.85000 248.500
41.86000 250.291
41.87000 251.049
41.88000 250.830
41.89000 250.569
41.90000 246.769
41.91000 240.721
41.92000 234.831
41.93000 234.445
41.94000 236.379
41.95000 238.472
41.96000 242.604
41.97000 247.355
41.98000 251.617
41.99000 252.191
42.00000 252.005
42.01000 251.848
42.02000 246.469
42.03000 241.378
42.04000 236.904
42.05000 234.478
42.06000 232.215
42.07000 233.238
42.08000 241.805
42.09000 250.671
42.10000 256.133
42.11000 243.832
42.12000 234.844
42.13000 233.513
42.14000 240.335
42.15000 247.130
42.16000 249.899
42.17000 249.824
42.18000 249.750
42.19000 247.004
42.20000 243.114
42.21000 239.447
42.22000 239.150
42.23000 239.986
42.24000 240.631
42.25000 239.623
42.26000 238.235
42.27000 237.037
42.28000 239.048
42.29000 241.169
42.30000 242.778
42.31000 242.507
42.32000 242.061
42.33000 241.548
42.34000 240.863
42.35000 240.169
42.36000 239.724
42.37000 245.223
42.38000 249.313
42.39000 252.662
42.40000 255.128
42.41000 257.578
42.42000 255.899
42.43000 250.969
42.44000 246.111
42.45000 245.350
42.46000 246.747
42.47000 247.927
42.48000 245.183
42.49000 240.978
42.50000 236.782
42.51000 232.682
42.52000 228.605
42.53000 225.025
42.54000 228.440
42.55000 232.403
42.56000 236.255
42.57000 239.652
42.58000 243.000
42.59000 244.851
42.60000 242.497
42.61000 239.892
42.62000 238.156
42.63000 237.624
42.64000 237.253
42.65000 237.359
42.66000 238.101
42.67000 238.846
42.68000 239.003
42.69000 238.644
42.70000 238.289
42.71000 237.882
42.72000 237.453
42.73000 237.031
42.74000 236.770
42.75000 236.575
42.76000 236.260
42.77000 234.556
42.78000 232.458
42.79000 230.586
42.80000 236.481
42.81000 242.909
42.82000 246.963
42.83000 240.204
42.84000 232.114
42.85000 226.045
42.86000 226.257
42.87000 226.918
42.88000 227.374
42.89000 231.219
42.90000 234.194
42.91000 237.208
42.92000 240.279
42.93000 243.351
42.94000 244.110
42.95000 242.584
42.96000 241.067
42.97000 240.455
42.98000 240.441
42.99000 240.318
43.00000 237.142
43.01000 232.577
43.02000 228.361
43.03000 228.841
43.04000 230.802
43.05000 232.577
43.06000 234.555
43.07000 236.336
43.08000 237.699
43.09000 236.929
43.10000 235.861
43.11000 235.829
43.12000 239.365
43.13000 243.201
43.14000 245.936
43.15000 239.156
43.16000 233.676
43.17000 232.206
43.18000 237.330
43.19000 242.551
43.20000 244.542
43.21000 242.952
43.22000 241.365
43.23000 237.673
43.24000 232.480
43.25000 227.447
43.26000 228.271
43.27000 232.043
43.28000 235.633
43.29000 236.297
43.30000 235.942
43.31000 235.616
43.32000 239.025
43.33000 242.863
43.34000 245.372
43.35000 240.298
43.36000 234.023
43.37000 229.255
43.38000 230.240
43.39000 231.788
43.40000 232.926
43.41000 231.977
43.42000 231.158
43.43000 230.420
43.44000 229.830
43.45000 229.244
43.46000 228.791
43.47000 228.503
43.48000 228.215
43.49000 225.926
43.50000 222.010
43.51000 218.227
43.52000 221.067
43.53000 227.596
43.54000 233.777
43.55000 233.185
43.56000 229.980
43.57000 227.002
43.58000 226.318
43.59000 226.251
43.60000 226.458
43.61000 228.424
43.62000 230.703
43.63000 232.531
43.64000 232.441
43.65000 232.135
43.66000 231.904
43.67000 225.957
43.68000 221.008
43.69000 218.566
43.70000 221.183
43.71000 223.944
43.72000 224.474
43.73000 221.914
43.74000 219.335
43.75000 219.700
43.76000 222.758
43.77000 225.801
43.78000 227.671
43.79000 228.816
43.80000 230.020
43.81000 232.654
43.82000 235.897
43.83000 238.946
43.84000 239.713
43.85000 239.799
43.86000 238.999
43.87000 231.757
43.88000 223.229
43.89000 216.818
43.90000 220.439
43.91000 225.354
43.92000 229.168
43.93000 229.787
43.94000 230.086
43.95000 230.854
43.96000 232.669
43.97000 234.523
43.98000 232.851
43.99000 225.755
44.00000 218.599
44.01000 214.968
44.02000 221.430
44.03000 225.761
44.04000 230.379
44.05000 235.193
44.06000 239.930
44.07000 242.344
44.08000 243.661
44.09000 244.912
44.10000 243.526
44.11000 241.449
44.12000 239.288
44.13000 236.423
44.14000 233.402
44.15000 231.435
44.16000 235.058
44.17000 239.500
44.18000 243.034
44.19000 233.357
44.20000 224.612
44.21000 219.686
44.22000 224.184
44.23000 229.118
44.24000 234.132
44.25000 239.280
44.26000 244.431
44.27000 247.193
44.28000 254.943
44.29000 260.210
44.30000 259.104
44.31000 253.135
44.32000 247.251
44.33000 244.816
44.34000 244.180
44.35000 243.571
44.36000 242.004
44.37000 240.218
44.38000 238.785
44.39000 240.709
44.40000 243.467
44.41000 245.638
44.42000 244.315
44.43000 242.414
44.44000 240.867
44.45000 244.717
44.46000 248.316
44.47000 250.828
44.48000 250.374
44.49000 249.752
44.50000 250.833
44.51000 255.132
44.52000 259.507
44.53000 261.976
44.54000 263.500
44.55000 264.559
44.56000 266.988
44.57000 270.584
44.58000 274.169
44.59000 277.194
44.60000 279.893
44.61000 282.504
44.62000 287.592
44.63000 293.329
44.64000 298.648
44.65000 299.351
44.66000 298.782
44.67000 299.095
44.68000 305.335
44.69000 312.675
44.70000 318.780
44.71000 317.639
44.72000 315.984
44.73000 316.900
44.74000 325.576
44.75000 334.780
44.76000 342.095
44.77000 345.459
44.78000 348.699
44.79000 350.616
44.80000 366.586
44.81000 377.951
44.82000 388.346
44.83000 397.816
44.84000 407.219
44.85000 411.049
44.86000 411.307
44.87000 411.559
44.88000 414.504
44.89000 418.447
44.90000 423.051
44.91000 436.164
44.92000 451.880
44.93000 465.784
44.94000 465.892
44.95000 463.133
44.96000 460.793
44.97000 472.306
44.98000 483.528
44.99000 489.897
45.00000 480.037
45.01000 468.871
45.02000 466.139
45.03000 482.908
45.04000 500.462
45.05000 511.309
45.06000 511.495
45.07000 511.529
45.08000 505.561
45.09000 493.146
45.10000 480.765
45.11000 473.482
45.12000 469.830
45.13000 466.249
45.14000 468.025
45.15000 472.256
45.16000 475.290
45.17000 460.049
45.18000 438.619
45.19000 418.817
45.20000 413.175
45.21000 410.816
45.22000 408.778
45.23000 400.590
45.24000 392.836
45.25000 386.350
45.26000 384.564
45.27000 383.220
45.28000 378.939
45.29000 367.152
45.30000 354.989
45.31000 347.165
45.32000 345.443
45.33000 344.271
45.34000 343.732
45.35000 343.955
45.36000 344.170
45.37000 341.884
45.38000 337.613
45.39000 333.402
45.40000 327.470
45.41000 320.802
45.42000 314.300
45.43000 310.847
45.44000 308.535
45.45000 306.319
45.46000 305.066
45.47000 304.060
45.48000 303.176
45.49000 297.899
45.50000 292.709
45.51000 287.975
45.52000 285.119
45.53000 282.468
45.54000 280.532
45.55000 280.620
45.56000 280.831
45.57000 280.972
45.58000 282.118
45.59000 282.986
45.60000 280.005
45.61000 271.857
45.62000 263.688
45.63000 261.561
45.64000 264.794
45.65000 267.995
45.66000 267.013
45.67000 263.595
45.68000 260.301
45.69000 259.811
45.70000 260.483
45.71000 260.375
45.72000 251.207
45.73000 239.445
45.74000 228.938
45.75000 235.050
45.76000 243.175
45.77000 249.328
45.78000 246.429
45.79000 242.405
45.80000 240.191
45.81000 243.639
45.82000 247.498
45.83000 250.166
45.84000 239.783
45.85000 231.636
45.86000 227.507
45.87000 229.378
45.88000 231.306
45.89000 230.029
45.90000 225.560
45.91000 221.118
45.92000 220.380
45.93000 222.084
45.94000 223.720
45.95000 223.446
45.96000 222.297
45.97000 221.142
45.98000 219.909
45.99000 218.650
46.00000 217.510
46.01000 222.846
46.02000 228.786
46.03000 232.667
46.04000 225.984
46.05000 217.807
46.06000 211.958
46.07000 214.182
46.08000 217.094
46.09000 219.174
46.10000 215.984
46.11000 213.375
46.12000 211.321
46.13000 210.187
46.14000 209.066
46.15000 208.925
46.16000 209.880
46.17000 210.832
46.18000 211.902
46.19000 213.049
46.20000 214.162
46.21000 213.944
46.22000 213.052
46.23000 212.078
46.24000 209.758
46.25000 206.964
46.26000 204.398
46.27000 206.652
46.28000 209.702
46.29000 211.885
46.30000 209.081
46.31000 205.481
46.32000 203.334
46.33000 206.782
46.34000 210.784
46.35000 213.731
46.36000 209.190
46.37000 205.364
46.38000 203.450
46.39000 205.046
46.40000 206.719
46.41000 208.679
46.42000 210.999
46.43000 213.318
46.44000 210.494
46.45000 203.448
46.46000 196.558
46.47000 197.635
46.48000 203.181
46.49000 208.571
46.50000 210.884
46.51000 212.003
46.52000 213.044
46.53000 211.688
46.54000 209.883
46.55000 208.406
46.56000 209.051
46.57000 210.078
46.58000 210.586
46.59000 208.873
46.60000 206.906
46.61000 205.417
46.62000 200.151
46.63000 195.826
46.64000 193.296
46.65000 194.413
46.66000 195.637
46.67000 197.248
46.68000 199.398
46.69000 201.552
46.70000 201.728
46.71000 200.079
46.72000 198.443
46.73000 197.824
46.74000 197.837
46.75000 197.815
46.76000 196.943
46.77000 195.707
46.78000 194.544
46.79000 192.418
46.80000 190.214
46.81000 189.045
46.82000 195.474
46.83000 203.434
46.84000 209.594
46.85000 207.159
46.86000 203.605
46.87000 200.841
46.88000 202.694
46.89000 204.451
46.90000 204.658
46.91000 201.383
46.92000 197.978
46.93000 194.661
46.94000 191.481
46.95000 188.303
46.96000 186.684
46.97000 190.697
46.98000 193.363
46.99000 192.840
47.00000 190.113
47.01000 187.632
47.02000 192.809
47.03000 201.623
47.04000 210.003
47.05000 208.375
47.06000 203.826
47.07000 199.510
47.08000 197.150
47.09000 195.229
47.10000 193.271
47.11000 191.113
47.12000 188.925
47.13000 187.181
47.14000 191.511
47.15000 195.444
47.16000 198.475
47.17000 199.265
47.18000 199.950
47.19000 201.257
47.20000 203.635
47.21000 206.031
47.22000 207.322
47.23000 201.796
47.24000 198.019
47.25000 196.012
47.26000 195.365
47.27000 194.709
47.28000 193.671
47.29000 192.432
47.30000 191.243
47.31000 189.394
47.32000 187.442
47.33000 186.113
47.34000 190.775
47.35000 196.935
47.36000 201.482
47.37000 196.343
47.38000 189.589
47.39000 184.082
47.40000 185.905
47.41000 188.020
47.42000 189.135
47.43000 187.502
47.44000 185.712
47.45000 184.518
47.46000 184.462
47.47000 184.432
47.48000 184.416
47.49000 191.737
47.50000 196.845
47.51000 196.760
47.52000 192.215
47.53000 187.745
47.54000 187.654
47.55000 190.112
47.56000 192.489
47.57000 191.443
47.58000 189.151
47.59000 187.193
47.60000 188.946
47.61000 191.729
47.62000 194.085
47.63000 193.541
47.64000 192.455
47.65000 191.550
47.66000 191.726
47.67000 191.979
47.68000 192.714
47.69000 194.914
47.70000 197.214
47.71000 198.479
47.72000 197.561
47.73000 196.573
47.74000 195.987
47.75000 197.265
47.76000 198.180
47.77000 196.283
47.78000 191.678
47.79000 187.140
47.80000 188.398
47.81000 193.398
47.82000 198.271
47.83000 197.498
47.84000 194.362
47.85000 191.369
47.86000 190.250
47.87000 189.708
47.88000 189.409
47.89000 190.975
47.90000 192.932
47.91000 194.595
47.92000 192.696
47.93000 190.694
47.94000 188.991
47.95000 188.293
47.96000 187.676
47.97000 187.064
47.98000 186.460
47.99000 185.856
48.00000 185.482
48.01000 182.816
48.02000 180.875
48.03000 180.236
48.04000 181.006
48.05000 181.776
48.06000 182.544
48.07000 183.311
48.08000 184.063
48.09000 185.049
48.10000 186.109
48.11000 186.943
48.12000 184.282
48.13000 180.429
48.14000 177.024
48.15000 177.558
48.16000 179.013
48.17000 180.271
48.18000 179.431
48.19000 178.442
48.20000 178.108
48.21000 180.225
48.22000 182.575
48.23000 184.738
48.24000 186.421
48.25000 188.079
48.26000 189.149
48.27000 184.593
48.28000 181.184
48.29000 180.517
48.30000 183.174
48.31000 185.839
48.32000 188.801
48.33000 192.003
48.34000 195.160
48.35000 194.141
48.36000 190.939
48.37000 187.848
48.38000 186.841
48.39000 186.619
48.40000 186.409
48.41000 186.314
48.42000 186.249
48.43000 186.191
48.44000 187.397
48.45000 188.625
48.46000 189.814
48.47000 190.844
48.48000 191.856
48.49000 191.816
48.50000 188.777
48.51000 185.554
48.52000 183.395
48.53000 188.346
48.54000 192.160
48.55000 192.352
48.56000 187.647
48.57000 182.917
48.58000 181.451
48.59000 182.905
48.60000 184.345
48.61000 185.593
48.62000 186.702
48.63000 187.658
48.64000 185.071
48.65000 181.006
48.66000 177.497
48.67000 180.538
48.68000 185.468
48.69000 189.876
48.70000 190.734
48.71000 190.879
48.72000 190.316
48.73000 186.479
48.74000 182.232
48.75000 178.676
48.76000 177.299
48.77000 176.083
48.78000 175.239
48.79000 180.252
48.80000 184.180
48.81000 185.712
48.82000 183.640
48.83000 181.532
48.84000 179.792
48.85000 178.420
48.86000 177.057
48.87000 177.346
48.88000 178.723
48.89000 179.991
48.90000 178.080
48.91000 174.702
48.92000 171.656
48.93000 173.205
48.94000 176.224
48.95000 178.963
48.96000 182.706
48.97000 186.202
48.98000 188.605
48.99000 185.350
49.00000 181.287
49.01000 179.079
49.02000 183.347
49.03000 188.174
49.04000 191.630
49.05000 190.224
49.06000 188.986
49.07000 187.721
49.08000 186.412
49.09000 185.102
49.10000 184.428
49.11000 184.472
49.12000 184.516
49.13000 184.339
49.14000 184.000
49.15000 183.614
49.16000 181.476
49.17000 178.444
49.18000 175.649
49.19000 176.783
49.20000 179.306
49.21000 181.627
49.22000 182.561
49.23000 183.095
49.24000 184.095
49.25000 187.793
49.26000 191.926
49.27000 194.305
49.28000 189.880
49.29000 184.774
49.30000 181.007
49.31000 187.652
49.32000 193.241
49.33000 193.307
49.34000 183.162
49.35000 172.792
49.36000 168.958
49.37000 173.366
49.38000 177.796
49.39000 180.369
49.40000 181.394
49.41000 182.382
49.42000 181.453
49.43000 179.439
49.44000 177.544
49.45000 178.024
49.46000 179.433
49.47000 180.745
49.48000 177.561
49.49000 173.585
49.50000 170.977
49.51000 177.319
49.52000 185.283
49.53000 191.607
49.54000 190.857
49.55000 189.293
49.56000 188.106
49.57000 192.087
49.58000 195.482
49.59000 195.587
49.60000 188.958
49.61000 182.130
49.62000 178.219
49.63000 178.405
49.64000 178.620
49.65000 180.002
49.66000 182.471
49.67000 184.878
49.68000 182.495
49.69000 177.111
49.70000 172.043
49.71000 174.833
49.72000 181.022
49.73000 186.850
49.74000 185.405
49.75000 182.092
49.76000 178.888
49.77000 176.496
49.78000 174.270
49.79000 173.536
49.80000 179.986
49.81000 187.381
49.82000 193.141
49.83000 188.253
49.84000 183.701
49.85000 179.833
49.86000 177.515
49.87000 175.256
49.88000 173.647
49.89000 173.050
49.90000 172.465
49.91000 172.165
49.92000 178.334
49.93000 182.480
49.94000 186.862
49.95000 191.407
49.96000 195.723
49.97000 192.751
49.98000 186.292
49.99000 180.147
50.00000 181.971
50.01000 186.102
50.02000 189.506
50.03000 186.756
50.04000 182.613
50.05000 179.440
50.06000 181.490
50.07000 184.319
50.08000 186.577
50.09000 183.362
50.10000 180.364
50.11000 178.938
50.12000 181.447
50.13000 184.143
50.14000 185.245
50.15000 183.587
50.16000 181.879
50.17000 180.956
50.18000 186.088
50.19000 189.591
50.20000 188.904
50.21000 184.970
50.22000 181.124
50.23000 181.045
50.24000 182.961
50.25000 184.799
50.26000 186.880
50.27000 188.909
50.28000 190.854
50.29000 191.973
50.30000 192.884
50.31000 194.247
50.32000 198.351
50.33000 202.915
50.34000 206.643
50.35000 205.641
50.36000 204.414
50.37000 203.753
50.38000 204.658
50.39000 205.654
50.40000 207.208
50.41000 209.830
50.42000 212.480
50.43000 213.985
50.44000 208.671
50.45000 204.957
50.46000 208.125
50.47000 217.253
50.48000 226.310
50.49000 231.197
50.50000 233.638
50.51000 236.002
50.52000 237.118
50.53000 237.695
50.54000 239.006
50.55000 248.569
50.56000 260.442
50.57000 270.405
50.58000 267.310
50.59000 261.750
50.60000 257.112
50.61000 263.740
50.62000 270.364
50.63000 275.658
50.64000 276.880
50.65000 277.819
50.66000 276.960
50.67000 272.289
50.68000 267.493
50.69000 264.637
50.70000 275.133
50.71000 282.649
50.72000 282.494
50.73000 274.888
50.74000 267.368
50.75000 267.548
50.76000 272.736
50.77000 277.796
50.78000 268.896
50.79000 254.419
50.80000 241.251
50.81000 245.335
50.82000 254.775
50.83000 263.044
50.84000 262.234
50.85000 259.508
50.86000 257.188
50.87000 255.138
50.88000 253.446
50.89000 251.203
50.90000 247.089
50.91000 242.822
50.92000 238.145
50.93000 232.507
50.94000 226.829
50.95000 223.299
50.96000 223.943
50.97000 224.448
50.98000 223.214
50.99000 220.082
51.00000 216.952
51.01000 214.383
51.02000 212.220
51.03000 210.097
51.04000 207.920
51.05000 205.795
51.06000 203.695
51.07000 201.965
51.08000 200.362
51.09000 198.665
51.10000 196.134
51.11000 193.407
51.12000 191.043
51.13000 190.137
51.14000 189.559
51.15000 188.462
51.16000 185.413
51.17000 182.177
51.18000 180.827
51.19000 184.369
51.20000 188.163
51.21000 190.617
51.22000 196.125
51.23000 200.199
51.24000 198.778
51.25000 190.645
51.26000 182.514
51.27000 180.941
51.28000 184.654
51.29000 188.318
51.30000 187.666
51.31000 184.728
51.32000 181.714
51.33000 177.267
51.34000 172.276
51.35000 168.146
51.36000 172.828
51.37000 179.815
51.38000 185.974
51.39000 181.374
51.40000 175.785
51.41000 171.895
51.42000 175.121
51.43000 179.134
51.44000 181.721
51.45000 180.215
51.46000 178.455
51.47000 177.273
51.48000 178.700
51.49000 179.814
51.50000 177.504
51.51000 170.529
51.52000 163.531
51.53000 162.612
51.54000 167.172
51.55000 171.692
51.56000 170.511
51.57000 165.954
51.58000 161.488
51.59000 159.154
51.60000 157.717
51.61000 156.625
51.62000 159.643
51.63000 163.855
51.64000 167.625
51.65000 171.395
51.66000 174.685
51.67000 177.300
51.68000 176.762
51.69000 175.825
51.70000 174.315
51.71000 170.986
51.72000 167.522
51.73000 165.115
51.74000 160.615
51.75000 157.167
51.76000 156.835
51.77000 161.223
51.78000 165.659
51.79000 168.066
51.80000 168.417
51.81000 168.766
51.82000 167.945
51.83000 166.354
51.84000 164.777
51.85000 163.596
51.86000 162.598
51.87000 161.859
51.88000 164.731
51.89000 168.765
51.90000 172.430
51.91000 171.204
51.92000 169.173
51.93000 167.819
51.94000 170.004
51.95000 172.697
51.96000 173.592
51.97000 168.155
51.98000 162.166
51.99000 157.869
52.00000 162.522
52.01000 166.388
52.02000 168.021
52.03000 165.898
52.04000 163.715
52.05000 163.353
52.06000 165.059
52.07000 166.763
52.08000 165.860
52.09000 163.018
52.10000 160.228
52.11000 159.455
52.12000 159.718
52.13000 159.988
52.14000 160.381
52.15000 160.816
52.16000 161.218
52.17000 165.269
52.18000 169.691
52.19000 173.182
52.20000 171.227
52.21000 168.386
52.22000 165.914
52.23000 164.883
52.24000 163.998
52.25000 163.343
52.26000 159.571
52.27000 156.512
52.28000 155.608
52.29000 158.717
52.30000 161.917
52.31000 162.457
52.32000 159.618
52.33000 156.770
52.34000 158.707
52.35000 164.639
52.36000 170.477
52.37000 171.245
52.38000 169.128
52.39000 167.209
52.40000 169.317
52.41000 173.012
52.42000 176.456
52.43000 174.507
52.44000 171.416
52.45000 168.738
52.46000 168.787
52.47000 169.334
52.48000 169.976
52.49000 171.029
52.50000 172.131
52.51000 172.968
52.52000 167.513
52.53000 162.893
52.54000 159.966
52.55000 160.526
52.56000 161.192
52.57000 162.022
52.58000 163.084
52.59000 164.147
52.60000 165.877
52.61000 168.232
52.62000 170.574
52.63000 171.860
52.64000 172.480
52.65000 173.096
52.66000 173.639
52.67000 174.150
52.68000 174.631
52.69000 173.594
52.70000 172.225
52.71000 170.319
52.72000 164.393
52.73000 157.645
52.74000 152.623
52.75000 155.977
52.76000 160.442
52.77000 163.926
52.78000 170.474
52.79000 175.888
52.80000 177.551
52.81000 170.665
52.82000 163.446
52.83000 157.940
52.84000 155.129
52.85000 152.350
52.86000 150.923
52.87000 150.507
52.88000 150.243
52.89000 152.095
52.90000 155.430
52.91000 158.589
52.92000 156.020
52.93000 150.692
52.94000 145.618
52.95000 149.010
52.96000 154.767
52.97000 159.879
52.98000 159.493
52.99000 157.852
53.00000 156.288
53.01000 155.142
53.02000 154.058
53.03000 153.192
53.04000 156.641
53.05000 159.749
53.06000 163.205
53.07000 167.538
53.08000 171.913
53.09000 172.189
53.10000 165.312
53.11000 158.305
53.12000 154.504
53.13000 160.406
53.14000 164.450
53.15000 165.064
53.16000 162.998
53.17000 161.013
53.18000 162.509
53.19000 165.861
53.20000 169.081
53.21000 167.917
53.22000 165.311
53.23000 162.587
53.24000 158.707
53.25000 154.534
53.26000 151.187
53.27000 152.887
53.28000 155.443
53.29000 157.534
53.30000 160.094
53.31000 162.231
53.32000 164.944
53.33000 169.260
53.34000 173.671
53.35000 174.639
53.36000 168.957
53.37000 163.107
53.38000 159.771
53.39000 158.739
53.40000 158.032
53.41000 160.968
53.42000 167.084
53.43000 173.082
53.44000 171.827
53.45000 166.288
53.46000 160.923
53.47000 159.240
53.48000 159.071
53.49000 158.929
53.50000 159.093
53.51000 159.344
53.52000 159.778
53.53000 161.469
53.54000 163.400
53.55000 165.013
53.56000 161.968
53.57000 158.969
53.58000 157.148
53.59000 158.959
53.60000 161.027
53.61000 161.577
53.62000 158.882
53.63000 156.080
53.64000 154.406
53.65000 154.480
53.66000 154.544
53.67000 154.505
53.68000 154.365
53.69000 154.252
53.70000 156.559
53.71000 160.453
53.72000 164.251
53.73000 166.173
53.74000 167.199
53.75000 167.948
53.76000 165.011
53.77000 160.922
53.78000 157.836
53.79000 162.607
53.80000 169.051
53.81000 174.539
53.82000 169.214
53.83000 163.475
53.84000 158.646
53.85000 156.932
53.86000 155.478
53.87000 155.701
53.88000 159.889
53.89000 164.243
53.90000 166.959
53.91000 168.064
53.92000 168.844
53.93000 166.935
53.94000 162.066
53.95000 157.198
53.96000 152.692
53.97000 148.450
53.98000 144.286
53.99000 148.113
54.00000 155.658
54.01000 162.774
54.02000 163.098
54.03000 161.072
54.04000 159.187
54.05000 158.563
54.06000 158.237
54.07000 157.955
54.08000 158.598
54.09000 159.270
54.10000 157.830
54.11000 148.380
54.12000 138.153
54.13000 132.782
54.14000 140.099
54.15000 148.077
54.16000 153.253
54.17000 155.170
54.18000 156.525
54.19000 157.199
54.20000 157.037
54.21000 156.875
54.22000 157.672
54.23000 159.249
54.24000 160.805
54.25000 161.323
54.26000 161.269
54.27000 161.201
54.28000 160.883
54.29000 160.468
54.30000 159.916
54.31000 157.951
54.32000 155.612
54.33000 153.549
54.34000 152.442
54.35000 151.633
54.36000 151.412
54.37000 153.675
54.38000 156.215
54.39000 158.605
54.40000 160.558
54.41000 162.484
54.42000 163.780
54.43000 168.204
54.44000 171.557
54.45000 172.103
54.46000 168.792
54.47000 165.459
54.48000 163.233
54.49000 162.013
54.50000 160.804
54.51000 159.782
54.52000 158.893
54.53000 157.997
54.54000 156.932
54.55000 155.796
54.56000 154.792
54.57000 155.381
54.58000 156.435
54.59000 157.381
54.60000 160.871
54.61000 164.360
54.62000 166.791
54.63000 164.248
54.64000 161.069
54.65000 158.759
54.66000 159.229
54.67000 159.907
54.68000 160.380
54.69000 157.666
54.70000 155.531
54.71000 155.044
54.72000 157.070
54.73000 159.123
54.74000 157.822
54.75000 153.093
54.76000 148.390
54.77000 151.230
54.78000 159.106
54.79000 166.714
54.80000 166.279
54.81000 162.078
54.82000 158.346
54.83000 161.266
54.84000 166.343
54.85000 170.960
54.86000 167.840
54.87000 163.568
54.88000 160.539
54.89000 164.049
54.90000 168.508
54.91000 171.055
54.92000 166.820
54.93000 161.989
54.94000 158.514
54.95000 163.835
54.96000 168.215
54.97000 171.091
54.98000 171.419
54.99000 171.705
55.00000 171.126
55.01000 169.555
55.02000 167.987
55.03000 167.936
55.04000 169.026
55.05000 170.129
55.06000 171.732
55.07000 173.595
55.08000 175.373
55.09000 175.730
55.10000 175.576
55.11000 175.434
55.12000 173.165
55.13000 170.665
55.14000 168.121
55.15000 165.320
55.16000 162.476
55.17000 160.533
55.18000 162.138
55.19000 164.106
55.20000 165.564
55.21000 170.954
55.22000 175.309
55.23000 177.427
55.24000 175.346
55.25000 173.168
55.26000 172.861
55.27000 174.952
55.28000 177.049
55.29000 177.425
55.30000 176.350
55.31000 175.310
55.32000 176.203
55.33000 178.204
55.34000 180.172
55.35000 181.459
55.36000 182.475
55.37000 183.423
55.38000 192.406
55.39000 202.536
55.40000 210.643
55.41000 205.291
55.42000 197.461
55.43000 192.858
55.44000 202.402
55.45000 213.607
55.46000 222.142
55.47000 217.286
55.48000 212.755
55.49000 210.215
55.50000 211.811
55.51000 213.535
55.52000 216.893
55.53000 222.584
55.54000 228.292
55.55000 234.174
55.56000 240.221
55.57000 246.255
55.58000 251.322
55.59000 255.772
55.60000 260.583
55.61000 274.665
55.62000 292.816
55.63000 309.935
55.64000 315.198
55.65000 316.720
55.66000 318.789
55.67000 324.983
55.68000 332.028
55.69000 340.480
55.70000 355.820
55.71000 372.082
55.72000 384.795
55.73000 396.878
55.74000 406.482
55.75000 415.384
55.76000 422.677
55.77000 429.907
55.78000 445.045
55.79000 472.718
55.80000 500.548
55.81000 514.903
55.82000 528.799
55.83000 538.174
55.84000 549.394
55.85000 561.919
55.86000 574.052
55.87000 573.208
55.88000 566.066
55.89000 559.262
55.90000 567.353
55.91000 579.493
55.92000 590.140
55.93000 587.932
55.94000 582.767
55.95000 577.926
55.96000 574.866
55.97000 572.075
55.98000 569.840
55.99000 569.048
56.00000 568.516
56.01000 564.837
56.02000 553.171
56.03000 541.111
56.04000 529.871
56.05000 520.072
56.06000 510.300
56.07000 504.979
56.08000 485.847
56.09000 472.709
56.10000 461.903
56.11000 452.935
56.12000 444.015
56.13000 437.236
56.14000 431.607
56.15000 426.195
56.16000 413.320
56.17000 398.657
56.18000 384.587
56.19000 376.391
56.20000 369.700
56.21000 362.476
56.22000 351.975
56.23000 340.914
56.24000 331.854
56.25000 318.388
56.26000 306.959
56.27000 297.982
56.28000 295.887
56.29000 294.205
56.30000 291.747
56.31000 287.779
56.32000 283.772
56.33000 281.479
56.34000 261.924
56.35000 248.216
56.36000 242.845
56.37000 244.812
56.38000 246.713
56.39000 244.493
56.40000 239.823
56.41000 235.297
56.42000 232.115
56.43000 229.627
56.44000 226.920
56.45000 221.706
56.46000 215.778
56.47000 209.494
56.48000 200.731
56.49000 191.493
56.50000 183.765
56.51000 191.032
56.52000 198.603
56.53000 203.176
56.54000 198.434
56.55000 193.025
56.56000 188.416
56.57000 185.530
56.58000 182.702
56.59000 181.007
56.60000 175.167
56.61000 170.993
56.62000 171.332
56.63000 176.131
56.64000 180.877
56.65000 180.543
56.66000 176.855
56.67000 173.256
56.68000 175.296
56.69000 179.700
56.70000 183.491
56.71000 179.014
56.72000 171.932
56.73000 165.276
56.74000 161.983
56.75000 159.411
56.76000 157.217
56.77000 158.906
56.78000 160.785
56.79000 161.990
56.80000 160.876
56.81000 159.566
56.82000 158.395
56.83000 157.554
56.84000 156.727
56.85000 156.210
56.86000 162.375
56.87000 166.895
56.88000 165.920
56.89000 158.849
56.90000 151.803
56.91000 150.018
56.92000 152.095
56.93000 154.136
56.94000 153.767
56.95000 152.241
56.96000 150.804
56.97000 150.786
56.98000 151.263
56.99000 151.601
57.00000 150.671
57.01000 149.439
57.02000 148.369
57.03000 151.545
57.04000 154.825
57.05000 156.782
57.06000 153.683
57.07000 150.087
57.08000 147.095
57.09000 145.692
57.10000 144.372
57.11000 143.513
57.12000 146.408
57.13000 148.587
57.14000 149.611
57.15000 149.200
57.16000 148.788
57.17000 149.655
57.18000 151.569
57.19000 153.459
57.20000 155.499
57.21000 157.567
57.22000 159.647
57.23000 161.961
57.24000 164.366
57.25000 166.194
57.26000 162.007
57.27000 156.221
57.28000 151.109
57.29000 151.242
57.30000 152.164
57.31000 152.537
57.32000 150.577
57.33000 148.355
57.34000 146.903
57.35000 147.697
57.36000 148.633
57.37000 149.266
57.38000 149.854
57.39000 150.292
57.40000 150.413
57.41000 150.098
57.42000 149.781
57.43000 149.524
57.44000 149.322
57.45000 149.123
57.46000 148.908
57.47000 148.688
57.48000 148.484
57.49000 148.654
57.50000 148.985
57.51000 149.209
57.52000 148.147
57.53000 146.706
57.54000 145.413
57.55000 144.275
57.56000 143.306
57.57000 143.277
57.58000 147.698
57.59000 152.693
57.60000 154.688
57.61000 147.012
57.62000 138.603
57.63000 132.731
57.64000 141.354
57.65000 148.271
57.66000 152.199
57.67000 151.530
57.68000 150.810
57.69000 152.007
57.70000 155.179
57.71000 158.335
57.72000 158.240
57.73000 155.944
57.74000 153.606
57.75000 150.004
57.76000 145.806
57.77000 141.775
57.78000 140.148
57.79000 139.306
57.80000 138.540
57.81000 138.845
57.82000 139.326
57.83000 139.599
57.84000 138.762
57.85000 137.763
57.86000 136.792
57.87000 135.922
57.88000 135.061
57.89000 134.440
57.90000 138.044
57.91000 140.956
57.92000 143.445
57.93000 145.214
57.94000 146.970
57.95000 148.022
57.96000 148.258
57.97000 148.492
57.98000 147.663
57.99000 146.032
58.00000 144.390
58.01000 142.330
58.02000 140.050
58.03000 137.969
58.04000 139.288
58.05000 141.837
58.06000 144.187
58.07000 143.039
58.08000 141.233
58.09000 139.448
58.10000 137.791
58.11000 136.155
58.12000 134.944
58.13000 135.421
58.14000 136.072
58.15000 136.555
58.16000 138.506
58.17000 140.086
58.18000 142.256
58.19000 145.542
58.20000 148.853
58.21000 148.430
58.22000 143.185
58.23000 137.925
58.24000 137.003
58.25000 139.772
58.26000 142.503
58.27000 143.055
58.28000 142.348
58.29000 141.736
58.30000 143.103
58.31000 145.262
58.32000 147.277
58.33000 144.961
58.34000 141.778
58.35000 139.101
58.36000 139.820
58.37000 141.171
58.38000 141.640
58.39000 138.218
58.40000 134.335
58.41000 131.371
58.42000 132.448
58.43000 133.514
58.44000 136.266
58.45000 142.544
58.46000 148.934
58.47000 151.334
58.48000 148.000
58.49000 144.620
58.50000 143.582
58.51000 144.781
58.52000 145.985
58.53000 147.615
58.54000 149.517
58.55000 151.238
58.56000 148.194
58.57000 143.043
58.58000 138.181
58.59000 139.358
58.60000 142.132
58.61000 144.473
58.62000 143.523
58.63000 141.889
58.64000 140.360
58.65000 139.345
58.66000 138.400
58.67000 137.660
58.68000 138.118
58.69000 138.560
58.70000 138.314
58.71000 136.472
58.72000 134.566
58.73000 134.396
58.74000 137.000
58.75000 139.639
58.76000 141.006
58.77000 138.506
58.78000 136.838
58.79000 138.056
58.80000 141.328
58.81000 144.365
58.82000 139.460
58.83000 130.672
58.84000 122.294
58.85000 126.983
58.86000 135.436
58.87000 143.324
58.88000 146.296
58.89000 148.127
58.90000 149.602
58.91000 149.108
58.92000 148.312
58.93000 147.674
58.94000 140.809
58.95000 134.777
58.96000 130.799
58.97000 132.076
58.98000 133.615
58.99000 135.285
59.00000 137.187
59.01000 139.093
59.02000 140.135
59.03000 136.771
59.04000 134.456
59.05000 133.141
59.06000 132.620
59.07000 132.126
59.08000 132.869
59.09000 134.282
59.10000 135.641
59.11000 134.575
59.12000 132.723
59.13000 131.365
59.14000 134.941
59.15000 139.790
59.16000 143.361
59.17000 138.997
59.18000 133.264
59.19000 128.561
59.20000 128.929
59.21000 129.682
59.22000 129.899
59.23000 128.596
59.24000 127.201
59.25000 127.222
59.26000 130.018
59.27000 132.887
59.28000 134.534
59.29000 136.067
59.30000 137.137
59.31000 137.311
59.32000 136.690
59.33000 136.126
59.34000 139.206
59.35000 144.471
59.36000 149.576
59.37000 145.986
59.38000 139.169
59.39000 132.764
59.40000 131.146
59.41000 130.899
59.42000 130.919
59.43000 132.812
59.44000 135.066
59.45000 136.955
59.46000 137.621
59.47000 138.048
59.48000 137.900
59.49000 135.952
59.50000 133.873
59.51000 132.797
59.52000 133.894
59.53000 135.066
59.54000 135.770
59.55000 136.780
59.56000 137.500
59.57000 136.324
59.58000 133.260
59.59000 130.218
59.60000 129.401
59.61000 130.063
59.62000 130.710
59.63000 131.605
59.64000 132.571
59.65000 133.298
59.66000 130.776
59.67000 127.223
59.68000 123.987
59.69000 123.273
59.70000 123.104
59.71000 122.961
59.72000 128.469
59.73000 133.782
59.74000 137.382
59.75000 135.039
59.76000 132.190
59.77000 131.019
59.78000 133.874
59.79000 136.904
59.80000 138.805
59.81000 136.588
59.82000 134.942
59.83000 135.461
59.84000 138.402
59.85000 141.331
59.86000 141.564
59.87000 139.803
59.88000 138.072
59.89000 136.893
59.90000 136.023
59.91000 135.203
59.92000 135.188
59.93000 135.456
59.94000 135.569
59.95000 134.257
59.96000 132.602
59.97000 131.163
59.98000 139.513
59.99000 147.972
60.00000 154.063
60.01000 151.033
60.02000 147.100
60.03000 143.951
60.04000 142.876
60.05000 141.912
60.06000 141.284
60.07000 137.323
60.08000 134.364
60.09000 133.832
60.10000 136.335
60.11000 138.840
60.12000 137.799
60.13000 133.831
60.14000 129.912
60.15000 129.918
60.16000 132.071
60.17000 134.178
60.18000 135.379
60.19000 136.229
60.20000 137.177
60.21000 139.159
60.22000 141.418
60.23000 143.416
60.24000 139.635
60.25000 135.470
60.26000 132.849
60.27000 136.845
60.28000 141.594
60.29000 144.440
60.30000 141.703
60.31000 138.605
60.32000 136.508
60.33000 138.947
60.34000 140.861
60.35000 140.801
60.36000 137.986
60.37000 135.153
60.38000 133.469
60.39000 132.848
60.40000 132.232
60.41000 133.659
60.42000 136.309
60.43000 138.841
60.44000 138.499
60.45000 136.922
60.46000 135.342
60.47000 133.709
60.48000 132.060
60.49000 130.580
60.50000 131.479
60.51000 132.685
60.52000 134.682
60.53000 140.453
60.54000 146.716
60.55000 150.749
60.56000 147.542
60.57000 143.778
60.58000 141.143
60.59000 134.640
60.60000 129.613
60.61000 126.730
60.62000 127.172
60.63000 127.651
60.64000 129.464
60.65000 132.662
60.66000 135.845
60.67000 136.428
60.68000 135.229
60.69000 134.045
60.70000 133.373
60.71000 132.944
60.72000 132.508
60.73000 131.991
60.74000 131.447
60.75000 130.951
60.76000 132.232
60.77000 133.719
60.78000 134.653
60.79000 132.624
60.80000 130.158
60.81000 128.985
60.82000 132.465
60.83000 136.364
60.84000 139.181
60.85000 133.732
60.86000 129.255
60.87000 126.502
60.88000 126.713
60.89000 126.975
60.90000 129.393
60.91000 134.324
60.92000 139.246
60.93000 138.766
60.94000 134.158
60.95000 129.688
60.96000 130.955
60.97000 135.236
60.98000 139.229
60.99000 138.205
61.00000 135.354
61.01000 132.723
61.02000 134.065
61.03000 136.160
61.04000 138.156
61.05000 139.552
61.06000 140.848
61.07000 141.942
61.08000 142.228
61.09000 142.430
61.10000 142.580
61.11000 138.889
61.12000 135.845
61.13000 135.508
61.14000 140.322
61.15000 145.261
61.16000 145.968
61.17000 141.169
61.18000 136.350
61.19000 133.843
61.20000 133.324
61.21000 132.843
61.22000 134.637
61.23000 137.754
61.24000 140.855
61.25000 143.613
61.26000 146.232
61.27000 148.679
61.28000 149.289
61.29000 149.380
61.30000 149.106
61.31000 146.363
61.32000 143.158
61.33000 141.026
61.34000 143.675
61.35000 146.895
61.36000 149.358
61.37000 150.181
61.38000 150.742
61.39000 149.239
61.40000 143.388
61.41000 137.398
61.42000 135.852
61.43000 140.742
61.44000 145.685
61.45000 149.755
61.46000 152.982
61.47000 156.228
61.48000 161.045
61.49000 166.877
61.50000 172.915
61.51000 184.446
61.52000 198.422
61.53000 211.623
61.54000 224.710
61.55000 236.689
61.56000 249.004
61.57000 263.899
61.58000 279.334
61.59000 294.504
61.60000 308.355
61.61000 322.026
61.62000 332.753
61.63000 348.294
61.64000 361.036
61.65000 369.555
61.66000 368.233
61.67000 366.509
61.68000 368.014
61.69000 374.715
61.70000 381.486
61.71000 385.006
61.72000 370.872
61.73000 361.354
61.74000 356.804
61.75000 355.822
61.76000 354.502
61.77000 341.608
61.78000 323.014
61.79000 305.276
61.80000 282.645
61.81000 260.089
61.82000 238.418
61.83000 224.505
61.84000 212.406
61.85000 199.850
61.86000 184.746
61.87000 169.248
61.88000 156.795
61.89000 154.061
61.90000 152.592
61.91000 153.321
61.92000 159.712
61.93000 166.390
61.94000 168.593
61.95000 162.815
61.96000 156.880
61.97000 153.625
61.98000 153.770
61.99000 153.878
62.00000 155.147
62.01000 157.344
62.02000 159.460
62.03000 157.855
62.04000 154.221
62.05000 150.723
62.06000 150.328
62.07000 151.057
62.08000 151.828
62.09000 153.021
62.10000 154.324
62.11000 154.757
62.12000 149.739
62.13000 143.774
62.14000 138.872
62.15000 140.407
62.16000 142.247
62.17000 144.026
62.18000 145.633
62.19000 147.230
62.20000 148.056
62.21000 147.364
62.22000 146.630
62.23000 146.208
62.24000 142.983
62.25000 140.715
62.26000 140.117
62.27000 141.012
62.28000 141.904
62.29000 142.643
62.30000 143.288
62.31000 143.915
62.32000 144.111
62.33000 144.128
62.34000 144.107
62.35000 143.647
62.36000 143.059
62.37000 142.231
62.38000 139.690
62.39000 136.816
62.40000 134.405
62.41000 139.109
62.42000 143.767
62.43000 146.880
62.44000 145.120
62.45000 143.003
62.46000 141.298
62.47000 140.493
62.48000 139.720
62.49000 139.254
62.50000 144.528
62.51000 148.323
62.52000 149.729
62.53000 148.736
62.54000 147.760
62.55000 148.587
62.56000 150.622
62.57000 152.610
62.58000 152.264
62.59000 150.901
62.60000 149.648
62.61000 149.921
62.62000 150.683
62.63000 151.600
62.64000 153.770
62.65000 156.214
62.66000 158.304
62.67000 156.706
62.68000 154.914
62.69000 153.192
62.70000 151.711
62.71000 150.251
62.72000 148.694
62.73000 146.904
62.74000 145.104
62.75000 143.971
62.76000 140.150
62.77000 137.355
62.78000 136.719
62.79000 138.517
62.80000 140.311
62.81000 140.980
62.82000 140.810
62.83000 140.643
62.84000 141.894
62.85000 143.804
62.86000 145.710
62.87000 147.558
62.88000 149.385
62.89000 151.193
62.90000 152.828
62.91000 154.420
62.92000 155.806
62.93000 149.984
62.94000 144.019
62.95000 139.719
62.96000 141.877
62.97000 144.680
62.98000 147.438
62.99000 150.075
63.00000 152.704
63.01000 154.424
63.02000 152.984
63.03000 151.874
63.04000 149.495
63.05000 145.516
63.06000 141.540
63.07000 141.390
63.08000 144.425
63.09000 147.423
63.10000 150.834
63.11000 154.386
63.12000 157.705
63.13000 156.349
63.14000 153.164
63.15000 150.797
63.16000 157.146
63.17000 165.848
63.18000 173.551
63.19000 167.557
63.20000 160.224
63.21000 154.426
63.22000 155.246
63.23000 156.828
63.24000 158.026
63.25000 158.090
63.26000 158.080
63.27000 158.072
63.28000 158.125
63.29000 158.165
63.30000 156.165
63.31000 151.298
63.32000 146.411
63.33000 143.532
63.34000 142.523
63.35000 141.523
63.36000 142.678
63.37000 145.141
63.38000 147.476
63.39000 146.633
63.40000 144.415
63.41000 142.691
63.42000 147.113
63.43000 153.374
63.44000 159.003
63.45000 158.541
63.46000 157.054
63.47000 155.912
63.48000 156.434
63.49000 157.174
63.50000 156.433
63.51000 150.845
63.52000 144.880
63.53000 140.696
63.54000 147.059
63.55000 152.181
63.56000 156.629
63.57000 160.025
63.58000 163.410
63.59000 162.525
63.60000 157.167
63.61000 151.834
63.62000 151.030
63.63000 153.353
63.64000 155.491
63.65000 151.743
63.66000 145.180
63.67000 139.138
63.68000 140.752
63.69000 144.904
63.70000 148.691
63.71000 154.967
63.72000 161.031
63.73000 166.415
63.74000 168.136
63.75000 169.311
63.76000 169.262
63.77000 164.771
63.78000 159.876
63.79000 156.333
63.80000 159.734
63.81000 162.600
63.82000 163.590
63.83000 161.333
63.84000 159.018
63.85000 156.319
63.86000 153.170
63.87000 150.027
63.88000 151.171
63.89000 155.614
63.90000 160.052
63.91000 164.301
63.92000 168.451
63.93000 172.271
63.94000 170.270
63.95000 166.134
63.96000 162.313
63.97000 161.919
63.98000 162.342
63.99000 162.438
64.00000 160.556
64.01000 158.340
64.02000 156.844
64.03000 158.244
64.04000 159.949
64.05000 161.221
64.06000 163.959
64.07000 166.157
64.08000 167.013
64.09000 165.293
64.10000 163.508
64.11000 162.845
64.12000 163.651
64.13000 164.463
64.14000 164.584
64.15000 164.110
64.16000 163.680
64.17000 165.953
64.18000 169.811
64.19000 173.484
64.20000 173.160
64.21000 171.215
64.22000 169.397
64.23000 168.385
64.24000 167.671
64.25000 167.172
64.26000 168.147
64.27000 169.399
64.28000 171.213
64.29000 175.542
64.30000 180.176
64.31000 183.726
64.32000 177.579
64.33000 172.191
64.34000 168.788
64.35000 169.598
64.36000 170.545
64.37000 170.447
64.38000 168.823
64.39000 167.186
64.40000 167.460
64.41000 169.591
64.42000 171.696
64.43000 171.486
64.44000 169.771
64.45000 168.062
64.46000 166.520
64.47000 165.051
64.48000 163.663
64.49000 169.149
64.50000 176.147
64.51000 182.132
64.52000 180.251
64.53000 176.708
64.54000 173.971
64.55000 175.266
64.56000 177.117
64.57000 178.571
64.58000 179.403
64.59000 180.028
64.60000 181.249
64.61000 183.866
64.62000 186.541
64.63000 188.010
64.64000 187.524
64.65000 187.012
64.66000 186.745
64.67000 186.323
64.68000 186.036
64.69000 185.404
64.70000 184.523
64.71000 183.621
64.72000 182.029
64.73000 180.093
64.74000 178.245
64.75000 177.596
64.76000 177.375
64.77000 177.849
64.78000 184.489
64.79000 192.581
64.80000 199.030
64.81000 196.263
64.82000 192.061
64.83000 188.678
64.84000 191.527
64.85000 194.324
64.86000 196.021
64.87000 194.866
64.88000 193.564
64.89000 193.309
64.90000 194.936
64.91000 196.600
64.92000 197.516
64.93000 198.098
64.94000 198.495
64.95000 197.730
64.96000 196.028
64.97000 194.392
64.98000 195.889
64.99000 199.105
65.00000 202.203
65.01000 202.830
65.02000 202.536
65.03000 202.462
65.04000 204.640
65.05000 207.408
65.06000 210.263
65.07000 213.666
65.08000 217.165
65.09000 220.044
65.10000 229.007
65.11000 236.929
65.12000 241.066
65.13000 234.337
65.14000 226.931
65.15000 224.373
65.16000 231.459
65.17000 238.809
65.18000 243.059
65.19000 246.865
65.20000 249.531
65.21000 253.200
65.22000 257.773
65.23000 262.343
65.24000 266.703
65.25000 270.936
65.26000 275.044
65.27000 277.630
65.28000 279.477
65.29000 281.441
65.30000 284.804
65.31000 288.573
65.32000 292.759
65.33000 299.921
65.34000 307.669
65.35000 314.177
65.36000 318.366
65.37000 321.611
65.38000 327.153
65.39000 339.996
65.40000 353.379
65.41000 364.864
65.42000 372.170
65.43000 379.327
65.44000 383.656
65.45000 373.114
65.46000 365.492
65.47000 367.300
65.48000 378.660
65.49000 389.995
65.50000 398.486
65.51000 405.057
65.52000 411.479
65.53000 422.021
65.54000 433.958
65.55000 445.201
65.56000 446.735
65.57000 445.142
65.58000 444.761
65.59000 454.235
65.60000 465.874
65.61000 475.841
65.62000 487.563
65.63000 497.669
65.64000 511.928
65.65000 540.807
65.66000 570.959
65.67000 602.462
65.68000 637.253
65.69000 672.193
65.70000 694.232
65.71000 783.097
65.72000 848.218
65.73000 915.362
65.74000 984.805
65.75000 1054.251
65.76000 1123.923
65.77000 1193.764
65.78000 1262.439
65.79000 1326.750
65.80000 1386.784
65.81000 1446.193
65.82000 1495.152
65.83000 1540.388
65.84000 1582.153
65.85000 1591.581
65.86000 1593.097
65.87000 1594.418
65.88000 1589.959
65.89000 1585.344
65.90000 1576.238
65.91000 1549.573
65.92000 1521.135
65.93000 1484.040
65.94000 1423.666
65.95000 1362.007
65.96000 1321.572
65.97000 1189.418
65.98000 1090.705
65.99000 996.307
66.00000 907.394
66.01000 818.517
66.02000 739.191
66.03000 667.876
66.04000 597.397
66.05000 548.790
66.06000 513.521
66.07000 478.946
66.08000 458.462
66.09000 443.532
66.10000 428.533
66.11000 412.782
66.12000 396.827
66.13000 382.685
66.14000 376.676
66.15000 372.760
66.16000 369.677
66.17000 370.211
66.18000 371.166
66.19000 373.953
66.20000 382.190
66.21000 390.789
66.22000 396.635
66.23000 396.481
66.24000 396.230
66.25000 399.604
66.26000 408.111
66.27000 416.655
66.28000 425.843
66.29000 435.635
66.30000 445.353
66.31000 462.906
66.32000 485.023
66.33000 507.000
66.34000 525.415
66.35000 542.279
66.36000 558.316
66.37000 563.940
66.38000 566.425
66.39000 568.662
66.40000 557.311
66.41000 544.924
66.42000 536.669
66.43000 548.465
66.44000 562.922
66.45000 574.275
66.46000 575.405
66.47000 575.730
66.48000 575.959
66.49000 547.055
66.50000 524.297
66.51000 505.934
66.52000 494.483
66.53000 483.117
66.54000 473.327
66.55000 465.202
66.56000 457.114
66.57000 441.363
66.58000 420.460
66.59000 399.920
66.60000 391.206
66.61000 388.190
66.62000 384.905
66.63000 377.622
66.64000 369.004
66.65000 361.137
66.66000 364.294
66.67000 369.328
66.68000 372.179
66.69000 363.173
66.70000 352.385
66.71000 345.031
66.72000 350.231
66.73000 356.585
66.74000 361.195
66.75000 364.141
66.76000 366.343
66.77000 369.950
66.78000 376.006
66.79000 382.108
66.80000 384.207
66.81000 381.568
66.82000 378.927
66.83000 376.985
66.84000 375.598
66.85000 374.294
66.86000 376.615
66.87000 380.870
66.88000 384.818
66.89000 383.274
66.90000 379.702
66.91000 376.398
66.92000 374.135
66.93000 372.340
66.94000 372.325
66.95000 383.181
66.96000 395.880
66.97000 405.381
66.98000 401.897
66.99000 397.033
67.00000 393.400
67.01000 396.870
67.02000 399.902
67.03000 404.364
67.04000 411.590
67.05000 418.886
67.06000 418.600
67.07000 408.294
67.08000 397.947
67.09000 396.595
67.10000 403.086
67.11000 409.594
67.12000 417.147
67.13000 425.319
67.14000 433.273
67.15000 436.434
67.16000 437.637
67.17000 438.764
67.18000 429.747
67.19000 418.954
67.20000 411.058
67.21000 423.144
67.22000 439.034
67.23000 450.071
67.24000 439.162
67.25000 425.577
67.26000 415.149
67.27000 439.452
67.28000 460.601
67.29000 471.836
67.30000 461.885
67.31000 451.228
67.32000 450.208
67.33000 463.358
67.34000 476.635
67.35000 478.970
67.36000 470.588
67.37000 462.349
67.38000 467.529
67.39000 481.503
67.40000 495.249
67.41000 502.716
67.42000 507.347
67.43000 511.728
67.44000 500.840
67.45000 486.441
67.46000 474.535
67.47000 482.151
67.48000 493.923
67.49000 503.861
67.50000 504.536
67.51000 503.925
67.52000 503.445
67.53000 504.924
67.54000 506.240
67.55000 509.314
67.56000 516.547
67.57000 523.955
67.58000 529.363
67.59000 531.507
67.60000 533.604
67.61000 534.703
67.62000 543.058
67.63000 548.686
67.64000 548.868
67.65000 545.080
67.66000 541.422
67.67000 542.406
67.68000 545.708
67.69000 548.863
67.70000 551.267
67.71000 553.260
67.72000 554.975
67.73000 554.205
67.74000 552.846
67.75000 552.798
67.76000 560.176
67.77000 568.720
67.78000 575.608
67.79000 573.167
67.80000 570.449
67.81000 568.375
67.82000 567.980
67.83000 567.674
67.84000 573.887
67.85000 591.900
67.86000 610.155
67.87000 620.243
67.88000 603.238
67.89000 591.502
67.90000 595.969
67.91000 613.600
67.92000 630.879
67.93000 631.015
67.94000 621.669
67.95000 612.663
67.96000 607.158
67.97000 603.243
67.98000 600.588
67.99000 610.940
68.00000 624.723
68.01000 637.276
68.02000 641.991
68.03000 645.320
68.04000 648.064
68.05000 660.560
68.06000 671.742
68.07000 679.761
68.08000 678.640
68.09000 676.943
68.10000 676.718
68.11000 679.444
68.12000 682.252
68.13000 683.881
68.14000 696.509
68.15000 705.415
68.16000 710.275
68.17000 711.457
68.18000 712.575
68.19000 709.235
68.20000 703.161
68.21000 697.262
68.22000 707.111
68.23000 722.795
68.24000 737.571
68.25000 741.423
68.26000 742.076
68.27000 743.739
68.28000 752.684
68.29000 763.072
68.30000 771.812
68.31000 774.983
68.32000 777.034
68.33000 782.002
68.34000 796.300
68.35000 811.299
68.36000 823.940
68.37000 831.353
68.38000 838.577
68.39000 842.960
68.40000 857.162
68.41000 867.370
68.42000 876.049
68.43000 883.166
68.44000 890.338
68.45000 903.844
68.46000 921.659
68.47000 939.080
68.48000 960.356
68.49000 982.489
68.50000 1003.870
68.51000 1014.583
68.52000 1021.836
68.53000 1031.831
68.54000 1064.333
68.55000 1101.817
68.56000 1133.962
68.57000 1176.710
68.58000 1214.121
68.59000 1254.910
68.60000 1307.679
68.61000 1361.502
68.62000 1419.193
68.63000 1486.359
68.64000 1553.958
68.65000 1596.722
68.66000 1699.867
68.67000 1775.359
68.68000 1854.964
68.69000 1939.285
68.70000 2023.597
68.71000 2105.026
68.72000 2184.272
68.73000 2262.224
68.74000 2350.021
68.75000 2439.930
68.76000 2531.984
68.77000 2660.393
68.78000 2801.851
68.79000 2942.368
68.80000 3074.028
68.81000 3203.505
68.82000 3316.530
68.83000 3561.053
68.84000 3788.720
68.85000 4051.367
68.86000 4451.792
68.87000 4866.283
68.88000 5375.731
68.89000 6142.418
68.90000 6923.500
68.91000 7437.101
68.92000 10052.054
68.93000 12013.017
68.94000 14923.824
68.95000 19051.365
68.96000 23185.746
68.97000 28659.033
68.98000 35264.324
68.99000 41794.262
69.00000 49114.211
69.01000 56701.453
69.02000 64219.355
69.03000 70305.430
69.04000 75823.133
69.05000 81154.016
69.06000 84450.172
69.07000 87189.078
69.08000 89619.625
69.09000 90779.609
69.10000 91581.891
69.11000 92392.875
69.12000 93242.039
69.13000 94095.688
69.14000 94969.148
69.15000 95902.000
69.16000 96838.844
69.17000 97477.406
69.18000 97076.844
69.19000 96753.508
69.20000 95175.711
69.21000 91808.094
69.22000 88426.750
69.23000 84169.523
69.24000 79082.453
69.25000 74032.898
69.26000 69498.875
69.27000 65362.102
69.28000 61260.348
69.29000 58060.211
69.30000 55255.793
69.31000 52523.551
69.32000 50710.344
69.33000 49176.254
69.34000 47794.004
69.35000 46344.266
69.36000 45060.137
69.37000 43612.563
69.38000 41365.512
69.39000 39011.445
69.40000 36372.387
69.41000 32787.293
69.42000 29126.949
69.43000 26547.172
69.44000 21934.072
69.45000 18374.496
69.46000 15251.805
69.47000 12821.609
69.48000 10400.134
69.49000 8479.487
69.50000 7092.308
69.51000 5711.111
69.52000 4761.958
69.53000 4124.664
69.54000 3494.553
69.55000 3102.169
69.56000 2825.175
69.57000 2553.436
69.58000 2360.955
69.59000 2195.130
69.60000 2043.607
69.61000 1932.349
69.62000 1841.765
69.63000 1756.506
69.64000 1700.418
69.65000 1648.755
69.66000 1593.968
69.67000 1527.679
69.68000 1460.321
69.69000 1411.345
69.70000 1365.724
69.71000 1330.752
69.72000 1297.502
69.73000 1267.278
69.74000 1237.111
69.75000 1213.843
69.76000 1198.808
69.77000 1183.818
69.78000 1161.661
69.79000 1133.999
69.80000 1106.515
69.81000 1086.952
69.82000 1071.643
69.83000 1055.759
69.84000 1029.444
69.85000 999.248
69.86000 971.299
69.87000 954.232
69.88000 941.395
69.89000 928.645
69.90000 916.427
69.91000 904.301
69.92000 893.567
69.93000 888.530
69.94000 884.104
69.95000 880.792
69.96000 863.545
69.97000 849.437
69.98000 842.421
69.99000 849.206
70.00000 856.346
